,index,Rk,Gtm,Date,Unnamed: 3,Opp,Rslt,PA,AB,R,H,2B,3B,HR,RBI,BB,IBB,SO,HBP,SH,SF,ROE,GDP,SB,CS,BA,OBP,SLG,OPS,LOB,#,Thr,Opp. Starter (GmeSc)
0,0,1,1,Mar 31,@,CIN,"W,4-2",35,33,4,5,0,0,3,4,2,0,9,0,0,0,1,0,0,0,0.152,0.2,0.424,0.624,4,13,R,A.Harang(60)
1,1,2,2,Apr 2,@,CIN,"L,5-6",40,31,5,8,3,0,1,4,5,0,8,0,2,2,1,0,2,0,0.203,0.274,0.438,0.711,8,14,R,B.Arroyo(49)
2,2,3,3,Apr 3,@,CIN,"L,2-3",31,27,2,1,0,0,1,2,3,0,12,0,0,1,0,0,0,0,0.154,0.231,0.352,0.582,2,15,R,J.Cueto(81)
3,3,4,4,Apr 4,@,COL,"W,8-1",46,41,8,13,4,0,2,8,5,0,7,0,0,0,2,1,1,0,0.205,0.28,0.417,0.697,11,12,L,M.Redman(34)
4,4,5,5,Apr 5,@,COL,"W,7-2",47,42,7,15,2,0,3,5,4,0,10,0,1,0,1,0,1,0,0.241,0.311,0.466,0.777,13,13,L,J.Francis(31)
5,5,6,6,Apr 6,@,COL,"W,5-2",44,38,5,9,0,0,2,5,5,0,5,0,1,0,0,0,0,0,0.241,0.314,0.453,0.767,9,16,L,F.Morales(67)
6,6,7,7,Apr 7,,LAD,"W,9-3",38,35,9,12,1,1,4,9,3,1,4,0,0,0,0,1,0,0,0.255,0.325,0.498,0.823,5,15,R,E.Loaiza(39)
7,7,8,8,Apr 8,,LAD,"W,10-5",46,34,10,12,2,2,1,10,6,0,9,4,1,1,1,1,0,0,0.267,0.348,0.512,0.86,12,16,R,C.Billingsley(27)
8,8,9,9,Apr 9,,LAD,"W,4-3",38,34,4,11,1,0,0,4,3,1,6,1,0,0,1,0,0,1,0.273,0.353,0.495,0.848,10,13,R,H.Kuroda(41)
9,9,10,10,Apr 11,,COL,"W,8-2",37,31,8,10,2,0,3,8,4,0,4,0,1,1,0,1,1,0,0.277,0.356,0.512,0.868,5,11,L,J.Francis(24)
10,10,11,11,Apr 12,,COL,"W,10-3",41,31,10,9,5,0,1,10,6,1,4,1,0,3,1,0,2,0,0.279,0.359,0.515,0.874,7,15,L,F.Morales(17)
11,11,12,12,Apr 13,,COL,"L,5-13",43,37,5,12,4,1,0,5,6,0,4,0,0,0,0,0,0,0,0.283,0.365,0.512,0.877,11,17,R,A.Cook(45)
12,12,13,13,Apr 14,@,SFG,"L,4-5",38,33,4,7,1,0,1,4,4,0,6,0,1,0,0,0,0,0,0.277,0.36,0.499,0.859,7,16,L,J.Sanchez(42)
13,13,14,14,Apr 15,@,SFG,"W,8-2",41,36,8,10,4,1,2,8,4,0,11,0,0,1,0,0,0,0,0.277,0.358,0.507,0.866,6,13,R,K.Correia(45)
14,14,15,15,Apr 16,@,SFG,"W,4-1",36,30,4,6,1,0,0,4,6,0,2,0,0,0,0,2,0,0,0.273,0.357,0.491,0.848,5,11,L,B.Zito(45)
15,15,16,16,Apr 18,,SDP,"W,9-0",40,36,9,14,2,2,1,9,3,1,4,0,0,1,0,1,0,0,0.281,0.361,0.501,0.862,7,14,R,G.Maddux(16)
16,16,17,17,Apr 19,,SDP,"W,10-3",40,32,10,9,4,0,0,8,7,1,5,0,0,1,1,0,3,0,0.281,0.364,0.496,0.859,6,14,R,C.Young(59)
17,17,18,18,Apr 20,,SDP,"L,4-9",36,34,4,8,3,0,0,4,1,0,8,0,0,1,0,0,0,0,0.278,0.358,0.486,0.844,5,15,L,R.Wolf(51)
18,18,19,19,Apr 21,,SFG,"W,4-2",36,34,4,11,4,0,3,4,2,0,3,0,0,0,1,1,0,1,0.28,0.358,0.498,0.856,8,13,R,K.Correia(44)
19,19,20,20,Apr 22,,SFG,"W,5-4",33,30,5,6,2,1,0,5,3,0,7,0,0,0,0,0,0,0,0.277,0.354,0.49,0.845,4,13,L,B.Zito(28)
20,20,21,21,Apr 23,@,LAD,"L,3-8",41,36,3,10,3,0,1,3,5,0,7,0,0,0,0,0,1,0,0.277,0.355,0.488,0.843,11,16,R,D.Lowe(58)
21,21,22,22,Apr 24,@,LAD,"W,6-4",38,33,6,7,2,0,1,5,3,1,15,1,0,1,0,0,0,0,0.274,0.352,0.483,0.835,5,16,R,C.Billingsley(50)
22,22,23,23,Apr 25,@,SDP,"W,5-1",39,35,5,9,1,0,1,5,1,0,9,2,1,0,0,0,1,0,0.273,0.35,0.478,0.828,7,13,L,R.Wolf(31)
23,23,24,24,Apr 26,@,SDP,"L,7-8",56,49,7,12,3,1,1,7,4,0,12,1,2,0,1,1,1,0,0.272,0.348,0.474,0.822,10,18,R,J.Germano(34)
24,24,25,25,Apr 27,@,SDP,"W,2-1",33,30,2,4,0,0,1,2,3,0,9,0,0,0,0,1,0,0,0.267,0.344,0.465,0.809,4,13,R,J.Peavy(67)
25,25,26,26,Apr 28,,HOU,"W,5-3",35,28,5,7,3,0,0,5,5,0,7,1,1,0,0,2,1,0,0.266,0.345,0.462,0.807,6,11,R,C.Sampson(27)
26,26,27,27,Apr 29,,HOU,"L,4-6",36,32,4,7,1,1,1,4,4,0,9,0,0,0,0,2,0,0,0.265,0.344,0.46,0.804,5,15,R,J.Cassel(44)
27,27,28,28,Apr 30,,HOU,"W,8-7",38,37,8,13,6,0,2,8,1,0,11,0,0,0,0,0,0,0,0.268,0.345,0.468,0.813,6,17,R,S.Chacon(39)
28,29,29,29,May 2,,NYM,"L,2-7",38,35,2,7,3,0,0,2,3,0,8,0,0,0,1,0,0,0,0.266,0.342,0.462,0.804,9,16,R,J.Maine(56)
29,30,30,30,May 3,,NYM,"W,10-4",45,34,10,15,2,0,0,9,6,0,5,2,2,1,0,1,1,0,0.271,0.349,0.463,0.812,11,15,R,M.Pelfrey(26)
30,31,31,31,May 4,,NYM,"L,2-5",41,36,2,10,1,1,0,2,5,2,12,0,0,0,0,0,0,0,0.272,0.35,0.46,0.809,12,16,L,J.Santana(60)
31,32,32,32,May 5,,PHI,"L,4-11",37,37,4,11,0,1,1,3,0,0,5,0,0,0,0,1,0,0,0.272,0.348,0.459,0.807,6,16,L,J.Moyer(62)
32,33,33,33,May 6,,PHI,"W,6-4",34,30,6,7,2,0,1,6,3,0,2,1,0,0,0,0,0,1,0.271,0.347,0.457,0.804,4,14,R,A.Eaton(26)
33,34,34,34,May 7,,PHI,"L,4-5",41,38,4,13,3,1,1,4,2,0,6,1,0,0,1,1,1,1,0.274,0.349,0.46,0.809,10,15,R,K.Kendrick(41)
34,35,35,35,May 8,,PHI,"W,8-3",37,33,8,10,1,1,2,8,3,1,7,0,0,1,0,1,1,0,0.275,0.349,0.463,0.812,5,9,R,B.Myers(25)
35,36,36,36,May 9,@,CHC,"L,1-3",32,30,1,4,0,1,1,1,2,0,12,0,0,0,0,0,1,0,0.271,0.345,0.459,0.804,4,11,L,T.Lilly(75)
36,37,37,37,May 10,@,CHC,"L,2-7",36,31,2,4,0,0,0,2,4,0,10,1,0,0,0,0,0,0,0.268,0.343,0.451,0.794,7,14,R,R.Dempster(62)
37,38,38,38,May 11,@,CHC,"L,4-6",37,29,4,5,2,1,0,4,6,1,8,1,1,0,0,1,0,0,0.265,0.342,0.448,0.791,6,13,R,S.Gallagher(40)
38,39,39,39,May 13,,COL,"W,8-4",39,37,8,15,1,1,1,8,2,0,6,0,0,0,0,2,0,0,0.269,0.345,0.451,0.796,7,16,L,J.Francis(9)
39,40,40,40,May 14,,COL,"W,4-3",33,29,4,7,2,0,0,3,4,1,11,0,0,0,0,2,0,0,0.269,0.345,0.448,0.793,5,14,L,J.De La Rosa(37)
40,41,41,41,May 15,,COL,"W,8-5",41,35,8,13,4,2,1,8,6,1,10,0,0,0,1,3,1,0,0.271,0.348,0.454,0.802,9,14,R,A.Cook(29)
41,42,42,42,May 16,,DET,"W,4-3",33,27,4,5,0,0,1,3,5,0,6,0,1,0,1,1,0,1,0.27,0.347,0.451,0.798,5,12,R,J.Bonderman(55)
42,43,43,43,May 17,,DET,"L,2-3",35,27,2,3,0,0,0,2,6,0,3,1,0,1,0,2,0,0,0.267,0.346,0.445,0.791,6,15,R,A.Galarraga(60)
43,44,44,44,May 18,,DET,"W,4-0",36,31,4,8,3,0,0,3,5,1,7,0,0,0,0,0,1,1,0.267,0.346,0.443,0.789,8,12,L,N.Robertson(40)
44,45,45,45,May 20,@,FLA,"L,2-3",37,31,2,6,2,0,1,2,5,0,13,0,0,1,0,0,0,1,0.265,0.345,0.441,0.786,8,12,L,M.Hendrickson(61)
45,46,46,46,May 21,@,FLA,"L,1-3",34,31,1,4,1,0,1,1,3,0,11,0,0,0,0,0,0,0,0.262,0.342,0.438,0.78,6,11,R,R.Nolasco(72)
46,47,47,47,May 22,@,FLA,"L,0-4",36,33,0,7,1,0,0,0,2,0,11,0,1,0,0,0,0,0,0.261,0.341,0.434,0.774,9,12,L,A.Miller(75)
47,48,48,48,May 23,@,ATL,"W,11-1",41,34,11,9,1,0,5,10,4,0,6,1,2,0,1,1,0,0,0.261,0.341,0.44,0.781,3,14,L,J.Reyes(26)
48,49,49,49,May 24,@,ATL,"L,1-3",35,30,1,3,0,0,0,1,4,0,8,0,1,0,1,1,0,0,0.258,0.339,0.434,0.772,7,13,R,J.Campillo(61)
49,50,50,50,May 25,@,ATL,"W,9-3",47,34,9,9,4,1,2,9,11,2,7,0,0,2,0,0,1,0,0.259,0.341,0.437,0.778,11,15,L,T.Glavine(26)
50,51,51,51,May 26,@,ATL,"L,3-7",38,35,3,10,3,0,1,3,2,0,6,0,1,0,0,1,0,0,0.259,0.34,0.438,0.778,8,13,R,J.Jurrjens(38)
51,52,52,52,May 27,,SFG,"L,3-6",37,34,3,7,3,0,0,2,3,0,9,0,0,0,0,0,0,0,0.258,0.339,0.435,0.774,7,14,R,T.Lincecum(58)
52,53,53,53,May 28,,SFG,"L,3-11",39,33,3,8,1,0,1,3,4,0,10,2,0,0,0,0,0,0,0.258,0.339,0.434,0.773,9,17,L,J.Sanchez(55)
53,54,54,54,May 29,,SFG,"L,3-4",36,32,3,8,1,1,1,3,3,0,9,0,1,0,0,2,0,0,0.258,0.339,0.434,0.773,6,14,L,B.Zito(50)
54,55,55,55,May 30,,WSN,"L,4-7",37,31,4,6,0,0,2,4,5,0,5,0,0,1,0,1,1,0,0.257,0.338,0.433,0.771,6,12,R,T.Redding(44)
55,56,56,56,May 31,,WSN,"W,4-0",30,30,4,7,0,0,4,4,0,0,8,0,0,0,0,1,0,0,0.256,0.337,0.436,0.773,2,9,R,J.Bergmann(60)
56,58,57,57,Jun 1,,WSN,"W,5-0",35,31,5,8,2,0,2,4,4,0,8,0,0,0,0,1,1,0,0.256,0.337,0.438,0.774,6,12,R,S.Hill(30)
57,59,58,58,Jun 2,@,MIL,"L,3-4",37,33,3,8,1,0,1,3,3,0,8,0,1,0,1,0,0,1,0.256,0.336,0.436,0.773,7,13,R,J.Suppan(55)
58,60,59,59,Jun 3,@,MIL,"L,1-7",32,31,1,6,2,0,0,1,1,0,6,0,0,0,0,1,0,0,0.255,0.335,0.433,0.768,4,12,R,S.McClung(60)
59,61,60,60,Jun 4,@,MIL,"L,1-10",35,33,1,6,0,0,0,1,2,0,13,0,0,0,0,0,0,0,0.254,0.333,0.429,0.762,7,16,L,M.Parra(71)
60,62,61,61,Jun 6,@,PIT,"W,3-1",38,32,3,6,2,1,0,3,4,0,10,1,0,1,0,0,0,0,0.253,0.332,0.427,0.76,8,12,R,I.Snell(57)
61,63,62,62,Jun 7,@,PIT,"W,4-3",37,32,4,6,3,0,1,4,3,0,1,0,1,1,2,1,0,0,0.252,0.331,0.427,0.758,6,12,L,T.Gorzelanny(53)
62,64,63,63,Jun 8,@,PIT,"L,4-6",39,34,4,7,1,0,2,3,5,0,6,0,0,0,0,0,1,0,0.251,0.331,0.426,0.757,8,15,L,P.Dumatrait(54)
63,65,64,64,Jun 9,@,PIT,"L,3-5",38,34,3,7,3,0,2,3,4,0,8,0,0,0,0,0,0,0,0.25,0.33,0.427,0.757,8,15,L,Z.Duke(57)
64,66,65,65,Jun 10,@,NYM,"W,9-5",43,38,9,12,1,0,4,9,4,0,11,1,0,0,0,0,0,1,0.251,0.331,0.431,0.762,7,16,R,J.Maine(49)
65,67,66,66,Jun 11,@,NYM,"L,3-5",49,45,3,10,2,0,1,3,3,0,15,0,1,0,0,2,0,0,0.251,0.33,0.429,0.759,7,18,R,M.Pelfrey(74)
66,68,67,67,Jun 12,@,NYM,"W,5-4",45,35,5,8,3,1,0,5,7,0,11,1,1,1,0,0,0,1,0.25,0.331,0.428,0.759,10,17,L,J.Santana(78)
67,69,68,68,Jun 13,,KCR,"W,1-0",41,32,1,5,0,0,1,1,8,1,7,0,1,0,0,0,0,0,0.249,0.33,0.426,0.756,12,13,R,Z.Greinke(69)
68,70,69,69,Jun 14,,KCR,"L,3-12",37,37,3,10,2,0,0,3,0,0,7,0,0,0,1,1,0,0,0.249,0.33,0.424,0.754,7,15,R,L.Hochevar(53)
69,71,70,70,Jun 15,,KCR,"L,3-8",33,32,3,5,1,1,0,2,1,0,12,0,0,0,0,0,0,0,0.248,0.328,0.422,0.75,3,13,R,G.Meche(67)
70,72,71,71,Jun 17,,OAK,"L,1-15",32,32,1,5,1,0,0,1,0,0,8,0,0,0,0,0,1,0,0.247,0.326,0.419,0.744,4,17,R,J.Duchscherer(74)
71,73,72,72,Jun 18,,OAK,"W,11-1",41,38,11,15,5,0,2,11,3,1,5,0,0,0,0,1,0,0,0.249,0.327,0.423,0.75,6,13,R,J.Blanton(11)
72,74,73,73,Jun 19,,OAK,"W,2-1",32,24,2,5,1,0,1,2,5,0,8,0,2,1,0,0,0,2,0.249,0.328,0.422,0.75,6,15,L,G.Smith(58)
73,75,74,74,Jun 20,@,MIN,"L,2-7",36,35,2,8,2,0,1,2,1,0,11,0,0,0,0,0,0,0,0.249,0.327,0.422,0.748,7,9,R,S.Baker(60)
74,76,75,75,Jun 21,@,MIN,"L,1-6",30,29,1,4,1,0,0,1,1,0,3,0,0,0,0,2,0,0,0.247,0.325,0.419,0.744,2,10,R,N.Blackburn(70)
75,77,76,76,Jun 22,@,MIN,"L,3-5",34,33,3,9,0,0,0,1,1,0,6,0,0,0,1,2,0,1,0.248,0.324,0.417,0.741,4,9,R,L.Hernández(55)
76,78,77,77,Jun 23,@,BOS,"W,2-1",37,32,2,6,3,0,0,2,4,1,10,0,1,0,0,0,0,0,0.247,0.324,0.415,0.739,8,10,R,J.Beckett(70)
77,79,78,78,Jun 24,@,BOS,"L,4-5",39,33,4,7,0,0,1,4,6,1,7,0,0,0,0,1,1,0,0.246,0.324,0.414,0.738,8,9,R,J.Masterson(42)
78,80,79,79,Jun 25,@,BOS,"L,0-5",32,29,0,3,1,0,0,0,3,0,10,0,0,0,0,0,0,1,0.245,0.323,0.411,0.733,5,9,R,T.Wakefield(78)
79,81,80,80,Jun 27,@,FLA,"L,1-3",33,30,1,6,1,0,0,1,1,0,10,0,1,1,0,1,1,0,0.244,0.321,0.409,0.73,5,14,R,R.Nolasco(74)
80,82,81,81,Jun 28,@,FLA,"W,6-2",38,34,6,10,4,1,0,6,3,0,5,0,1,0,1,1,0,0,0.245,0.322,0.409,0.731,5,14,L,A.Miller(42)
81,83,82,82,Jun 29,@,FLA,"L,3-4",36,32,3,7,2,0,1,3,3,1,5,0,1,0,0,1,0,0,0.245,0.321,0.409,0.73,6,12,L,S.Olsen(57)
82,84,83,83,Jun 30,,MIL,"W,6-3",37,33,6,11,5,1,1,5,3,1,4,1,0,0,0,1,0,1,0.246,0.322,0.412,0.734,7,16,R,D.Bush(30)
83,86,84,84,Jul 1,,MIL,"L,6-8",39,35,6,11,0,0,1,6,2,0,1,1,1,0,0,1,0,0,0.247,0.323,0.412,0.735,6,15,R,J.Suppan(27)
84,87,85,85,Jul 2,,MIL,"L,3-4",42,35,3,12,2,0,1,3,3,0,8,2,2,0,1,1,0,0,0.248,0.324,0.413,0.737,12,16,R,S.McClung(49)
85,88,86,86,Jul 3,,MIL,"W,6-5",40,35,6,11,2,0,0,6,5,0,7,0,0,0,1,1,0,0,0.249,0.325,0.412,0.737,10,14,L,M.Parra(65)
86,89,87,87,Jul 4,,SDP,"L,1-5",32,31,1,5,2,0,0,1,1,0,11,0,0,0,0,0,1,0,0.248,0.324,0.41,0.734,4,15,R,C.Baek(74)
87,90,88,88,Jul 5,,SDP,"L,2-4",36,34,2,7,4,0,1,2,2,0,7,0,0,0,0,0,1,0,0.247,0.323,0.41,0.733,7,12,R,J.Peavy(75)
88,91,89,89,Jul 6,,SDP,"W,3-2",33,30,3,8,0,0,2,3,1,0,6,1,1,0,0,1,0,0,0.247,0.323,0.411,0.734,6,13,R,J.Banks(47)
89,92,90,90,Jul 8,@,WSN,"W,2-0",35,30,2,4,1,0,0,1,5,1,7,0,0,0,1,1,0,1,0.246,0.322,0.408,0.73,6,13,L,O.Perez(55)
90,93,91,91,Jul 9,@,WSN,"L,0-5",29,26,0,3,0,0,0,0,3,0,3,0,0,0,0,3,0,0,0.245,0.321,0.406,0.727,2,13,L,J.Lannan(65)
91,94,92,92,Jul 10,@,WSN,"W,7-5",51,44,7,14,4,0,0,7,4,1,6,1,2,0,0,0,0,0,0.246,0.322,0.406,0.728,11,13,R,J.Bergmann(59)
92,95,93,93,Jul 11,@,PHI,"L,5-6",50,48,5,13,5,0,0,5,1,0,11,0,1,0,0,0,2,0,0.247,0.322,0.405,0.727,9,17,R,K.Kendrick(43)
93,96,94,94,Jul 12,@,PHI,"W,10-4",43,38,10,12,2,0,1,10,4,1,9,1,0,0,0,1,0,0,0.247,0.323,0.406,0.728,6,11,R,A.Eaton(16)
94,97,95,95,Jul 13,@,PHI,"L,3-6",40,39,3,14,1,0,1,3,1,0,11,0,0,0,0,0,0,0,0.249,0.323,0.406,0.73,10,12,L,C.Hamels(54)
95,98,96,96,Jul 18,,LAD,"L,7-8",51,47,7,15,2,1,0,5,4,0,9,0,0,0,0,1,0,0,0.25,0.324,0.406,0.73,11,20,R,H.Kuroda(18)
96,99,97,97,Jul 19,,LAD,"W,3-2",34,31,3,8,4,0,1,3,3,0,6,0,0,0,0,2,0,0,0.25,0.324,0.407,0.731,7,13,R,C.Billingsley(45)
97,100,98,98,Jul 20,,LAD,"L,5-6",38,33,5,8,0,2,0,5,4,0,12,0,1,0,0,0,1,0,0.25,0.324,0.407,0.731,6,14,R,D.Lowe(41)
98,101,99,99,Jul 21,,CHC,"W,2-0",29,26,2,2,0,1,1,2,3,0,10,0,0,0,0,0,0,0,0.248,0.323,0.406,0.728,3,12,R,R.Harden(79)
99,102,100,100,Jul 22,,CHC,"W,9-2",42,34,9,10,4,0,2,7,5,1,4,2,1,0,1,0,0,0,0.249,0.324,0.407,0.731,9,17,R,J.Marquis(51)
100,103,101,101,Jul 23,,CHC,"L,6-10",40,35,6,10,4,1,2,6,4,0,11,0,1,0,0,0,3,1,0.249,0.324,0.41,0.734,7,16,L,T.Lilly(51)
101,104,102,102,Jul 25,@,SFG,"W,10-2",42,37,10,11,5,0,3,10,5,0,11,0,0,0,0,1,2,0,0.25,0.325,0.413,0.737,5,13,L,J.Sanchez(22)
102,105,103,103,Jul 26,@,SFG,"W,5-3",36,33,5,10,2,1,0,5,0,0,15,0,1,2,1,0,0,0,0.25,0.324,0.413,0.737,4,12,R,T.Lincecum(68)
103,106,104,104,Jul 27,@,SFG,"W,7-2",43,34,7,10,2,0,2,7,9,1,6,0,0,0,0,2,0,0,0.251,0.326,0.414,0.739,9,13,L,B.Zito(30)
104,107,105,105,Jul 28,@,SDP,"L,5-8",42,39,5,12,2,0,1,4,2,0,8,0,0,1,2,1,0,0,0.251,0.326,0.414,0.74,10,15,R,G.Maddux(37)
105,108,106,106,Jul 29,@,SDP,"W,3-0",41,35,3,9,0,0,0,3,4,0,12,0,2,0,2,0,3,0,0.251,0.326,0.413,0.738,11,11,R,C.Young(69)
106,109,107,107,Jul 30,@,SDP,"W,7-3",40,38,7,13,5,0,2,6,2,0,8,0,0,0,0,3,0,0,0.252,0.326,0.415,0.741,6,12,R,C.Baek(33)
107,110,108,108,Jul 31,@,LAD,"W,2-1",34,34,2,8,3,0,0,2,0,0,10,0,0,0,0,0,0,0,0.252,0.325,0.414,0.739,5,10,R,D.Lowe(58)
108,112,109,109,Aug 1,@,LAD,"W,2-1",36,33,2,7,2,1,1,2,2,0,5,0,1,0,0,0,0,0,0.252,0.325,0.414,0.739,7,14,L,C.Kershaw(66)
109,113,110,110,Aug 2,@,LAD,"L,2-4",34,33,2,5,0,0,1,2,1,0,8,0,0,0,1,0,0,0,0.251,0.324,0.413,0.736,5,14,R,H.Kuroda(72)
110,114,111,111,Aug 3,@,LAD,"L,3-9",37,34,3,8,1,0,1,3,3,0,6,0,0,0,0,1,1,0,0.251,0.323,0.412,0.735,7,15,R,J.Johnson(41)
111,115,112,112,Aug 4,,PIT,"W,13-7",47,36,13,18,3,1,1,11,10,0,4,0,1,0,0,3,2,1,0.253,0.327,0.415,0.742,10,14,R,Y.Herrera(31)
112,116,113,113,Aug 5,,PIT,"W,3-1",32,30,3,6,3,0,1,3,1,0,6,1,0,0,0,0,0,0,0.253,0.326,0.415,0.741,5,10,L,Z.Duke(66)
113,117,114,114,Aug 6,,PIT,"L,0-2",29,28,0,2,1,0,0,0,1,0,4,0,0,0,0,1,0,0,0.251,0.324,0.413,0.737,2,13,R,J.Karstens(86)
114,118,115,115,Aug 7,,ATL,"L,4-6",36,34,4,8,0,1,1,4,1,0,5,1,0,0,0,1,0,0,0.251,0.324,0.412,0.736,5,18,R,C.Morton(70)
115,119,116,116,Aug 8,,ATL,"L,6-11",37,34,6,10,4,1,1,6,0,0,11,1,0,2,0,1,0,0,0.252,0.324,0.414,0.737,4,16,R,J.Campillo(42)
116,120,117,117,Aug 9,,ATL,"L,4-11",39,35,4,8,3,1,0,4,3,0,9,0,0,1,1,0,1,0,0.251,0.323,0.413,0.737,8,15,R,J.Jurrjens(48)
117,121,118,118,Aug 10,,ATL,"W,6-1",33,30,6,6,2,0,1,6,3,1,9,0,0,0,1,1,2,0,0.251,0.323,0.413,0.736,3,13,L,M.Hampton(29)
118,122,119,119,Aug 12,@,COL,"W,4-2",44,37,4,12,4,0,1,4,6,1,8,0,1,0,0,1,0,0,0.252,0.324,0.414,0.738,13,14,R,U.Jimenez(36)
119,123,120,120,Aug 13,@,COL,"L,5-6",40,35,5,10,3,0,1,5,5,1,5,0,0,0,0,0,0,0,0.252,0.324,0.414,0.739,8,14,L,J.Francis(48)
120,124,121,121,Aug 14,@,COL,"W,6-2",40,37,6,11,2,0,2,6,3,1,8,0,0,0,0,1,0,0,0.252,0.325,0.415,0.74,7,11,L,G.Rusch(36)
121,125,122,122,Aug 15,@,HOU,"W,12-2",48,39,12,14,5,0,3,12,8,2,12,0,1,0,0,0,0,1,0.253,0.326,0.418,0.744,9,12,L,W.Rodriguez(33)
122,126,123,123,Aug 16,@,HOU,"W,11-5",46,37,11,12,2,0,3,11,8,0,10,1,0,0,0,1,1,0,0.254,0.327,0.42,0.747,8,14,R,B.Backe(8)
123,127,124,124,Aug 17,@,HOU,"L,0-3",29,26,0,2,0,0,0,0,2,0,10,0,1,0,0,0,0,0,0.253,0.326,0.418,0.744,2,11,R,R.Oswalt(88)
124,128,125,125,Aug 19,,SDP,"W,7-6",41,29,7,7,1,0,1,7,10,2,7,0,0,2,0,0,1,0,0.253,0.327,0.417,0.745,10,14,R,J.Banks(26)
125,129,126,126,Aug 20,,SDP,"W,8-6",38,30,8,6,2,0,2,8,8,0,6,0,0,0,0,0,0,0,0.253,0.327,0.418,0.745,6,15,R,J.Peavy(33)
126,130,127,127,Aug 21,,SDP,"W,4-1",35,30,4,7,3,0,0,4,4,1,8,0,0,1,0,0,0,0,0.252,0.327,0.417,0.745,7,12,R,C.Reineke(51)
127,131,128,128,Aug 22,,FLA,"L,4-5",39,34,4,10,2,0,0,4,2,1,9,2,0,1,0,1,0,0,0.253,0.328,0.417,0.744,8,15,R,A.Sanchez(47)
128,132,129,129,Aug 23,,FLA,"W,7-1",40,36,7,12,3,0,2,7,2,1,4,1,0,1,1,0,0,0,0.253,0.328,0.418,0.746,9,14,R,C.Volstad(39)
129,133,130,130,Aug 24,,FLA,"L,2-5",33,31,2,4,2,0,1,2,2,0,13,0,0,0,0,0,0,0,0.253,0.327,0.417,0.744,4,13,R,R.Nolasco(73)
130,134,131,131,Aug 25,@,SDP,"L,2-4",35,32,2,5,1,0,0,2,3,1,7,0,0,0,0,0,2,0,0.252,0.326,0.415,0.742,6,11,R,J.Peavy(61)
131,135,132,132,Aug 26,@,SDP,"L,2-9",35,27,2,3,0,0,1,2,7,0,8,0,1,0,0,2,0,0,0.251,0.326,0.414,0.74,6,14,R,C.Reineke(55)
132,136,133,133,Aug 27,@,SDP,"L,4-5",37,34,4,9,1,1,0,4,2,1,9,0,0,1,0,0,0,0,0.251,0.326,0.414,0.74,6,12,R,C.Baek(51)
133,137,134,134,Aug 29,,LAD,"W,9-3",42,35,9,10,3,0,0,8,6,1,8,0,0,1,2,0,0,0,0.251,0.326,0.413,0.74,9,17,R,H.Kuroda(50)
134,138,135,135,Aug 30,,LAD,"L,2-6",36,34,2,10,3,1,0,2,2,0,11,0,0,0,0,3,0,0,0.252,0.326,0.414,0.74,7,14,R,C.Billingsley(55)
135,139,136,136,Aug 31,,LAD,"L,1-8",31,29,1,5,0,0,1,1,1,0,9,0,1,0,0,1,0,1,0.251,0.326,0.413,0.738,3,15,R,D.Lowe(65)
136,141,137,137,Sep 1,,STL,"W,8-6",38,32,8,12,2,1,4,7,4,0,5,0,1,1,0,2,0,0,0.252,0.326,0.416,0.742,6,18,R,J.Pineiro(40)
137,142,138,138,Sep 2,,STL,"L,2-8",37,34,2,7,2,1,0,2,3,0,11,0,0,0,0,0,0,0,0.252,0.326,0.415,0.741,8,18,R,A.Wainwright(63)
138,143,139,139,Sep 3,,STL,"W,4-3",40,34,4,10,3,1,0,3,5,0,9,1,0,0,0,1,0,0,0.252,0.327,0.416,0.742,11,15,R,K.Lohse(67)
139,144,140,140,Sep 5,@,LAD,"L,0-7",31,29,0,2,0,0,0,0,2,0,6,0,0,0,0,0,1,0,0.251,0.325,0.413,0.739,4,18,R,D.Lowe(80)
140,145,141,141,Sep 6,@,LAD,"L,2-7",35,31,2,6,0,0,0,2,2,0,13,1,1,0,0,1,0,0,0.25,0.325,0.412,0.737,6,16,R,C.Billingsley(73)
141,146,142,142,Sep 7,@,LAD,"L,3-5",40,36,3,10,5,0,2,3,4,0,11,0,0,0,0,0,1,1,0.251,0.325,0.413,0.738,10,19,L,C.Kershaw(41)
142,147,143,143,Sep 8,@,SFG,"L,2-6",34,32,2,7,2,0,0,1,2,0,10,0,0,0,0,2,0,0,0.25,0.325,0.412,0.737,5,16,R,T.Lincecum(70)
143,148,144,144,Sep 9,@,SFG,"L,4-5",37,33,4,7,1,0,1,4,3,1,11,0,0,1,0,0,0,0,0.25,0.324,0.412,0.736,6,16,L,B.Zito(60)
144,149,145,145,Sep 10,@,SFG,"L,3-4",39,32,3,6,0,1,1,3,5,0,4,0,2,0,1,0,1,0,0.25,0.324,0.411,0.736,9,18,R,B.Hennessey(60)
145,150,146,146,Sep 12,,CIN,"W,3-2",33,29,3,5,1,1,0,2,4,1,7,0,0,0,0,0,2,0,0.249,0.324,0.411,0.735,6,14,R,A.Harang(70)
146,151,147,147,Sep 13,,CIN,"L,2-3",45,31,2,7,3,0,0,2,9,2,13,2,3,0,0,1,0,1,0.249,0.325,0.41,0.735,13,18,R,E.Volquez(56)
147,152,148,148,Sep 14,,CIN,"L,1-2",48,38,1,10,2,0,1,1,10,1,8,0,0,0,0,2,0,0,0.249,0.326,0.41,0.735,17,17,R,J.Cueto(53)
148,153,149,149,Sep 15,,SFG,"W,3-1",32,30,3,8,1,0,2,3,0,0,2,1,1,0,0,0,0,1,0.249,0.325,0.41,0.736,5,14,R,B.Hennessey(56)
149,154,150,150,Sep 16,,SFG,"W,2-0",30,30,2,7,1,0,2,2,0,0,8,0,0,0,0,1,0,0,0.249,0.325,0.411,0.736,4,10,R,M.Cain(62)
150,155,151,151,Sep 17,,SFG,"W,7-6",40,33,7,10,3,0,2,7,6,0,9,0,0,1,0,0,0,0,0.25,0.325,0.412,0.737,9,13,L,J.Sanchez(26)
151,156,152,152,Sep 18,,SFG,"W,3-2",32,29,3,7,3,1,0,3,0,0,6,1,2,0,0,0,1,0,0.25,0.325,0.412,0.737,5,13,R,T.Lincecum(62)
152,157,153,153,Sep 19,@,COL,"L,2-3",38,32,2,7,0,0,2,2,4,0,11,1,1,0,0,0,0,0,0.249,0.325,0.412,0.737,9,15,L,J.De La Rosa(65)
153,158,154,154,Sep 20,@,COL,"W,5-3",38,31,5,6,2,0,1,3,6,1,7,0,1,0,1,2,1,0,0.249,0.325,0.411,0.737,6,16,R,A.Cook(54)
154,159,155,155,Sep 21,@,COL,"W,13-4",51,45,13,19,4,1,2,12,5,1,11,0,0,1,1,1,0,0,0.251,0.326,0.414,0.74,11,16,R,G.Reynolds(15)
155,160,156,156,Sep 22,@,STL,"W,4-2",41,33,4,10,4,0,1,4,6,0,8,0,2,0,0,1,0,0,0.251,0.327,0.415,0.741,10,14,R,T.Wellemeyer(45)
156,161,157,157,Sep 23,@,STL,"L,4-7",37,34,4,8,1,0,2,4,2,1,5,0,0,1,0,0,1,0,0.251,0.327,0.415,0.741,6,14,R,K.Lohse(48)
157,162,158,158,Sep 24,@,STL,"L,2-4",40,34,2,8,3,0,0,1,5,0,6,1,0,0,0,1,0,0,0.251,0.327,0.414,0.741,11,16,R,A.Wainwright(47)
158,163,159,159,Sep 25,@,STL,"L,3-12",35,31,3,4,1,0,1,3,4,0,8,0,0,0,0,0,0,0,0.25,0.326,0.413,0.739,5,19,R,J.Pineiro(64)
159,164,160,160,Sep 26,,COL,"W,6-4",38,34,6,10,4,1,2,6,4,1,7,0,0,0,0,0,0,0,0.25,0.326,0.415,0.741,8,15,R,J.Hirsh(43)
160,165,161,161,Sep 27,,COL,"W,6-4",38,32,6,11,3,0,1,6,3,0,8,1,2,0,0,1,0,0,0.251,0.327,0.415,0.742,8,16,L,G.Rusch(42)
161,166,162,162,Sep 28,,COL,"W,2-1",38,31,2,6,1,0,1,2,7,0,12,0,0,0,0,0,0,0,0.251,0.327,0.415,0.742,10,11,R,U.Jimenez(77)
