,index,Rk,Gtm,Date,Unnamed: 3,Opp,Rslt,IP,H,R,ER,UER,BB,SO,HR,HBP,ERA,BF,Pit,Str,IR,IS,SB,CS,AB,2B,3B,IBB,SH,SF,ROE,GDP,#,Umpire,Pitchers Used (Rest-GameScore-Dec)
0,0,1,1,Apr 2,,KCR,"W,7-3",9.0,7,3,3,0,2,5,1,0,3.0,36,127,82,2.0,1.0,1,0,34,1,0,0,0,0,1,1,3,Tim Welke,"R.Clemens (99-61-W), T.Williams (99), M.Rivera (99)"
1,1,2,2,Apr 4,,KCR,"W,8-2",9.0,8,2,1,1,1,7,1,0,2.0,34,154,101,0.0,0.0,0,0,33,0,0,0,0,0,0,1,3,Charlie Williams,"A.Pettitte (99-66-W), B.Boehringer (99), T.Williams (1)"
2,2,3,3,Apr 5,,KCR,"W,1-0",9.0,5,0,0,0,0,3,0,0,1.33,32,109,71,1.0,0.0,0,0,32,1,0,0,0,0,0,0,2,Gary Cederstrom,"M.Mussina (99-72-W), M.Rivera (2-Sv)"
3,3,4,4,Apr 6,,TOR,"L,4-13",9.0,16,13,13,0,3,6,3,1,4.25,45,139,89,3.0,3.0,2,0,41,2,0,0,0,0,0,2,4,Jim Reynolds,"C.Parker (99-15-L), C.Almanzar (99), R.Choate (99), T.Williams (1)"
4,4,5,5,Apr 7,,TOR,"L,2-3",9.0,7,3,3,0,8,8,2,0,4.0,42,186,106,3.0,0.0,1,0,34,2,0,2,0,0,0,0,4,Richard Shulock,"O.Hernandez (99-41-L), B.Boehringer (2), M.Stanton (99), T.Williams (0)"
5,5,6,6,Apr 8,,TOR,"W,16-5",9.0,9,5,5,0,3,7,0,1,4.17,39,137,88,2.0,0.0,0,0,35,0,0,0,0,0,0,0,3,Mike Everitt,"R.Clemens (5-41-W), R.Choate (1), C.Almanzar (1)"
6,6,7,7,Apr 9,@,KCR,"W,13-4",9.0,12,4,3,1,0,5,1,0,4.0,39,115,82,3.0,1.0,0,0,39,1,0,0,0,0,1,1,2,Laz Diaz,"A.Pettitte (4-50-W), C.Almanzar (0)"
7,7,8,8,Apr 10,@,KCR,"W,9-5",9.0,8,5,5,0,0,12,1,0,4.12,34,128,95,0.0,0.0,0,1,34,3,0,0,0,0,0,0,3,Dan Iassogna,"M.Mussina (4-50), R.Mendoza (99-W), M.Rivera (4)"
8,8,9,9,Apr 11,@,KCR,"W,8-5",9.0,10,5,4,1,6,13,2,2,4.11,47,195,116,2.0,0.0,2,0,39,1,1,0,0,0,2,0,5,Rick Reed,"R.Keisler (99-42), B.Boehringer (3), T.Williams (3-W), M.Stanton (3-H), M.Rivera (0-Sv)"
9,9,10,10,Apr 13,@,BOS,"L,2-3",9.2,8,3,2,1,2,8,0,1,3.87,40,156,100,0.0,0.0,0,0,37,1,0,0,0,0,0,0,4,Mark Carlson,"O.Hernandez (5-56), R.Mendoza (2), M.Stanton (1), M.Rivera (1-BL)"
10,10,11,11,Apr 14,@,BOS,"W,3-2",9.0,6,2,2,0,4,8,0,0,3.7,36,139,91,0.0,0.0,0,0,32,1,0,0,0,0,0,1,3,Tim Tschida,"R.Clemens (5-55), M.Stanton (0-W), M.Rivera (0-Sv)"
11,11,12,12,Apr 15,@,BOS,"L,4-5",8.0,15,5,5,0,3,3,0,2,3.85,43,142,84,5.0,1.0,0,0,36,3,1,0,1,1,1,1,4,Gerry Davis,"A.Pettitte (5-24-L), T.Williams (3), R.Choate (6), B.Boehringer (3)"
12,12,13,13,Apr 16,@,BOS,"L,1-4",8.0,11,4,4,0,0,6,0,0,3.89,34,121,87,0.0,0.0,0,0,33,2,1,0,1,0,1,2,2,Rich Rieker,"M.Mussina (5-55-L), R.Mendoza (2)"
13,13,14,14,Apr 17,@,TOR,"L,5-6",8.0,10,6,6,0,8,8,2,0,4.08,42,164,95,2.0,1.0,3,0,33,1,0,0,1,0,1,1,4,Bruce Froemming,"R.Keisler (5-35-L), B.Boehringer (1), T.Williams (1), M.Stanton (2)"
14,14,15,15,Apr 18,@,TOR,"L,2-7",8.0,13,7,7,0,2,5,2,1,4.31,37,147,96,1.0,0.0,2,0,34,4,0,0,0,0,0,0,3,Greg Bonin,"O.Hernandez (4-34-L), R.Mendoza (1), R.Choate (2)"
15,15,16,16,Apr 19,@,TOR,"W,6-5",17.0,14,5,5,0,7,19,0,2,4.12,72,288,180,3.0,0.0,1,0,63,3,1,1,0,0,0,2,7,Jerry Meals,"R.Clemens (4-38), T.Williams (1), M.Stanton (1), M.Rivera (4), B.Boehringer (1), R.Choate (0-W), R.Mendoza (0-Sv)"
16,16,17,17,Apr 20,,BOS,"W,6-1",9.0,6,1,1,0,2,7,0,0,3.94,33,112,71,,,0,0,31,4,0,0,0,0,1,2,1,Jim Joyce,A.Pettitte (4-76-W)
17,17,18,18,Apr 21,,BOS,"L,3-8",9.0,9,8,6,2,5,7,2,1,4.05,43,185,110,2.0,0.0,1,0,35,2,0,0,0,2,1,0,4,Terry Craft,"M.Mussina (4-35-L), A.Hernández (99), R.Choate (1), T.Williams (1)"
18,18,19,19,Apr 22,,BOS,"W,4-3",10.0,11,3,3,0,2,16,2,0,3.97,43,172,128,2.0,0.0,0,1,40,1,0,0,1,0,1,0,4,Bill Miller,"T.Lilly (99-60), R.Mendoza (2), M.Stanton (2), M.Rivera (2-W)"
19,19,20,20,Apr 24,,SEA,"L,5-7",9.0,9,7,5,2,3,7,2,0,4.02,38,148,93,1.0,0.0,0,0,35,1,0,1,0,0,1,1,3,Ron Kulpa,"R.Clemens (4-53), M.Stanton (1-L), R.Mendoza (1)"
20,20,21,21,Apr 25,,SEA,"L,5-7",9.0,10,7,3,4,3,6,0,0,3.98,41,161,102,0.0,0.0,0,0,37,1,1,0,0,1,0,0,2,Wally Bell,"A.Pettitte (4-39-L), B.Boehringer (5)"
21,21,22,22,Apr 26,,SEA,"L,3-7",9.0,14,7,5,2,3,10,0,0,4.02,44,158,108,3.0,1.0,1,0,39,4,0,1,0,2,1,1,4,Mark Hirschbeck,"M.Mussina (4-39-L), M.Stanton (1), R.Mendoza (1), T.Williams (4)"
22,22,23,23,Apr 27,,OAK,"W,3-2",9.0,3,2,2,0,7,12,1,0,3.94,37,152,97,0.0,0.0,2,0,30,0,0,0,0,0,0,0,4,Mike Reilly,"O.Hernandez (8-54), R.Choate (5-W), M.Stanton (0-H), M.Rivera (4-Sv)"
23,23,24,24,Apr 28,,OAK,"W,7-6",9.0,4,6,5,1,4,9,2,0,3.98,36,148,91,2.0,1.0,1,0,31,1,0,0,0,1,1,0,4,Jeff Kellogg,"T.Lilly (5-56-W), R.Mendoza (1-H), M.Stanton (0-H), M.Rivera (0-Sv)"
24,24,25,25,Apr 29,,OAK,"W,3-1",9.0,7,1,1,0,2,6,0,0,3.86,37,129,83,3.0,0.0,0,0,35,1,0,0,0,0,1,0,5,CB Bucknor,"R.Clemens (4-69-W), M.Stanton (0-H), T.Williams (2), R.Choate (1-H), M.Rivera (0-Sv)"
25,25,26,26,Apr 30,@,MIN,"L,1-2",8.0,3,2,2,0,1,8,1,0,3.81,29,106,72,,,0,0,28,1,0,0,0,0,1,0,1,Chris Guccione,A.Pettitte (4-75-L)
26,27,27,27,May 1,@,MIN,"W,4-0",9.0,3,0,0,0,0,10,0,0,3.67,29,99,69,,,0,0,29,0,0,0,0,0,0,1,1,Angel Hernandez,M.Mussina (4-91-W)
27,28,28,28,May 2,@,MIN,"L,2-4",8.0,9,4,4,0,2,6,1,1,3.7,35,134,86,3.0,2.0,2,1,32,0,0,0,0,0,0,0,3,Hunter Wendelstedt,"O.Hernandez (4-43-L), M.Stanton (2), B.Boehringer (6)"
28,29,29,29,May 3,@,BAL,"W,7-5",9.0,7,5,5,0,2,8,1,2,3.74,38,139,95,1.0,0.0,2,0,34,1,0,0,0,0,0,0,3,Charlie Reliford,"T.Lilly (4-35), R.Mendoza (4-W), M.Rivera (3-Sv)"
29,30,30,30,May 4,@,BAL,"W,6-5",9.0,10,5,4,1,1,9,1,0,3.75,38,150,99,1.0,0.0,3,0,35,0,0,0,1,1,0,0,3,Kerwin Danley,"R.Clemens (4-38), M.Stanton (1-W), M.Rivera (0-Sv)"
30,31,31,31,May 5,@,BAL,"W,5-2",9.0,6,2,0,2,2,12,0,0,3.63,36,144,95,0.0,0.0,3,1,34,0,0,0,0,0,2,0,2,Greg Gibson,"A.Pettitte (4-67-W), B.Boehringer (2-Sv)"
31,32,32,32,May 6,@,BAL,"W,2-1",9.0,7,1,1,0,3,6,0,0,3.55,33,138,88,0.0,0.0,0,3,30,2,0,0,0,0,1,1,3,Dana DeMuth,"M.Mussina (4-62-W), M.Stanton (1-H), M.Rivera (1-Sv)"
32,33,33,33,May 8,,MIN,"L,0-2",9.0,8,2,2,0,4,7,1,1,3.5,40,150,99,0.0,0.0,3,0,35,3,0,0,0,0,0,0,4,Paul Emmel,"O.Hernandez (5-49-L), R.Choate (8), T.Williams (8), M.Stanton (1)"
33,34,34,34,May 9,,MIN,"W,2-0",9.0,4,0,0,0,2,8,0,1,3.4,32,126,84,0.0,0.0,1,0,29,0,0,0,0,0,0,1,2,Tim McClelland,"R.Clemens (4-81-W), M.Rivera (2-Sv)"
34,35,35,35,May 10,,MIN,"L,4-5",10.0,11,5,4,1,2,13,0,0,3.41,39,136,93,1.0,0.0,2,0,37,3,1,0,0,0,0,3,2,Ed Rapuano,"A.Pettitte (4-57), M.Rivera (0-L)"
35,36,36,36,May 11,,BAL,"W,14-5",9.0,11,5,5,0,0,5,2,0,3.45,35,117,84,0.0,0.0,0,0,35,3,0,0,0,0,0,2,2,Jim Reynolds,"M.Mussina (4-46-W), R.Mendoza (7-Sv)"
36,37,37,37,May 12,,BAL,"W,8-5",9.0,11,5,5,0,1,7,0,0,3.49,38,142,96,1.0,1.0,4,0,37,5,0,0,0,0,0,1,4,Richard Shulock,"T.Lilly (8-33), B.Boehringer (6), M.Stanton (3-W), M.Rivera (1-Sv)"
37,38,38,38,May 13,,BAL,"L,5-10",11.0,14,10,10,0,4,8,3,0,3.64,51,198,125,3.0,0.0,1,0,47,1,0,1,0,0,0,0,4,Mike Everitt,"O.Hernandez (4-50), T.Williams (4), M.Stanton (0), M.Rivera (0-L)"
38,39,39,39,May 15,@,OAK,"L,2-3",11.1,12,3,3,0,6,14,0,0,3.6,51,190,117,1.0,0.0,2,0,41,2,0,2,3,1,0,0,3,Jeff Nelson,"R.Clemens (5-62), M.Stanton (1), R.Mendoza (3-L)"
39,40,40,40,May 16,@,OAK,"L,3-4",9.1,9,4,4,0,1,8,1,1,3.61,38,174,109,0.0,0.0,1,1,36,1,0,0,0,0,0,0,2,Derryl Cousins,"A.Pettitte (5-63), B.Boehringer (3-L)"
40,41,41,41,May 17,@,OAK,"L,3-8",8.0,13,8,7,1,6,5,0,2,3.7,43,171,96,3.0,3.0,1,0,34,3,0,1,0,1,0,0,4,Joe Brinkman,"M.Mussina (5-40-L), M.Stanton (1), T.Williams (3), R.Choate (8)"
41,42,42,42,May 18,@,SEA,"W,14-10",9.0,13,10,5,5,4,7,0,1,3.73,46,165,100,2.0,1.0,5,1,41,3,0,0,0,0,2,0,4,Jerry Meals,"T.Lilly (5-28), R.Mendoza (2-W), B.Boehringer (1), M.Rivera (4)"
42,43,43,43,May 19,@,SEA,"W,2-1",10.0,5,1,1,0,3,9,0,1,3.66,38,152,96,0.0,0.0,1,0,33,1,0,1,1,0,0,0,3,Phil Cuzzi,"O.Hernandez (5-76), M.Stanton (1-W), M.Rivera (0-Sv)"
43,44,44,44,May 20,@,SEA,"L,2-6",8.0,6,6,5,1,5,10,0,0,3.69,36,148,88,0.0,0.0,2,0,31,2,0,0,0,0,1,0,2,Greg Bonin,"R.Clemens (4-47-L), T.Lilly (1)"
44,45,45,45,May 23,,BOS,"W,7-3",9.0,6,3,3,0,3,5,0,0,3.68,33,116,77,1.0,0.0,0,0,28,1,0,0,1,1,0,2,2,Jerry Layne,"A.Pettitte (6-61-W), M.Stanton (3)"
45,46,46,46,May 24,,BOS,"W,2-1",9.0,6,1,1,0,0,13,0,0,3.62,33,115,81,0.0,0.0,0,0,33,2,0,0,0,0,0,0,2,Paul Schrieber,"M.Mussina (6-78-W), M.Rivera (4-Sv)"
46,47,47,47,May 25,@,CLE,"L,4-6",8.0,11,6,6,0,5,7,3,0,3.68,39,155,94,3.0,0.0,0,0,34,1,0,0,0,0,0,0,3,Mark Wegner,"O.Hernandez (5-19-L), B.Boehringer (6), M.Stanton (1)"
47,48,48,48,May 26,@,CLE,"W,12-5",9.0,10,5,5,0,2,10,3,0,3.71,37,148,94,0.0,0.0,0,0,33,4,0,0,1,1,0,0,2,Laz Diaz,"R.Clemens (5-47-W), R.Choate (8)"
48,49,49,49,May 27,@,CLE,"W,6-2",9.0,9,2,2,0,0,9,0,0,3.67,36,141,98,2.0,0.0,0,0,36,1,0,0,0,0,0,0,3,Rick Reed,"T.Lilly (6-58-W), M.Stanton (1-H), M.Rivera (2-Sv)"
49,50,50,50,May 28,@,BOS,"W,4-3",9.0,9,3,3,0,3,8,0,0,3.66,37,133,88,0.0,0.0,0,0,34,1,1,0,0,0,1,3,3,Steve Rippley,"A.Pettitte (4-49-W), M.Stanton (0-H), M.Rivera (0-Sv)"
50,51,51,51,May 30,@,BOS,"L,0-3",8.0,4,3,2,1,3,11,0,0,3.64,31,120,75,,,0,0,27,2,0,0,1,0,1,0,1,Mike Winters,M.Mussina (5-72-L)
51,53,52,52,Jun 1,,CLE,"L,4-7",6.0,10,7,7,0,3,7,2,1,3.72,32,126,74,1.0,1.0,0,0,27,2,0,0,0,1,0,0,2,Randy Marsh,"T.Lilly (4-34-L), B.Boehringer (6)"
52,54,53,53,Jun 2,,CLE,"W,9-4",9.0,12,4,4,0,4,12,3,0,3.73,42,161,108,2.0,0.0,0,0,38,2,0,0,0,0,0,0,3,Angel Hernandez,"R.Clemens (6-41-W), M.Stanton (4-H), M.Rivera (4-Sv)"
53,55,54,54,Jun 3,,CLE,"L,3-4",9.0,10,4,3,1,1,5,1,0,3.72,38,144,100,2.0,2.0,0,0,35,1,0,1,1,1,0,1,2,Hunter Wendelstedt,"A.Pettitte (5-53-L), C.Almanzar (54)"
54,56,55,55,Jun 4,,BOS,"W,7-6",9.0,12,6,6,0,3,12,3,1,3.76,43,150,107,2.0,0.0,0,0,39,3,0,0,0,0,0,0,4,Dan Morrison,"R.Mendoza (16-41), R.Choate (8), M.Stanton (1), M.Rivera (1-BW)"
55,57,56,56,Jun 5,,BAL,"L,3-10",9.0,17,10,10,0,2,12,2,1,3.87,47,181,120,0.0,0.0,1,0,44,3,0,0,0,0,0,0,2,Tim Timmons,"M.Mussina (5-32-L), B.Knight (99)"
56,58,57,57,Jun 6,,BAL,"W,7-4",9.0,9,4,4,0,6,6,3,1,3.87,40,153,98,3.0,1.0,2,2,32,0,0,0,1,0,0,1,4,CB Bucknor,"T.Lilly (4-44), C.Almanzar (2), M.Stanton (1-W), M.Rivera (1-Sv)"
57,59,58,58,Jun 7,,BAL,"W,4-0",9.0,3,0,0,0,2,10,0,0,3.8,32,135,83,0.0,0.0,1,0,30,2,0,0,0,0,1,1,2,Jeff Kellogg,"R.Clemens (4-84-W), M.Rivera (0)"
58,60,59,59,Jun 8,,ATL,"W,7-4",9.0,8,4,4,0,2,6,0,1,3.81,36,141,83,1.0,0.0,0,0,31,2,0,0,0,2,0,1,4,Lance Barksdale,"A.Pettitte (4-65-W), M.Stanton (1), B.Boehringer (6), M.Rivera (0-Sv)"
59,61,60,60,Jun 9,,ATL,"L,6-10",9.0,16,10,10,0,3,5,4,0,3.91,44,146,90,4.0,2.0,1,0,40,1,0,1,0,1,0,1,5,Tim McClelland,"R.Mendoza (4-32), R.Choate (4-L), C.Almanzar (2-BSv), M.Stanton (0), B.Knight (3)"
60,62,61,61,Jun 10,,ATL,"L,1-4",9.0,7,4,3,1,2,4,0,2,3.89,37,131,90,0.0,0.0,1,1,32,1,1,0,0,1,0,0,2,Ed Rapuano,"M.Mussina (4-57-L), C.Almanzar (0)"
61,63,62,62,Jun 12,,MON,"L,1-2",12.0,6,2,2,0,4,13,2,0,3.84,45,176,121,2.0,0.0,2,1,41,3,0,1,0,0,0,0,4,Mark Hirschbeck,"T.Lilly (5-77), M.Stanton (2-H), M.Rivera (3-BSv), R.Mendoza (2-L)"
62,64,63,63,Jun 13,,MON,"W,9-3",9.0,7,3,3,0,1,7,0,0,3.83,34,128,80,0.0,0.0,2,0,33,3,0,0,0,0,0,1,2,Wally Bell,"R.Clemens (5-61-W), R.Choate (3)"
63,65,64,64,Jun 14,,MON,"W,9-6",9.0,7,6,6,0,3,8,1,0,3.86,36,142,89,3.0,2.0,0,1,33,0,0,0,0,0,0,0,4,Marty Foster,"R.Keisler (57-46-W), B.Boehringer (5), M.Stanton (1-H), M.Rivera (1-Sv)"
64,66,65,65,Jun 15,@,NYM,"W,5-4",9.0,7,4,4,0,2,8,2,0,3.87,35,128,83,1.0,1.0,0,0,33,1,0,0,0,0,0,0,4,Dana DeMuth,"A.Pettitte (6-48), R.Mendoza (2-W), M.Stanton (0-H), M.Rivera (0-Sv)"
65,67,66,66,Jun 16,@,NYM,"W,2-1",9.0,7,1,1,0,1,4,1,0,3.82,35,116,80,1.0,0.0,0,0,34,1,0,0,0,0,0,0,3,Mark Wegner,"M.Mussina (5-67-W), M.Stanton (0-H), M.Rivera (0-Sv)"
66,68,67,67,Jun 17,@,NYM,"L,7-8",8.0,6,8,4,4,10,10,1,1,3.83,40,181,99,7.0,4.0,0,1,29,0,0,0,0,0,1,1,4,Laz Diaz,"T.Lilly (4-57), B.Boehringer (2-H), R.Choate (3-H), C.Almanzar (6-BL)"
67,69,68,68,Jun 18,@,DET,"W,10-1",9.0,8,1,0,1,3,8,0,0,3.78,34,122,75,0.0,0.0,0,0,30,3,0,0,0,1,0,3,3,Gerry Davis,"R.Clemens (4-65-W), B.Boehringer (0), C.Almanzar (0)"
68,70,69,69,Jun 19,@,DET,"L,1-7",8.0,14,7,7,0,2,8,2,0,3.83,39,136,83,1.0,1.0,5,1,37,3,1,0,0,0,0,0,3,Rich Rieker,"R.Keisler (4-49-L), R.Mendoza (3), C.Almanzar (0)"
69,71,70,70,Jun 20,@,DET,"L,2-5",8.0,6,5,4,1,5,9,2,0,3.84,34,164,92,3.0,1.0,0,1,29,0,1,1,0,0,2,1,5,Mark Carlson,"A.Hernández (59-50-L), R.Choate (2), R.Mendoza (0), M.Stanton (3), B.Boehringer (1)"
70,72,71,71,Jun 22,@,TBD,"W,6-3",9.0,10,3,3,0,1,7,2,0,3.83,38,159,105,2.0,0.0,1,0,37,0,0,0,0,0,0,0,4,John Hirschbeck,"M.Mussina (5-55-W), R.Mendoza (1-H), M.Stanton (1-H), M.Rivera (5-Sv)"
71,73,72,72,Jun 23,@,TBD,"W,2-1",9.0,6,1,1,0,4,12,0,1,3.79,37,149,86,4.0,0.0,2,0,32,1,1,0,0,0,0,0,4,Bill Welke,"R.Clemens (4-63-W), M.Stanton (0-H), R.Mendoza (0-H), M.Rivera (0-Sv)"
72,74,73,73,Jun 24,@,TBD,"L,4-5",8.0,8,5,5,0,2,10,0,2,3.81,36,140,91,3.0,3.0,0,0,30,4,0,0,0,2,0,0,3,Mike Fichter,"T.Lilly (6-65), B.Boehringer (3), M.Stanton (0-BL)"
73,75,74,74,Jun 25,,CLE,"W,8-7",9.0,10,7,6,1,4,7,0,0,3.84,41,146,84,2.0,2.0,2,0,37,2,0,0,0,0,1,1,4,Derryl Cousins,"R.Keisler (5-37), J.Witasick (2-BW), M.Stanton (0-H), M.Rivera (1-Sv)"
74,76,75,75,Jun 26,,CLE,"L,3-5",9.0,7,5,5,0,6,8,3,0,3.85,38,156,93,2.0,0.0,1,2,32,1,0,0,0,0,0,0,4,Jeff Nelson,"A.Hernández (5-35-L), R.Mendoza (2), R.Choate (5), B.Boehringer (1)"
75,77,76,76,Jun 27,,CLE,"W,15-5",9.0,9,5,4,1,4,8,1,0,3.86,42,162,102,0.0,0.0,0,0,38,0,0,0,0,0,2,0,4,Mike Fichter,"M.Mussina (4-40-W), J.Witasick (1), B.Boehringer (0), R.Choate (0)"
76,78,77,77,Jun 29,,TBD,"W,7-5",9.0,10,5,4,1,1,13,0,0,3.86,37,142,101,2.0,1.0,0,0,36,2,1,0,0,0,0,1,4,Ed Rapuano,"R.Clemens (5-52-W), M.Stanton (3), J.Witasick (1-H), M.Rivera (3-Sv)"
77,79,78,78,Jun 30,,TBD,"W,5-4",9.0,11,4,4,0,2,7,0,0,3.86,42,146,99,1.0,0.0,0,0,39,3,0,1,0,1,2,0,4,Lance Barksdale,"T.Lilly (5-33), R.Mendoza (3), M.Stanton (0-W), M.Rivera (0-Sv)"
78,81,79,79,Jul 1,,TBD,"W,6-1",9.0,6,1,1,0,2,6,0,0,3.82,34,116,75,0.0,0.0,0,0,32,1,0,0,0,0,1,2,3,Tim McClelland,"A.Pettitte (15-68-W), R.Choate (3), M.Wohlers (2)"
79,82,80,80,Jul 2,,TBD,"W,7-1",9.0,9,1,1,0,5,7,1,0,3.79,40,126,78,0.0,0.0,1,0,35,0,0,0,0,0,0,1,3,Jay Klemm,"M.Mussina (4-60-W), M.Stanton (1), R.Choate (0)"
80,83,81,81,Jul 3,@,BAL,"W,10-6",9.0,7,6,6,0,3,4,2,0,3.81,36,128,81,0.0,0.0,2,0,32,1,0,0,0,1,0,1,3,Jeff Kellogg,"R.Keisler (7-33), R.Mendoza (2-W), J.Witasick (3)"
81,84,82,82,Jul 4,@,BAL,"W,4-3",9.0,6,3,3,0,2,9,1,0,3.81,35,120,81,3.0,1.0,0,0,32,0,1,0,0,1,1,1,3,Mike Reilly,"R.Clemens (4-61-W), M.Wohlers (2-H), M.Rivera (3-Sv)"
82,85,83,83,Jul 5,@,BAL,"W,6-3",9.0,8,3,2,1,1,5,0,1,3.78,37,156,106,4.0,0.0,0,0,34,1,0,0,0,1,1,1,5,Tim Timmons,"T.Lilly (4-63-W), J.Witasick (1-H), M.Stanton (2-H), M.Wohlers (0-H), M.Rivera (0-Sv)"
83,86,84,84,Jul 6,,NYM,"W,8-3",9.0,8,3,3,0,1,9,1,0,3.77,35,126,86,2.0,0.0,0,0,33,3,0,0,0,1,0,1,2,Larry Young,"A.Pettitte (4-53-W), R.Mendoza (2-Sv)"
84,87,85,85,Jul 7,,NYM,"L,0-3",10.0,10,3,3,0,4,14,0,0,3.76,43,186,122,0.0,0.0,2,2,39,1,0,1,0,0,1,0,3,Andy Fletcher,"M.Mussina (4-74), J.Witasick (1), M.Rivera (1-L)"
85,88,86,86,Jul 8,,NYM,"W,4-1",9.0,7,1,1,0,2,4,1,0,3.73,37,146,96,2.0,0.0,2,0,35,0,0,0,0,0,2,1,4,Fieldin Culbreth,"R.Keisler (4-53), R.Mendoza (1-W), M.Wohlers (2-H), M.Rivera (0-Sv)"
86,89,87,87,Jul 12,@,FLA,"L,3-9",8.0,13,9,9,0,0,6,1,1,3.79,38,130,95,2.0,2.0,0,0,36,3,0,0,1,0,0,0,4,Steve Rippley,"M.Mussina (4-6-L), R.Choate (9), M.Wohlers (3), M.Stanton (6)"
87,90,88,88,Jul 13,@,FLA,"L,1-11",8.0,15,11,10,1,2,9,3,0,3.87,41,140,100,2.0,0.0,1,0,38,2,0,0,0,1,2,1,3,Mike Winters,"T.Lilly (7-29-L), R.Mendoza (4), J.Witasick (5)"
88,91,89,89,Jul 14,@,FLA,"W,5-4",10.0,11,4,4,0,3,11,1,0,3.87,42,164,116,3.0,1.0,1,0,39,1,1,1,0,0,0,2,5,Ted Barrett,"R.Clemens (9-51), M.Stanton (1-H), M.Rivera (5-BW), M.Wohlers (1-H), R.Mendoza (0-Sv)"
89,92,90,90,Jul 15,@,PHI,"L,3-9",8.0,12,9,7,2,3,4,0,0,3.9,40,137,87,2.0,2.0,1,0,34,3,1,0,2,1,1,0,3,Marvin Hudson,"A.Pettitte (8-47-L), M.Wohlers (0), R.Choate (2)"
90,93,91,91,Jul 16,@,PHI,"W,6-3",13.0,8,3,2,1,6,7,2,0,3.86,53,182,113,1.0,0.0,0,0,45,2,0,1,1,1,1,0,5,Bruce Froemming,"R.Keisler (7-54), R.Mendoza (1), J.Witasick (2), M.Stanton (1-W), M.Rivera (1-Sv)"
91,94,92,92,Jul 17,@,PHI,"W,4-1",12.0,13,1,1,0,4,7,0,2,3.82,54,191,126,0.0,0.0,2,0,46,3,0,2,2,0,0,0,5,Jerry Meals,"M.Mussina (4-57), M.Stanton (0), J.Witasick (0), R.Choate (1-W), M.Rivera (0-Sv)"
92,95,93,93,Jul 18(1),@,DET,"W,8-5",9.0,11,5,5,0,3,6,1,0,3.83,41,153,96,1.0,0.0,5,0,38,1,0,1,0,0,1,1,3,Paul Schrieber,"R.Clemens (3-31-W), R.Mendoza (1-H), M.Rivera (0-Sv)"
93,96,94,94,Jul 18(2),@,DET,"L,4-12",8.0,16,12,9,3,1,4,3,0,3.89,41,134,96,1.0,1.0,2,1,39,4,2,0,0,1,2,0,2,Tony Randazzo,"T.Lilly (4-24-L), T.Williams (61)"
94,97,95,95,Jul 19,@,DET,"L,2-11",8.0,15,11,11,0,1,5,1,1,3.97,41,151,104,0.0,0.0,1,0,39,3,1,0,0,0,1,1,3,Chris Guccione,"A.Pettitte (3-19-L), M.Wohlers (3), R.Choate (1)"
95,98,96,96,Jul 20,,TOR,"L,4-10",9.0,13,10,8,2,3,7,3,0,4.01,41,172,109,1.0,1.0,1,0,38,2,0,0,0,0,1,2,6,Greg Gibson,"B.Jodie (99-17-L), T.Lilly (1), J.Witasick (2), R.Choate (0), M.Wohlers (0), M.Stanton (2)"
96,99,97,97,Jul 21,,TOR,"L,3-5",9.0,8,5,5,0,4,3,2,0,4.02,35,142,85,0.0,0.0,2,2,30,1,0,0,1,0,0,1,3,Kerwin Danley,"R.Keisler (4-49), R.Mendoza (2), M.Rivera (2-L)"
97,100,98,98,Jul 22,,TOR,"W,7-3",9.0,6,3,3,0,2,11,3,0,4.01,35,144,100,1.0,0.0,0,0,33,0,0,0,0,0,0,0,3,Rob Drake,"M.Mussina (4-69-W), J.Witasick (1), M.Stanton (1)"
98,101,99,99,Jul 23,,TOR,"W,7-2",9.0,9,2,2,0,2,11,2,0,3.99,37,137,92,2.0,0.0,1,0,35,0,0,0,0,0,0,1,4,Charlie Reliford,"R.Clemens (4-59-W), R.Mendoza (1-H), M.Stanton (0), M.Wohlers (2)"
99,102,100,100,Jul 24,,DET,"W,6-5",9.0,8,5,2,3,0,6,2,2,3.97,39,130,93,0.0,0.0,1,1,36,0,0,0,1,0,4,0,3,Mark Hirschbeck,"A.Pettitte (4-57-W), R.Mendoza (0-H), M.Rivera (2-Sv)"
100,103,101,101,Jul 25,,DET,"W,4-2",9.0,6,2,2,0,2,6,1,1,3.95,34,126,85,2.0,0.0,1,1,31,1,0,0,0,0,0,1,4,Ron Kulpa,"T.Lilly (4-56), J.Witasick (2-W), M.Stanton (1-H), M.Rivera (0-Sv)"
101,104,102,102,Jul 26,,DET,"W,14-8",9.0,11,8,7,1,3,5,1,0,3.98,41,145,87,3.0,0.0,0,0,38,4,1,0,0,0,0,1,4,Marty Foster,"R.Keisler (4-30), R.Mendoza (1-W), R.Choate (5), M.Wohlers (2)"
102,105,103,103,Jul 27,@,TOR,"W,9-1",9.0,5,1,1,0,1,8,1,0,3.95,32,113,79,0.0,0.0,0,1,31,1,0,0,0,0,0,0,2,Wally Bell,"M.Mussina (4-75-W), J.Witasick (1)"
103,106,104,104,Jul 28,@,TOR,"W,12-1",9.0,2,1,1,0,4,9,1,0,3.93,31,139,83,0.0,0.0,1,0,27,1,0,0,0,0,0,1,3,Ed Rapuano,"R.Clemens (4-72-W), R.Mendoza (1), M.Wohlers (1)"
104,107,105,105,Jul 29,@,TOR,"W,9-3",9.0,8,3,3,0,2,11,0,0,3.92,34,143,92,2.0,1.0,0,1,32,1,0,0,0,0,0,2,3,Lance Barksdale,"A.Pettitte (4-52-W), J.Witasick (1), M.Rivera (3)"
105,108,106,106,Jul 31,,TEX,"L,2-6",9.0,10,6,4,2,2,10,3,0,3.92,39,152,104,5.0,3.0,0,0,37,1,0,0,0,0,1,1,5,Mike Everitt,"T.Lilly (5-61-L), R.Mendoza (2), M.Stanton (5), J.Witasick (1), M.Wohlers (2)"
106,110,107,107,Aug 1,,TEX,"W,9-7",9.0,10,7,7,0,3,8,1,0,3.95,41,141,90,4.0,2.0,2,0,38,4,0,0,0,0,1,0,4,Jeff Nelson,"S.Hitchcock (6-37-W), R.Mendoza (0-H), M.Stanton (0-H), M.Rivera (2-Sv)"
107,111,108,108,Aug 2,,TEX,"L,2-12",9.0,18,12,12,0,4,7,4,0,4.02,47,162,102,2.0,0.0,0,0,41,3,0,1,0,2,0,2,3,Richard Shulock,"M.Mussina (5-15-L), R.Choate (6), M.Wohlers (1)"
108,112,109,109,Aug 3,,ANA,"W,4-2",9.0,7,2,2,0,3,10,0,0,4.0,38,137,94,2.0,0.0,0,0,33,2,0,1,2,0,1,0,3,Brian Gorman,"A.Pettitte (4-62-W), R.Mendoza (1-H), M.Rivera (1-Sv)"
109,113,110,110,Aug 4,,ANA,"W,5-4",9.0,8,4,4,0,1,10,1,0,4.0,35,136,95,2.0,2.0,1,0,34,2,0,0,0,0,0,1,3,Doug Eddings,"R.Clemens (6-61), M.Stanton (2-H), M.Rivera (0-BW)"
110,114,111,111,Aug 5,,ANA,"L,3-4",9.0,9,4,4,0,5,6,0,1,4.0,41,160,105,1.0,1.0,4,1,33,3,0,0,0,2,0,0,3,Eric Cooper,"T.Lilly (4-54), R.Mendoza (1-BL), J.Witasick (4)"
111,115,112,112,Aug 6,,ANA,"L,1-3",9.0,9,3,3,0,1,5,0,0,3.99,37,129,85,1.0,0.0,2,0,34,2,0,0,0,2,0,0,2,Jay Klemm,"S.Hitchcock (4-46-L), M.Wohlers (3)"
112,116,113,113,Aug 7,@,TBD,"L,2-3",8.0,9,3,3,0,2,6,0,0,3.99,35,126,92,0.0,0.0,0,0,32,0,0,1,1,0,2,1,2,Marvin Hudson,"M.Mussina (4-49-L), M.Stanton (2)"
113,117,114,114,Aug 8,@,TBD,"W,16-1",9.0,8,1,1,0,1,6,0,0,3.96,36,129,84,0.0,0.0,0,0,35,1,0,0,0,0,2,2,3,Tim Welke,"A.Pettitte (4-61-W), J.Witasick (2), M.Wohlers (1)"
114,118,115,115,Aug 9,@,TBD,"W,4-3",9.0,7,3,2,1,4,9,0,0,3.94,37,150,88,2.0,0.0,0,1,32,3,0,0,1,0,0,0,4,Gary Cederstrom,"R.Clemens (4-61), M.Stanton (1), R.Mendoza (3-W), M.Rivera (4-Sv)"
115,119,116,116,Aug 10,@,OAK,"L,1-8",8.0,6,8,8,0,11,8,2,0,3.98,39,165,88,1.0,0.0,0,0,28,1,0,0,0,0,0,1,3,Paul Schrieber,"T.Lilly (4-26-L), J.Witasick (1), R.Choate (7)"
116,120,117,117,Aug 11,@,OAK,"L,6-8",8.0,12,8,8,0,4,1,2,1,4.02,39,132,81,3.0,0.0,0,0,33,2,0,0,1,0,0,2,3,Jerry Layne,"S.Hitchcock (4-21-L), R.Mendoza (1), M.Stanton (1)"
117,121,118,118,Aug 12,@,OAK,"L,2-4",8.2,3,4,4,0,1,11,3,0,4.02,30,129,81,0.0,0.0,0,0,29,0,0,0,0,0,0,0,2,Ed Montague,"M.Mussina (4-79), M.Stanton (0-L)"
118,122,119,119,Aug 14,,TBD,"W,5-3",9.0,7,3,3,0,2,5,0,0,4.01,34,110,77,1.0,0.0,1,0,32,1,0,0,0,0,0,2,3,Phil Cuzzi,"A.Pettitte (5-57-W), R.Mendoza (2-H), M.Rivera (4-Sv)"
119,123,120,120,Aug 15,,TBD,"W,10-3",9.0,5,3,3,0,4,8,0,0,4.01,34,133,88,0.0,0.0,0,1,30,1,0,0,0,0,0,1,3,Mark Barron,"R.Clemens (5-66-W), M.Wohlers (6), R.Choate (4)"
120,124,121,121,Aug 16,,TBD,"W,12-5",9.0,11,5,4,1,3,7,0,0,4.01,37,121,78,3.0,1.0,1,0,34,2,0,0,0,0,0,2,5,Bruce Froemming,"S.Hitchcock (4-42-W), R.Mendoza (1), M.Stanton (3), R.Choate (0), M.Wohlers (0)"
121,125,122,122,Aug 17,,SEA,"W,4-0",9.0,6,0,0,0,5,7,0,0,3.97,34,146,90,2.0,0.0,0,2,29,0,0,0,0,0,0,1,3,Matt Hollowell,"M.Mussina (4-70-W), M.Stanton (0), R.Mendoza (0-Sv)"
122,126,123,123,Aug 18,,SEA,"L,6-7",9.0,10,7,5,2,7,7,0,0,3.98,43,143,78,4.0,1.0,3,0,35,3,0,0,1,0,1,1,5,Jeff Nelson,"T.Lilly (7-18-L), J.Witasick (7), R.Choate (1), M.Wohlers (1), M.Stanton (0)"
123,127,124,124,Aug 19,,SEA,"L,2-10",9.0,15,10,10,0,2,6,2,0,4.03,40,152,102,2.0,2.0,1,1,38,1,1,0,0,0,0,3,3,Jim Joyce,"A.Pettitte (4-18-L), J.Witasick (0), T.Lilly (0)"
124,128,125,125,Aug 20,@,TEX,"W,9-5",9.0,12,5,5,0,4,2,1,1,4.04,40,152,92,1.0,0.0,1,1,35,2,0,0,0,0,0,2,4,Wally Bell,"R.Clemens (4-35), M.Stanton (1-W), R.Mendoza (2), M.Rivera (5)"
125,129,126,126,Aug 21,@,TEX,"L,3-13",8.0,17,13,13,0,2,5,5,0,4.11,43,167,111,0.0,0.0,0,0,40,2,0,0,0,1,0,0,3,Marty Foster,"O.Hernandez (87-13-L), J.Witasick (1), M.Wohlers (2)"
126,130,127,127,Aug 22,@,TEX,"L,1-8",8.0,10,8,7,1,7,10,0,0,4.14,39,170,104,3.0,2.0,0,1,32,2,0,2,0,0,1,2,3,Mark Hirschbeck,"M.Mussina (4-57-L), M.Stanton (1), M.Wohlers (0)"
127,131,128,128,Aug 23,@,TEX,"W,5-2",9.0,10,2,2,0,2,8,1,0,4.12,38,143,91,1.0,0.0,0,0,36,3,0,0,0,0,0,0,3,Pat Spieler,"S.Hitchcock (6-52-W), R.Mendoza (2-H), M.Rivera (2-Sv)"
128,132,129,129,Aug 24,@,ANA,"L,2-6",8.0,13,6,6,0,2,8,1,0,4.14,39,156,99,2.0,1.0,2,0,37,3,0,1,0,0,0,0,3,Mike Winters,"A.Pettitte (4-39-L), R.Mendoza (0), J.Witasick (2)"
129,133,130,130,Aug 25,@,ANA,"W,7-5",9.0,9,5,5,0,4,5,0,0,4.15,39,157,96,1.0,1.0,4,1,33,3,0,0,0,2,0,0,3,Ted Barrett,"R.Clemens (4-57-W), M.Wohlers (2), M.Rivera (1-Sv)"
130,134,131,131,Aug 26,@,ANA,"L,6-7",9.0,10,7,7,0,3,8,1,1,4.17,40,158,98,1.0,1.0,0,0,35,4,0,0,0,1,0,1,4,Alfonso Marquez,"O.Hernandez (4-52), R.Mendoza (1-H), M.Rivera (0-BSv), M.Stanton (3-L)"
131,135,132,132,Aug 28,,TOR,"W,4-0",9.0,8,0,0,0,2,6,0,1,4.14,35,136,84,2.0,0.0,1,2,32,3,0,0,0,0,0,0,3,Mark Wegner,"M.Mussina (5-74-W), M.Stanton (1), M.Rivera (1-Sv)"
132,136,133,133,Aug 29,,TOR,"L,2-3",9.0,8,3,3,0,2,4,1,1,4.13,38,133,86,0.0,0.0,3,0,34,1,0,0,1,0,1,1,2,Lance Barksdale,"S.Hitchcock (5-49-L), R.Mendoza (2)"
133,137,134,134,Aug 30,,TOR,"W,5-4",11.0,10,4,4,0,4,10,2,1,4.12,47,167,110,0.0,0.0,0,0,41,0,0,1,1,0,0,0,3,Rick Reed,"A.Pettitte (5-50), M.Rivera (1), J.Witasick (5-W)"
134,138,135,135,Aug 31,@,BOS,"W,3-1",9.0,9,1,1,0,0,10,0,0,4.1,36,132,92,0.0,0.0,1,0,36,5,0,0,0,0,0,1,3,John Hirschbeck,"R.Clemens (5-69-W), R.Mendoza (1-H), M.Rivera (0-Sv)"
135,140,136,136,Sep 1,@,BOS,"W,2-1",9.0,5,1,1,0,3,7,1,0,4.07,34,126,82,0.0,0.0,0,1,30,0,0,0,1,0,0,0,2,Chuck Meriwether,"O.Hernandez (5-72-W), M.Rivera (0-Sv)"
136,141,137,137,Sep 2,@,BOS,"W,1-0",9.0,1,0,0,0,0,13,0,0,4.04,28,116,85,,,0,0,28,0,0,0,0,0,0,0,1,Mike Fichter,M.Mussina (4-98-W)
137,142,138,138,Sep 3,@,TOR,"W,7-5",9.0,12,5,5,0,5,5,0,0,4.05,44,158,96,4.0,1.0,1,0,38,2,1,0,0,1,0,0,5,Andy Fletcher,"S.Hitchcock (4-29), J.Witasick (3), M.Wohlers (8-W), M.Stanton (5-H), R.Mendoza (2-Sv)"
138,143,139,139,Sep 4,@,TOR,"L,0-14",8.0,17,14,13,1,4,11,4,0,4.12,45,176,114,0.0,0.0,0,0,41,3,1,0,0,0,1,1,3,Brian O'Nora,"A.Pettitte (4-16-L), T.Lilly (15), M.Stanton (0)"
139,144,140,140,Sep 5,@,TOR,"W,4-3",9.0,9,3,3,0,4,7,1,0,4.11,37,146,94,0.0,0.0,1,1,33,1,0,0,0,0,0,2,2,Fieldin Culbreth,"R.Clemens (4-59-W), M.Rivera (3-Sv)"
140,145,141,141,Sep 7,,BOS,"W,3-2",9.0,4,2,2,0,1,6,0,0,4.1,32,124,83,0.0,0.0,0,0,31,3,0,0,0,0,0,0,3,Mike Reilly,"O.Hernandez (5-65-W), R.Mendoza (3-H), M.Rivera (1-Sv)"
141,146,142,142,Sep 8,,BOS,"W,9-2",9.0,5,2,1,1,4,11,0,0,4.07,37,154,99,3.0,1.0,0,0,33,1,0,0,0,0,1,0,4,CB Bucknor,"M.Mussina (5-67-W), M.Wohlers (4), M.Stanton (3), J.Witasick (4)"
142,147,143,143,Sep 9,,BOS,"W,7-2",9.0,5,2,1,1,3,8,0,1,4.05,37,151,104,2.0,0.0,0,0,33,1,0,0,0,0,1,0,3,Jeff Kellogg,"A.Pettitte (4-71-W), R.Mendoza (1), J.Witasick (0)"
143,148,144,144,Sep 18,@,CHW,"W,11-3",9.0,7,3,3,0,4,7,0,0,4.05,36,138,92,0.0,0.0,0,0,32,0,0,0,0,0,0,1,3,Alfonso Marquez,"O.Hernandez (10-75-W), M.Stanton (9), M.Wohlers (9)"
144,149,145,145,Sep 19,@,CHW,"W,6-3",9.0,7,3,2,1,2,3,1,0,4.03,32,134,85,2.0,0.0,0,1,30,1,0,0,0,0,1,3,4,Mike Winters,"R.Clemens (13-52-W), J.Witasick (9-H), M.Stanton (0-H), M.Rivera (11-Sv)"
145,150,146,146,Sep 20,@,CHW,"L,5-7",8.0,7,7,7,0,3,9,1,1,4.05,36,145,91,0.0,0.0,0,0,29,3,0,1,1,2,0,0,2,Ted Barrett,"A.Pettitte (10-35-L), M.Wohlers (1)"
146,151,147,147,Sep 21,@,BAL,"L,6-7",8.1,11,7,7,0,1,8,1,0,4.08,36,136,96,0.0,0.0,0,0,33,4,0,0,1,1,0,0,3,Chris Guccione,"M.Mussina (12-41), J.Witasick (1), M.Rivera (1-BL)"
147,152,148,148,Sep 22,@,BAL,"L,2-11",8.0,16,11,11,0,3,8,0,1,4.13,44,167,97,1.0,0.0,0,0,40,5,1,0,0,0,1,1,4,Mark Carlson,"S.Hitchcock (18-15-L), B.Knight (99), A.Hernández (87), R.Choate (34)"
148,153,149,149,Sep 23,@,BAL,"W,5-4",10.0,9,4,4,0,2,8,1,0,4.12,41,156,101,0.0,0.0,2,0,38,2,1,0,0,1,0,0,4,Tim Tschida,"O.Hernandez (4-48), M.Wohlers (2), M.Stanton (3-W), M.Rivera (1-Sv)"
149,154,150,150,Sep 25,,TBD,"L,0-4",9.0,12,4,4,0,3,10,0,0,4.12,41,149,90,2.0,1.0,3,0,37,1,0,0,1,0,0,2,3,Ron Kulpa,"R.Clemens (5-49-L), M.Stanton (1), R.Choate (2)"
150,155,151,151,Sep 26,,TBD,"W,5-1",9.0,9,1,1,0,0,8,1,1,4.1,35,122,84,3.0,0.0,2,0,34,1,0,0,0,0,0,1,4,Wally Bell,"A.Pettitte (5-46), T.Lilly (21-W), J.Witasick (4-H), M.Rivera (2)"
151,156,152,152,Sep 28,,BAL,"W,7-0",9.0,3,0,0,0,0,13,0,0,4.07,30,114,84,,,0,0,30,0,0,0,0,0,0,0,1,Tony Randazzo,M.Mussina (6-94-W)
152,157,153,153,Sep 29,,BAL,"L,2-7",9.0,6,7,7,0,6,3,1,0,4.09,37,143,90,3.0,3.0,3,0,31,1,0,0,0,0,0,1,5,Paul Schrieber,"O.Hernandez (5-34-L), B.Knight (6), R.Choate (3), M.Wohlers (5), M.Stanton (3)"
153,158,154,154,Sep 30,,BAL,"T,1-1",15.0,8,1,1,0,7,15,1,1,4.06,62,235,152,0.0,0.0,3,0,53,0,0,0,1,0,1,0,7,Jerry Layne,"R.Clemens (4-62), R.Choate (0), R.Mendoza (20), M.Stanton (0), J.Witasick (3), M.Wohlers (0), A.Hernández (7)"
154,159,155,155,Oct 1,,CHW,"W,8-1",9.0,4,1,1,0,3,8,0,0,4.04,34,126,78,,,1,0,30,0,0,0,0,1,0,0,1,Doug Eddings,S.Hitchcock (8-80-W)
155,160,156,156,Oct 2,,CHW,"W,6-4",9.0,7,4,4,0,5,10,0,0,4.04,38,155,97,0.0,0.0,2,1,32,1,1,0,0,1,0,0,4,Chris Guccione,"T.Lilly (5-46-W), J.Witasick (1-H), M.Wohlers (1-H), M.Rivera (5-Sv)"
156,161,157,157,Oct 3,,CHW,"W,2-1",9.0,6,1,1,0,1,5,1,0,4.02,33,129,90,0.0,0.0,0,0,31,1,0,0,1,0,0,0,3,Eric Cooper,"M.Mussina (4-66-W), M.Stanton (2-H), M.Rivera (0-Sv)"
157,162,158,158,Oct 4,@,TBD,"L,1-4",8.0,8,4,4,0,1,2,3,1,4.02,34,110,65,0.0,0.0,0,0,32,1,0,0,0,0,1,0,3,Tim Welke,"A.Hernández (3-52-L), R.Mendoza (3), R.Choate (3)"
158,163,159,159,Oct 5,@,TBD,"L,4-8",8.0,8,8,7,1,4,6,0,1,4.04,36,145,87,3.0,3.0,2,1,31,4,0,0,0,0,0,0,4,Steve Rippley,"R.Clemens (4-41-L), S.Hitchcock (3), J.Witasick (2), M.Stanton (1)"
159,164,160,160,Oct 6,@,TBD,"L,2-5",8.0,12,5,5,0,3,7,1,0,4.05,38,137,89,1.0,0.0,1,0,34,1,0,0,1,0,0,1,4,Mike Winters,"A.Pettitte (9-57), R.Mendoza (1-BL), R.Choate (1), M.Wohlers (3)"
160,165,161,161,Oct 7,@,TBD,"W,1-0",9.0,2,0,0,0,2,9,0,1,4.02,31,127,85,0.0,0.0,0,1,28,1,0,0,0,0,0,0,3,Scott Packard,"M.Mussina (3-64), O.Hernandez (7-W), M.Rivera (3-Sv)"
