,index,Rk,Gtm,Date,Unnamed: 3,Opp,Rslt,PA,AB,R,H,2B,3B,HR,RBI,BB,IBB,SO,HBP,SH,SF,ROE,GDP,SB,CS,BA,OBP,SLG,OPS,LOB,#,Thr,Opp. Starter (GmeSc)
0,0,1,1,Mar 31,@,DET,"L,3-4",38,35,3,7,3,0,0,3,3,0,2,0,0,0,2,1,0,0,0.2,0.263,0.286,0.549,8,9,R,J.Verlander(49)
1,1,2,2,Apr 2,@,DET,"L,1-2",37,33,1,6,1,0,0,1,3,0,7,0,0,1,0,1,2,0,0.191,0.253,0.25,0.503,6,13,R,M.Scherzer(80)
2,2,3,3,Apr 4,,CHW,"W,7-5",43,36,7,13,3,0,0,6,6,1,3,1,0,0,0,1,3,0,0.25,0.331,0.317,0.648,12,10,R,E.Johnson(15)
3,3,4,4,Apr 5,,CHW,"W,4-3",34,28,4,7,3,0,0,4,5,0,7,0,0,1,1,1,1,1,0.25,0.336,0.326,0.661,6,10,L,J.Danks(57)
4,4,5,5,Apr 6,,CHW,"L,1-5",33,32,1,7,0,0,0,1,1,0,6,0,0,0,1,2,0,1,0.244,0.319,0.305,0.624,5,10,L,C.Sale(79)
5,5,6,6,Apr 7,,TBR,"W,4-2",35,30,4,8,1,1,0,4,4,0,5,1,0,0,0,2,0,0,0.247,0.327,0.314,0.642,7,10,L,M.Moore(51)
6,6,7,7,Apr 8,,TBR,"L,0-1",37,34,0,9,0,0,0,0,3,0,8,0,0,0,0,2,1,1,0.25,0.327,0.307,0.634,10,9,R,C.Archer(67)
7,7,8,8,Apr 9,,TBR,"W,7-3",35,32,7,10,0,1,1,7,2,0,6,0,0,1,1,0,0,2,0.258,0.329,0.327,0.656,4,9,R,J.Odorizzi(22)
8,8,9,9,Apr 11,@,MIN,"L,1-10",35,31,1,5,1,0,0,1,4,0,4,0,0,0,0,1,0,0,0.247,0.321,0.313,0.634,7,10,R,K.Gibson(58)
9,9,10,10,Apr 12,@,MIN,"L,1-7",34,33,1,6,5,0,0,1,1,0,5,0,0,0,0,0,0,0,0.241,0.31,0.315,0.625,6,9,R,R.Nolasco(71)
10,10,11,11,Apr 13,@,MIN,"L,3-4",34,32,3,7,2,0,0,2,1,0,5,0,1,0,0,1,0,0,0.239,0.305,0.312,0.616,4,9,R,K.Correia(54)
11,11,12,12,Apr 15,@,HOU,"W,4-2",37,33,4,7,3,0,1,4,3,0,7,0,0,1,0,0,0,0,0.237,0.302,0.319,0.62,6,9,R,L.Harrell(42)
12,12,13,13,Apr 16,@,HOU,"W,6-4",48,43,6,13,0,0,2,6,3,0,8,1,1,0,0,2,2,1,0.243,0.308,0.331,0.639,9,12,L,D.Keuchel(56)
13,13,14,14,Apr 17,@,HOU,"W,5-1",35,34,5,9,3,0,0,5,1,0,3,0,0,0,0,1,1,0,0.245,0.306,0.333,0.639,3,9,R,S.Feldman(37)
14,14,15,15,Apr 18,,MIN,"W,5-0",35,34,5,11,2,0,1,5,1,0,4,0,0,0,0,0,0,0,0.25,0.308,0.342,0.65,6,10,R,R.Nolasco(30)
15,15,16,16,Apr 19,,MIN,"W,5-4",37,33,5,10,2,1,0,4,2,0,5,1,0,1,0,0,2,0,0.253,0.311,0.347,0.658,8,9,R,K.Correia(36)
16,16,17,17,Apr 20,,MIN,"L,3-8",38,37,3,11,2,0,1,3,1,0,6,0,0,0,0,1,0,0,0.256,0.311,0.353,0.664,8,10,R,P.Hughes(44)
17,17,18,18,Apr 21,@,CLE,"L,3-4",34,32,3,6,3,1,0,2,1,0,4,0,1,0,3,2,0,1,0.252,0.306,0.352,0.659,4,10,R,Z.McAllister(51)
18,18,19,19,Apr 22,@,CLE,"W,8-2",44,38,8,13,4,0,1,8,6,0,7,0,0,0,0,1,1,1,0.258,0.314,0.363,0.677,9,10,R,D.Salazar(35)
19,19,20,20,Apr 23,@,CLE,"L,3-5",39,37,3,10,0,0,2,3,2,0,9,0,0,0,0,1,0,0,0.258,0.314,0.366,0.68,9,9,R,J.Masterson(51)
20,20,21,21,Apr 24,@,CLE,"L,1-5",31,31,1,4,0,0,0,0,0,0,11,0,0,0,1,0,1,0,0.253,0.306,0.356,0.662,3,9,R,C.Kluber(88)
21,21,22,22,Apr 25,@,BAL,"W,5-0",41,37,5,11,1,0,0,5,4,0,5,0,0,0,0,1,1,0,0.255,0.309,0.354,0.664,9,9,R,U.Jimenez(43)
22,22,23,23,Apr 26,@,BAL,"L,2-3",43,39,2,11,3,0,0,2,2,1,7,0,2,0,0,0,0,0,0.256,0.31,0.355,0.664,11,13,L,W.Chen(55)
23,23,24,24,Apr 27,@,BAL,"W,9-3",44,39,9,13,3,0,1,9,4,0,4,0,0,1,1,1,1,0,0.26,0.314,0.361,0.674,8,9,R,M.Gonzalez(49)
24,24,25,25,Apr 29,,TOR,"W,10-7",39,34,10,11,3,0,1,8,5,0,5,0,0,0,0,0,2,0,0.263,0.318,0.366,0.684,5,10,R,D.McGowan(55)
25,25,26,26,Apr 30,,TOR,"W,4-2",31,28,4,6,5,0,0,4,1,0,5,0,1,1,0,0,2,0,0.261,0.315,0.367,0.682,3,10,R,D.Hutchison(55)
26,27,27,27,May 1,,TOR,"L,3-7",35,33,3,7,3,0,0,2,2,0,5,0,0,0,0,0,0,0,0.259,0.313,0.365,0.678,5,9,L,M.Buehrle(52)
27,28,28,28,May 2,,DET,"L,2-8",31,30,2,4,1,1,1,2,0,0,6,0,0,1,0,0,0,0,0.255,0.307,0.364,0.671,2,10,R,R.Porcello(67)
28,29,29,29,May 3,,DET,"L,2-9",33,30,2,5,3,0,0,2,2,0,7,0,0,1,0,0,0,0,0.253,0.305,0.361,0.665,4,9,L,D.Smyly(77)
29,30,30,30,May 4,,DET,"L,4-9",39,33,4,7,2,1,0,4,5,0,8,0,0,1,0,0,0,0,0.251,0.305,0.36,0.665,8,10,R,J.Verlander(60)
30,31,31,31,May 5,@,SDP,"L,5-6",52,48,5,16,3,0,1,5,2,0,4,0,2,0,0,2,2,0,0.255,0.307,0.364,0.672,11,19,L,E.Stults(32)
31,32,32,32,May 6,@,SDP,"W,3-1",44,38,3,7,4,0,1,3,4,1,8,1,1,0,0,0,2,0,0.253,0.306,0.365,0.671,8,15,L,R.Erlin(68)
32,33,33,33,May 7,@,SDP,"W,8-0",46,40,8,14,2,0,0,6,5,0,7,0,0,1,2,2,2,0,0.256,0.31,0.366,0.676,11,13,R,A.Cashner(38)
33,34,34,34,May 8,@,SEA,"L,0-1",31,28,0,4,0,0,0,0,2,0,8,0,1,0,0,1,0,1,0.253,0.307,0.361,0.668,4,9,R,H.Iwakuma(81)
34,35,35,35,May 9,@,SEA,"W,6-1",42,39,6,16,0,0,0,4,1,0,2,0,1,1,1,3,1,0,0.258,0.311,0.362,0.673,9,10,R,B.Maurer(30)
35,36,36,36,May 10,@,SEA,"L,1-3",31,30,1,4,0,1,0,1,0,0,3,0,0,1,0,0,0,0,0.255,0.307,0.358,0.665,3,10,R,C.Young(75)
36,37,37,37,May 11,@,SEA,"W,9-7",42,38,9,12,2,0,2,9,3,0,11,0,0,1,2,2,0,0,0.257,0.308,0.363,0.671,6,9,L,R.Elias(37)
37,38,38,38,May 13,,COL,"W,5-1",36,29,5,8,1,0,2,5,7,0,0,0,0,0,0,2,1,0,0.257,0.311,0.367,0.677,7,11,L,F.Morales(31)
38,39,39,39,May 14,,COL,"W,3-2",33,31,3,8,3,0,0,3,2,0,1,0,0,0,0,0,0,0,0.258,0.311,0.366,0.677,6,11,R,J.Chacin(45)
39,40,40,40,May 15,,BAL,"L,1-2",34,32,1,7,1,0,0,1,1,0,4,0,0,1,0,1,0,0,0.257,0.309,0.364,0.673,6,9,L,W.Chen(50)
40,41,41,41,May 16,,BAL,"L,0-4",32,31,0,5,1,0,0,0,1,0,3,0,0,0,0,1,0,0,0.254,0.306,0.36,0.666,5,9,R,C.Tillman(79)
41,42,42,42,May 17,,BAL,"W,1-0",31,28,1,4,0,0,0,1,1,0,1,1,1,0,1,0,2,0,0.252,0.304,0.356,0.66,6,11,R,B.Norris(66)
42,43,43,43,May 18,,BAL,"W,8-6",39,35,8,11,1,0,2,8,4,0,8,0,0,0,0,0,1,0,0.254,0.306,0.359,0.666,7,10,R,U.Jimenez(37)
43,44,44,44,May 19,,CHW,"L,6-7",40,34,6,9,1,0,0,6,4,0,6,1,1,0,2,1,1,2,0.254,0.308,0.358,0.665,7,11,R,S.Carroll(23)
44,45,45,45,May 20,,CHW,"L,6-7",42,37,6,10,4,0,0,5,4,0,10,1,0,0,0,0,4,0,0.254,0.309,0.358,0.667,9,12,R,A.Rienzo(60)
45,46,46,46,May 21,,CHW,"W,3-1",34,30,3,8,1,0,0,3,3,1,4,0,0,1,0,1,0,0,0.255,0.309,0.357,0.666,7,10,L,J.Quintana(53)
46,47,47,47,May 23,@,LAA,"L,1-6",38,32,1,5,1,0,0,1,4,0,6,2,0,0,1,0,2,0,0.253,0.309,0.354,0.663,10,9,L,C.Wilson(60)
47,48,48,48,May 24,@,LAA,"W,7-4",58,52,7,16,2,0,0,5,2,0,12,0,2,2,2,1,2,0,0.254,0.309,0.354,0.663,12,11,R,M.Shoemaker(46)
48,49,49,49,May 25,@,LAA,"L,3-4",34,30,3,6,2,0,0,3,3,0,8,0,0,1,0,1,1,1,0.253,0.308,0.352,0.66,4,10,R,G.Richards(60)
49,50,50,50,May 26,,HOU,"L,2-9",38,36,2,10,2,0,0,1,1,0,3,1,0,0,0,1,1,0,0.254,0.308,0.352,0.66,9,10,R,S.Feldman(47)
50,51,51,51,May 27,,HOU,"L,0-3",32,32,0,5,0,0,0,0,0,0,11,0,0,0,0,0,0,0,0.252,0.306,0.348,0.654,5,9,R,C.McHugh(76)
51,52,52,52,May 28,,HOU,"L,3-9",38,33,3,7,2,0,1,3,4,0,2,0,0,1,1,1,2,0,0.251,0.306,0.348,0.654,8,10,R,J.Cosart(52)
52,53,53,53,May 29,@,TOR,"W,8-6",49,43,8,14,4,0,1,7,2,0,11,3,1,0,1,0,2,0,0.253,0.308,0.352,0.659,11,10,R,R.Dickey(33)
53,54,54,54,May 30,@,TOR,"W,6-1",38,36,6,9,1,0,2,6,2,0,6,0,0,0,0,0,2,0,0.253,0.307,0.353,0.661,5,10,L,J.Happ(41)
54,55,55,55,May 31,@,TOR,"L,2-12",38,36,2,9,1,0,0,2,1,0,9,1,0,0,2,2,0,0,0.253,0.307,0.352,0.659,9,9,R,M.Stroman(64)
55,57,56,56,Jun 1,@,TOR,"L,0-4",34,33,0,6,3,0,0,0,1,0,4,0,0,0,0,0,0,0,0.252,0.305,0.351,0.656,7,9,L,M.Buehrle(72)
56,58,57,57,Jun 2,@,STL,"W,6-0",37,34,6,9,1,0,1,5,2,0,2,0,0,1,1,2,0,0,0.252,0.305,0.351,0.656,4,15,R,S.Miller(48)
57,59,58,58,Jun 3,@,STL,"W,8-7",41,38,8,13,3,1,1,8,2,1,5,1,0,0,0,2,0,0,0.254,0.307,0.355,0.662,6,16,L,J.Garcia(30)
58,60,59,59,Jun 4,,STL,"L,2-5",41,37,2,5,2,0,0,2,3,0,10,0,1,0,0,1,1,0,0.252,0.305,0.352,0.657,6,12,R,A.Wainwright(72)
59,61,60,60,Jun 5,,STL,"W,3-2",31,28,3,7,3,0,0,3,2,0,1,0,1,0,0,0,0,0,0.252,0.305,0.352,0.657,4,10,R,M.Wacha(46)
60,62,61,61,Jun 6,,NYY,"L,2-4",33,32,2,7,4,0,0,2,1,0,7,0,0,0,0,1,1,1,0.251,0.304,0.352,0.656,4,10,R,C.Whitley(62)
61,63,62,62,Jun 7,,NYY,"W,8-4",39,35,8,12,3,1,2,8,3,0,5,1,0,0,0,0,0,0,0.253,0.306,0.357,0.663,7,11,R,D.Phelps(23)
62,64,63,63,Jun 8,,NYY,"W,2-1",28,26,2,5,1,0,0,2,2,0,3,0,0,0,0,2,0,1,0.252,0.305,0.355,0.661,2,10,R,H.Kuroda(60)
63,65,64,64,Jun 10,,CLE,"W,9-5",39,35,9,11,0,0,3,9,4,0,5,0,0,0,0,1,0,0,0.253,0.306,0.359,0.665,6,9,R,C.Kluber(40)
64,66,65,65,Jun 11,,CLE,"W,4-1",36,31,4,11,3,0,0,4,1,0,3,0,0,4,0,0,2,0,0.254,0.307,0.36,0.667,8,9,R,T.Bauer(42)
65,67,66,66,Jun 13,@,CHW,"W,7-2",43,38,7,12,4,0,0,7,4,0,8,0,0,1,0,0,0,0,0.255,0.308,0.361,0.669,9,10,L,J.Quintana(37)
66,68,67,67,Jun 14,@,CHW,"W,9-1",43,42,9,16,4,0,2,7,1,0,8,0,0,0,1,1,0,0,0.258,0.309,0.366,0.675,7,9,R,H.Noesi(34)
67,69,68,68,Jun 15,@,CHW,"W,6-3",39,32,6,8,0,0,2,6,6,0,6,1,0,0,0,2,0,1,0.258,0.311,0.367,0.678,6,9,R,A.Rienzo(35)
68,70,69,69,Jun 16,@,DET,"W,11-8",48,42,11,17,4,0,1,9,4,0,5,1,1,0,2,1,1,0,0.26,0.313,0.371,0.684,10,11,R,J.Verlander(20)
69,71,70,70,Jun 17,@,DET,"W,11-4",45,40,11,15,2,0,2,11,4,0,7,1,0,0,0,2,0,0,0.262,0.316,0.374,0.69,7,11,R,M.Scherzer(6)
70,72,71,71,Jun 18,@,DET,"W,2-1",34,34,2,9,0,0,1,2,0,0,8,0,0,0,0,1,2,1,0.262,0.315,0.374,0.689,5,9,L,D.Smyly(61)
71,73,72,72,Jun 19,@,DET,"L,1-2",33,32,1,6,3,0,0,1,1,0,3,0,0,0,0,1,0,0,0.261,0.314,0.372,0.686,5,9,R,A.Sanchez(62)
72,74,73,73,Jun 20,,SEA,"L,5-7",41,39,5,14,1,0,2,5,2,1,9,0,0,0,0,1,0,1,0.263,0.315,0.375,0.69,9,11,R,H.Iwakuma(33)
73,75,74,74,Jun 21,,SEA,"L,1-2",29,27,1,3,0,0,1,1,2,0,5,0,0,0,0,2,0,0,0.261,0.313,0.373,0.687,1,10,R,C.Young(68)
74,76,75,75,Jun 22,,SEA,"L,1-2",36,32,1,7,0,0,0,1,2,0,7,1,0,1,0,0,0,0,0.26,0.313,0.372,0.684,8,12,L,R.Elias(63)
75,77,76,76,Jun 23,,LAD,"W,5-3",34,34,5,11,1,1,1,5,0,0,4,0,0,0,0,1,3,0,0.261,0.313,0.373,0.686,5,9,R,Z.Greinke(31)
76,78,77,77,Jun 24,,LAD,"L,0-2",33,32,0,6,0,0,0,0,1,0,10,0,0,0,0,1,0,0,0.26,0.312,0.371,0.683,6,9,L,C.Kershaw(77)
77,79,78,78,Jun 25,,LAD,"L,4-5",37,34,4,9,0,0,2,4,3,0,10,0,0,0,0,1,4,0,0.26,0.312,0.372,0.684,6,12,R,D.Haren(36)
78,80,79,79,Jun 27,,LAA,"W,8-6",40,36,8,13,2,1,1,7,1,0,2,2,0,1,0,0,2,0,0.262,0.313,0.374,0.688,8,10,R,M.Shoemaker(9)
79,81,80,80,Jun 28,,LAA,"L,2-6",35,32,2,6,1,0,0,2,1,0,9,1,0,1,0,0,0,0,0.261,0.312,0.372,0.685,6,9,L,H.Santiago(58)
80,82,81,81,Jun 29,,LAA,"W,5-4",42,35,5,11,4,0,0,5,5,1,9,2,0,0,0,0,0,1,0.262,0.314,0.373,0.687,12,11,L,C.Wilson(30)
81,83,82,82,Jun 30,@,MIN,"W,6-1",39,37,6,10,3,1,1,6,2,1,4,0,0,0,2,2,0,0,0.262,0.314,0.375,0.688,6,9,R,Y.Pino(41)
82,85,83,83,Jul 1,@,MIN,"L,2-10",36,35,2,10,1,0,0,2,1,0,5,0,0,0,0,1,0,0,0.262,0.314,0.374,0.688,7,13,R,R.Nolasco(55)
83,86,84,84,Jul 2,@,MIN,"W,4-0",41,36,4,9,2,0,1,4,4,0,5,1,0,0,0,0,2,0,0.262,0.314,0.374,0.688,10,10,R,K.Correia(53)
84,87,85,85,Jul 4,@,CLE,"W,7-1",40,39,7,12,3,1,1,6,0,0,8,1,0,0,1,0,0,1,0.262,0.314,0.376,0.69,6,10,R,J.Tomlin(35)
85,88,86,86,Jul 5,@,CLE,"L,3-7",38,36,3,12,1,0,1,3,2,0,4,0,0,0,0,2,2,0,0.263,0.315,0.377,0.692,8,9,L,T.House(47)
86,89,87,87,Jul 6,@,CLE,"L,1-4",32,31,1,4,1,0,1,1,1,0,10,0,0,0,0,0,1,0,0.262,0.313,0.376,0.689,4,9,R,C.Kluber(80)
87,90,88,88,Jul 7,@,TBR,"W,6-0",43,40,6,14,3,0,0,6,2,0,9,0,0,1,0,0,2,0,0.263,0.314,0.376,0.69,10,10,R,J.Odorizzi(58)
88,91,89,89,Jul 8,@,TBR,"L,3-4",41,39,3,13,1,1,0,3,2,0,6,0,0,0,0,1,1,0,0.264,0.315,0.377,0.691,11,12,R,J.Hellickson(48)
89,92,90,90,Jul 9,@,TBR,"W,5-4",43,39,5,11,0,0,2,5,4,0,9,0,0,0,1,0,3,0,0.264,0.315,0.377,0.692,11,11,R,A.Cobb(59)
90,93,91,91,Jul 10,,DET,"L,4-16",37,36,4,9,0,0,2,4,1,0,5,0,0,0,0,0,2,0,0.264,0.315,0.378,0.692,6,12,L,D.Smyly(43)
91,94,92,92,Jul 11,,DET,"L,1-2",37,36,1,11,3,0,0,1,1,0,4,0,0,0,0,0,1,0,0.265,0.315,0.378,0.693,9,9,R,A.Sanchez(60)
92,95,93,93,Jul 12,,DET,"L,1-5",34,30,1,6,1,0,0,1,3,0,4,0,0,1,0,2,0,0,0.264,0.314,0.377,0.691,6,9,R,R.Porcello(61)
93,96,94,94,Jul 13,,DET,"W,5-2",37,34,5,10,2,0,0,5,3,2,3,0,0,0,0,0,1,0,0.264,0.315,0.376,0.691,8,11,R,J.Verlander(47)
94,97,95,95,Jul 18,@,BOS,"L,4-5",39,39,4,12,3,0,0,4,0,0,6,0,0,0,1,0,1,1,0.265,0.315,0.376,0.691,8,9,R,C.Buchholz(39)
95,98,96,96,Jul 19,@,BOS,"L,1-2",35,30,1,5,1,1,0,1,4,0,4,0,0,1,1,1,0,0,0.264,0.314,0.375,0.689,7,10,R,R.De La Rosa(61)
96,99,97,97,Jul 20,@,BOS,"L,0-6",33,30,0,4,1,0,0,0,2,0,9,1,0,0,0,1,0,0,0.263,0.313,0.374,0.687,6,9,L,J.Lester(80)
97,100,98,98,Jul 21,@,CHW,"L,1-3",34,32,1,8,2,0,0,1,1,0,9,1,0,0,0,2,1,0,0.263,0.313,0.373,0.686,6,10,L,C.Sale(66)
98,101,99,99,Jul 22,@,CHW,"W,7-1",48,40,7,14,4,0,2,5,7,1,5,0,0,1,1,1,0,0,0.264,0.315,0.376,0.69,14,9,R,S.Carroll(26)
99,102,100,100,Jul 23,@,CHW,"W,2-1",39,30,2,10,1,0,0,1,5,2,4,1,2,1,0,4,2,0,0.264,0.316,0.376,0.691,10,12,L,J.Quintana(60)
100,103,101,101,Jul 24,,CLE,"W,2-1",44,43,2,5,2,0,0,1,1,0,12,0,0,0,0,1,1,1,0.262,0.314,0.373,0.687,2,12,R,C.Kluber(91)
101,104,102,102,Jul 25,,CLE,"W,6-4",34,32,6,10,0,1,3,5,1,0,6,0,1,0,0,1,0,0,0.263,0.314,0.376,0.689,4,11,R,J.Tomlin(45)
102,105,103,103,Jul 26,,CLE,"W,7-5",35,33,7,9,0,1,1,6,2,0,8,0,0,0,0,0,0,0,0.263,0.314,0.376,0.69,4,10,R,Z.McAllister(25)
103,106,104,104,Jul 27,,CLE,"L,3-10",35,34,3,8,2,0,0,3,0,0,7,0,0,1,0,0,0,0,0.263,0.313,0.375,0.688,5,10,R,D.Salazar(58)
104,107,105,105,Jul 29,,MIN,"L,1-2",33,31,1,5,2,0,0,1,2,0,8,0,0,0,0,0,1,0,0.262,0.312,0.374,0.686,5,10,R,K.Gibson(78)
105,108,106,106,Jul 30,,MIN,"W,3-2",34,33,3,9,4,0,0,3,1,0,6,0,0,0,0,0,1,0,0.262,0.312,0.374,0.686,7,10,R,P.Hughes(50)
106,109,107,107,Jul 31,,MIN,"W,6-3",33,32,6,8,2,1,0,4,1,0,6,0,0,0,1,1,3,0,0.262,0.312,0.374,0.686,3,10,R,K.Correia(60)
107,111,108,108,Aug 1,@,OAK,"W,1-0",32,31,1,4,1,0,1,1,1,0,8,0,0,0,0,0,1,0,0.261,0.31,0.373,0.684,4,10,R,S.Gray(74)
108,112,109,109,Aug 2,@,OAK,"L,3-8",38,34,3,10,2,0,0,3,2,0,4,0,1,1,0,0,0,0,0.261,0.311,0.373,0.684,8,11,L,J.Lester(46)
109,113,110,110,Aug 3,@,OAK,"W,4-2",38,37,4,14,2,0,0,4,1,0,4,0,0,0,0,3,1,0,0.262,0.311,0.374,0.685,7,9,L,S.Kazmir(37)
110,114,111,111,Aug 5,@,ARI,"W,12-2",44,39,12,15,1,0,3,11,3,1,5,0,1,1,0,2,1,0,0.263,0.312,0.376,0.689,5,13,L,W.Miley(7)
111,115,112,112,Aug 6,@,ARI,"W,4-3",35,32,4,5,1,0,1,4,2,0,7,1,0,0,0,0,0,0,0.263,0.312,0.375,0.687,4,14,R,J.Collmenter(58)
112,116,113,113,Aug 7,@,ARI,"W,6-2",38,36,6,11,3,0,1,6,1,0,6,1,0,0,0,0,2,1,0.263,0.312,0.376,0.688,5,9,L,V.Nuno(29)
113,117,114,114,Aug 8,,SFG,"W,4-2",30,29,4,7,1,0,1,4,0,0,5,1,0,0,2,2,0,1,0.263,0.312,0.376,0.688,2,10,L,M.Bumgarner(59)
114,118,115,115,Aug 9,,SFG,"W,5-0",32,32,5,9,2,0,1,5,0,0,1,0,0,0,0,1,1,0,0.263,0.311,0.377,0.688,3,10,R,T.Hudson(49)
115,119,116,116,Aug 10,,SFG,"W,7-4",38,32,7,10,2,0,2,6,5,0,5,0,1,0,0,1,7,0,0.263,0.312,0.378,0.691,7,10,R,T.Lincecum(21)
116,120,117,117,Aug 11,,OAK,"W,3-2",31,28,3,6,0,0,0,2,3,0,2,0,0,0,0,1,0,0,0.263,0.312,0.377,0.689,4,10,R,S.Gray(54)
117,121,118,118,Aug 12,,OAK,"L,3-11",35,32,3,7,3,0,0,3,2,0,12,0,0,1,0,1,0,0,0.263,0.312,0.377,0.688,5,12,L,J.Lester(55)
118,122,119,119,Aug 13,,OAK,"W,3-0",31,27,3,7,0,0,1,3,2,0,3,0,1,1,0,2,1,0,0.263,0.312,0.377,0.688,4,11,L,S.Kazmir(53)
119,123,120,120,Aug 14,,OAK,"W,7-3",36,34,7,12,1,1,0,7,1,0,8,0,0,1,0,1,3,0,0.263,0.312,0.377,0.689,5,11,R,J.Samardzija(48)
120,124,121,121,Aug 15,@,MIN,"W,6-5",40,38,6,12,2,2,0,6,1,0,5,1,0,0,0,0,2,0,0.264,0.312,0.378,0.69,7,10,R,R.Nolasco(40)
121,125,122,122,Aug 16,@,MIN,"L,1-4",35,34,1,8,1,0,0,0,0,0,9,1,0,0,0,1,1,0,0.264,0.312,0.377,0.689,7,10,R,P.Hughes(66)
122,126,123,123,Aug 17,@,MIN,"W,12-6",44,40,12,13,1,1,3,10,2,0,6,2,0,0,1,1,1,0,0.264,0.313,0.38,0.692,5,11,L,T.Milone(19)
123,127,124,124,Aug 18,@,MIN,"W,6-4",43,38,6,13,1,0,2,6,5,0,3,0,0,0,0,1,0,0,0.265,0.314,0.381,0.694,10,11,R,T.May(35)
124,128,125,125,Aug 19,@,COL,"W,7-4",42,37,7,11,6,0,0,7,5,0,9,0,0,0,0,0,0,1,0.265,0.314,0.382,0.696,8,16,L,T.Matzek(52)
125,129,126,126,Aug 20,@,COL,"L,2-5",31,27,2,5,1,0,1,2,3,0,3,0,0,1,0,4,0,0,0.265,0.314,0.381,0.695,2,11,L,J.De La Rosa(64)
126,130,127,127,Aug 22,@,TEX,"W,6-3",40,37,6,9,2,0,2,6,1,0,4,1,1,0,2,0,2,0,0.264,0.314,0.382,0.695,7,10,R,C.Lewis(46)
127,131,128,128,Aug 23,@,TEX,"W,6-3",36,31,6,8,0,0,1,6,4,0,2,0,1,0,0,3,0,0,0.264,0.314,0.382,0.696,3,9,R,N.Tepesch(34)
128,132,129,129,Aug 24,@,TEX,"L,1-3",34,33,1,6,0,0,1,1,1,0,6,0,0,0,0,0,1,0,0.264,0.313,0.381,0.694,6,10,R,S.Baker(53)
129,133,130,130,Aug 25,,NYY,"L,1-8",33,33,1,7,1,0,1,1,0,0,6,0,0,0,0,0,1,1,0.263,0.312,0.381,0.693,5,10,R,M.Pineda(64)
130,134,131,131,Aug 26,,MIN,"W,2-1",30,27,2,5,0,0,1,2,1,0,8,2,0,0,0,1,1,1,0.263,0.312,0.38,0.692,4,9,R,R.Nolasco(76)
131,135,132,132,Aug 27,,MIN,"W,6-1",33,32,6,9,0,1,0,6,1,0,4,0,0,0,1,1,2,0,0.263,0.312,0.38,0.692,3,11,R,P.Hughes(53)
132,136,133,133,Aug 28,,MIN,"L,5-11",46,41,5,12,0,1,1,5,5,0,2,0,0,0,0,1,2,1,0.263,0.313,0.38,0.693,11,10,L,T.Milone(34)
133,137,134,134,Aug 29,,CLE,"L,1-6",40,36,1,9,0,0,0,1,3,0,4,1,0,0,0,0,0,0,0.263,0.313,0.379,0.692,12,9,R,D.Salazar(60)
134,138,135,135,Aug 30,,CLE,"L,2-3",51,42,2,9,4,0,0,2,9,2,13,0,0,0,1,1,3,0,0.263,0.313,0.378,0.691,16,12,R,T.Bauer(62)
135,139,136,136,Aug 31 susp,,CLE,"L,3-4",38,36,3,9,1,0,1,3,0,0,7,1,0,1,0,2,3,0,0.263,0.313,0.378,0.691,5,12,L,T.House(68)
136,141,137,137,Sep 1,,TEX,"W,4-3",35,33,4,10,3,0,1,4,2,0,6,0,0,0,0,0,2,0,0.263,0.313,0.379,0.692,7,11,R,C.Lewis(47)
137,142,138,138,Sep 2,,TEX,"W,2-1",32,30,2,8,6,0,0,2,0,0,6,1,1,0,0,1,3,0,0.263,0.313,0.38,0.692,6,13,L,D.Holland(67)
138,143,139,139,Sep 3,,TEX,"W,4-1",29,29,4,6,3,0,1,3,0,0,2,0,0,0,0,1,1,0,0.263,0.312,0.38,0.692,1,11,R,N.Tepesch(49)
139,144,140,140,Sep 5,@,NYY,"W,1-0",30,30,1,3,0,0,0,1,0,0,8,0,0,0,1,0,0,1,0.262,0.311,0.378,0.689,2,10,R,M.Pineda(73)
140,145,141,141,Sep 6,@,NYY,"L,2-6",33,31,2,6,3,0,0,2,1,0,6,0,0,1,0,0,0,0,0.261,0.31,0.377,0.688,4,9,R,B.McCarthy(57)
141,146,142,142,Sep 7,@,NYY,"W,2-0",36,32,2,7,0,0,0,1,4,1,9,0,0,0,1,0,3,1,0.261,0.31,0.376,0.687,7,10,R,S.Greene(54)
142,147,143,143,Sep 8,@,DET,"L,5-9",36,33,5,8,0,1,1,5,2,0,5,0,1,0,0,1,0,0,0.261,0.31,0.377,0.687,4,9,R,J.Verlander(52)
143,148,144,144,Sep 9,@,DET,"L,2-4",40,35,2,10,1,0,0,2,5,0,8,0,0,0,0,0,1,2,0.261,0.311,0.376,0.687,11,11,R,M.Scherzer(58)
144,149,145,145,Sep 10,@,DET,"W,3-0",38,35,3,10,0,1,0,3,1,0,9,1,0,1,0,0,2,0,0.261,0.311,0.376,0.687,8,11,R,R.Porcello(59)
145,150,146,146,Sep 11,,BOS,"L,3-6",37,32,3,6,2,0,0,2,3,0,9,1,1,0,0,0,1,0,0.261,0.31,0.375,0.686,7,9,R,C.Buchholz(55)
146,151,147,147,Sep 12,,BOS,"L,2-4",33,31,2,4,0,0,1,2,1,0,4,1,0,0,0,0,0,0,0.26,0.31,0.374,0.684,4,9,R,A.Webster(57)
147,152,148,148,Sep 13,,BOS,"W,7-1",36,35,7,12,4,0,0,5,1,0,7,0,0,0,0,0,1,1,0.26,0.31,0.375,0.685,5,9,R,R.De La Rosa(32)
148,153,149,149,Sep 14,,BOS,"L,4-8",39,35,4,9,1,0,1,4,4,0,4,0,0,0,0,1,0,0,0.26,0.31,0.375,0.685,8,9,R,J.Kelly(47)
149,154,150,150,Sep 15,,CHW,"W,4-3",39,33,4,9,3,0,0,3,6,0,7,0,0,0,0,2,2,0,0.26,0.311,0.375,0.685,9,14,L,J.Danks(70)
150,155,151,151,Sep 16,,CHW,"L,5-7",42,34,5,9,0,0,0,5,7,0,7,0,0,1,0,0,3,0,0.261,0.311,0.374,0.685,10,11,R,C.Bassitt(35)
151,156,152,152,Sep 17,,CHW,"W,6-2",40,34,6,11,2,0,2,5,5,1,9,1,0,0,0,0,0,1,0.261,0.312,0.375,0.687,10,13,L,C.Sale(33)
152,157,153,153,Sep 19,,DET,"L,1-10",32,31,1,7,2,0,0,1,0,0,5,0,0,1,0,2,1,0,0.261,0.311,0.375,0.686,4,17,R,J.Verlander(64)
153,158,154,154,Sep 20,,DET,"L,2-3",39,35,2,11,3,0,0,1,1,0,7,1,2,0,0,0,1,0,0.261,0.312,0.375,0.687,10,12,R,M.Scherzer(66)
154,159,155,155,Sep 21,,DET,"W,5-2",38,34,5,11,3,1,0,5,3,1,5,1,0,0,0,0,2,1,0.261,0.312,0.375,0.688,9,11,R,R.Porcello(25)
155,160,156,156,Sep 22,@,CLE,"W,2-0",36,35,2,8,1,0,0,2,1,0,11,0,0,0,0,1,2,0,0.261,0.312,0.375,0.687,7,10,R,C.Carrasco(64)
156,161,157,157,Sep 23,@,CLE,"W,7-1",42,39,7,13,6,0,0,7,3,2,11,0,0,0,1,1,0,1,0.262,0.312,0.375,0.688,8,10,R,D.Salazar(33)
157,162,158,158,Sep 24,@,CLE,"L,4-6",41,36,4,10,2,0,0,4,4,1,5,1,0,0,0,0,0,0,0.262,0.313,0.375,0.688,10,9,R,T.Bauer(30)
158,163,159,159,Sep 25,@,CHW,"W,6-3",40,39,6,14,2,1,1,6,1,0,7,0,0,0,0,1,1,0,0.263,0.313,0.376,0.69,7,11,L,J.Quintana(43)
159,164,160,160,Sep 26,@,CHW,"W,3-1",34,32,3,7,0,1,0,3,2,0,9,0,0,0,0,2,2,0,0.262,0.313,0.376,0.689,4,11,R,H.Noesi(51)
160,165,161,161,Sep 27,@,CHW,"L,4-5",37,33,4,8,0,0,1,4,4,0,3,0,0,0,0,1,0,1,0.262,0.313,0.376,0.689,6,10,L,J.Danks(60)
161,166,162,162,Sep 28,@,CHW,"W,6-4",44,38,6,12,5,0,0,5,3,0,12,2,0,1,0,0,0,0,0.263,0.314,0.376,0.69,11,19,R,C.Bassitt(43)
