,Rk,Gtm,Date,Unnamed: 3,Opp,Rslt,PA,AB,R,H,2B,3B,HR,RBI,BB,IBB,SO,HBP,SH,SF,ROE,GDP,SB,CS,BA,OBP,SLG,OPS,LOB,#,Thr,Opp. Starter (GmeSc)
0,1,1,Apr 3,@,PHI,"W,13-5",46,40,13,17,4,1,3,13,3,1,4,0,1,2,1,2,0,0,0.425,0.444,0.8,1.244,6,15,R,J.Lieber(12)
1,2,2,Apr 5,@,PHI,"W,4-3",44,35,4,9,0,0,2,4,9,0,5,0,0,0,0,1,2,0,0.347,0.427,0.627,1.054,13,12,R,B.Myers(42)
2,3,3,Apr 6,@,PHI,"W,4-2",42,38,4,10,1,0,0,4,2,0,8,2,0,0,2,1,2,0,0.319,0.397,0.513,0.91,11,14,R,C.Lidle(45)
3,4,4,Apr 7,@,CHC,"L,1-5",31,29,1,4,1,0,1,1,2,0,5,0,0,0,0,1,1,0,0.282,0.358,0.465,0.823,3,13,R,G.Maddux(60)
4,5,5,Apr 8,@,CHC,"L,2-3",38,33,2,5,1,0,0,1,5,1,8,0,0,0,2,0,1,1,0.257,0.34,0.411,0.751,9,15,R,C.Zambrano(61)
5,6,6,Apr 9,@,CHC,"L,4-8",36,32,4,9,1,0,1,4,2,0,6,1,1,0,0,1,1,1,0.261,0.34,0.411,0.751,5,17,L,S.Marshall(40)
6,7,7,Apr 10,,MIL,"W,6-4",40,31,6,8,2,0,2,6,6,1,2,1,1,1,1,0,0,0,0.261,0.347,0.424,0.771,10,11,R,T.Ohka(32)
7,8,8,Apr 12,,MIL,"W,8-3",34,30,8,7,1,0,0,7,2,0,4,1,0,1,0,0,1,0,0.257,0.341,0.407,0.748,2,12,R,D.Bush(28)
8,9,9,Apr 13,,MIL,"L,3-4",45,40,3,8,1,1,0,3,3,0,6,0,1,1,1,0,1,0,0.25,0.33,0.39,0.719,9,19,L,D.Davis(53)
9,10,10,Apr 14,,CIN,"L,0-1",34,29,0,5,1,0,0,0,3,0,7,0,2,0,0,1,1,0,0.243,0.323,0.374,0.697,7,13,R,A.Harang(72)
10,11,11,Apr 15,,CIN,"W,9-3",40,34,9,11,3,0,3,9,5,0,5,0,1,0,1,0,0,0,0.251,0.331,0.402,0.733,7,14,L,D.Williams(22)
11,12,12,Apr 16,,CIN,"W,8-7",39,35,8,13,1,1,4,8,4,1,3,0,0,0,0,1,1,1,0.261,0.34,0.436,0.776,7,17,R,B.Arroyo(35)
12,13,13,Apr 17,@,PIT,"W,2-1",38,35,2,8,2,0,1,2,2,0,6,1,0,0,1,0,1,0,0.259,0.336,0.431,0.767,9,11,L,P.Maholm(52)
13,14,14,Apr 18,@,PIT,"L,4-12",37,33,4,8,3,0,1,4,4,0,3,0,0,0,0,2,0,0,0.257,0.335,0.43,0.766,6,17,L,O.Perez(50)
14,15,15,Apr 19,@,PIT,"W,4-0",33,30,4,5,2,0,2,4,3,1,5,0,0,0,0,2,1,0,0.252,0.33,0.431,0.76,2,12,R,V.Santos(63)
15,16,16,Apr 21,,CHC,"W,9-3",39,33,9,10,1,0,2,9,5,0,5,0,0,1,0,0,0,0,0.255,0.333,0.436,0.769,6,11,R,J.Williams(12)
16,17,17,Apr 22,,CHC,"W,4-1",35,27,4,4,1,0,0,4,6,0,6,1,1,0,0,0,0,0,0.25,0.333,0.424,0.757,7,15,L,G.Rusch(47)
17,18,18,Apr 23,,CHC,"L,3-7",37,36,3,10,6,0,0,3,1,0,6,0,0,0,0,0,0,1,0.252,0.331,0.425,0.756,7,17,R,G.Maddux(70)
18,19,19,Apr 24,,PIT,"W,7-2",36,32,7,11,2,0,1,7,2,0,8,0,2,0,1,1,0,0,0.256,0.333,0.429,0.762,5,11,L,O.Perez(25)
19,20,20,Apr 25,,PIT,"W,6-3",37,34,6,12,1,1,2,6,3,1,4,0,0,0,0,1,1,1,0.261,0.337,0.438,0.775,7,12,R,V.Santos(31)
20,21,21,Apr 26,,PIT,"W,4-3",39,31,4,12,1,0,0,4,5,3,6,0,2,1,0,2,1,0,0.267,0.343,0.438,0.78,10,12,L,Z.Duke(41)
21,22,22,Apr 27,,WSN,"W,6-2",41,31,6,8,3,1,1,6,7,0,4,1,1,1,1,0,0,0,0.266,0.345,0.441,0.786,11,13,L,M.O'Connor(53)
22,23,23,Apr 28,,WSN,"L,3-8",36,31,3,5,1,0,1,3,4,0,8,1,0,0,0,0,1,0,0.262,0.343,0.435,0.777,6,14,R,T.Armas(58)
23,24,24,Apr 29,,WSN,"W,2-1",33,28,2,5,0,0,1,2,4,0,4,0,0,1,1,1,0,0,0.259,0.34,0.429,0.77,7,13,R,L.Hernández(69)
24,25,25,Apr 30,,WSN,"W,9-2",42,32,9,12,1,0,1,9,7,2,4,0,2,1,0,1,0,0,0.264,0.346,0.432,0.778,9,15,R,Z.Day(37)
25,26,26,May 1,@,CIN,"L,1-6",33,30,1,4,1,0,1,1,3,0,4,0,0,0,0,1,0,0,0.259,0.341,0.426,0.768,5,13,R,B.Arroyo(76)
26,27,27,May 2,@,CIN,"L,2-3",38,33,2,10,0,0,1,2,2,0,3,1,2,0,0,0,0,2,0.261,0.342,0.425,0.767,9,15,L,D.Williams(50)
27,28,28,May 3,@,HOU,"L,4-5",34,33,4,6,1,0,3,4,0,0,6,1,0,0,1,1,1,0,0.258,0.338,0.427,0.765,3,13,R,R.Oswalt(67)
28,29,29,May 4,@,HOU,"L,3-4",38,35,3,9,2,0,0,3,2,0,3,1,0,0,0,1,1,0,0.258,0.337,0.423,0.76,8,14,L,A.Pettitte(48)
29,30,30,May 5,@,FLA,"W,7-2",41,37,7,11,0,0,1,7,3,0,8,0,0,1,1,0,0,0,0.259,0.337,0.421,0.758,7,14,R,S.Mitre(18)
30,31,31,May 6,@,FLA,"W,7-6",46,39,7,14,4,1,0,6,5,1,5,0,1,1,1,1,0,0,0.263,0.34,0.425,0.765,12,14,L,D.Willis(16)
31,32,32,May 7,@,FLA,"W,9-1",44,37,9,11,3,0,0,9,5,0,7,2,0,0,0,1,0,0,0.264,0.343,0.423,0.766,8,14,L,S.Olsen(20)
32,33,33,May 8,,COL,"L,2-6",36,30,2,7,0,0,0,2,5,0,1,0,0,1,0,2,0,1,0.263,0.342,0.418,0.761,7,12,L,J.Francis(61)
33,34,34,May 9,,COL,"W,4-2",34,33,4,10,2,0,1,4,1,0,3,0,0,0,0,1,0,0,0.265,0.342,0.419,0.761,6,14,R,J.Fogg(63)
34,35,35,May 10,,COL,"W,7-4",38,34,7,13,2,0,2,7,1,0,8,0,2,1,0,0,1,0,0.268,0.343,0.425,0.768,7,17,R,B.Kim(19)
35,36,36,May 12,,ARI,"W,5-3",36,29,5,7,0,0,1,5,3,0,6,2,1,1,1,1,0,0,0.267,0.343,0.423,0.766,7,13,R,J.Cruz(33)
36,37,37,May 13,,ARI,"W,9-1",44,39,9,15,4,0,2,9,4,0,7,1,0,0,1,1,0,0,0.271,0.347,0.43,0.777,11,16,R,C.Vargas(10)
37,38,38,May 14,,ARI,"L,6-7",41,34,6,9,0,0,0,4,5,0,4,1,0,1,2,3,0,0,0.271,0.347,0.426,0.773,8,16,R,M.Batista(53)
38,39,39,May 16,,NYM,"L,3-8",36,30,3,8,1,0,0,3,2,0,2,1,2,1,0,0,0,0,0.271,0.347,0.423,0.769,6,15,L,T.Glavine(47)
39,40,40,May 17,,NYM,"W,1-0",32,27,1,4,1,0,0,1,5,1,2,0,0,0,0,1,0,0,0.268,0.345,0.418,0.763,7,12,R,S.Trachsel(64)
40,41,41,May 18,,NYM,"W,6-3",35,32,6,8,3,0,0,5,2,0,5,0,1,0,1,0,1,0,0.268,0.344,0.416,0.76,5,12,R,J.Lima(34)
41,42,42,May 19,@,KCR,"W,9-6",42,37,9,12,2,1,1,8,3,0,2,1,1,0,1,2,0,0,0.269,0.345,0.419,0.764,6,9,L,M.Redman(23)
42,43,43,May 20,@,KCR,"W,4-2",38,35,4,9,2,0,1,4,2,1,6,1,0,0,0,0,1,1,0.269,0.345,0.418,0.763,7,10,R,D.Bautista(61)
43,44,44,May 21,@,KCR,"W,10-3",44,36,10,12,1,0,3,9,7,1,3,0,1,0,0,1,0,1,0.271,0.347,0.423,0.77,7,12,R,S.Elarton(40)
44,45,45,May 22,@,SFG,"L,2-9",36,32,2,8,2,0,0,2,3,0,4,1,0,0,0,1,0,1,0.27,0.347,0.421,0.767,7,15,R,J.Wright(68)
45,46,46,May 23,@,SFG,"W,8-5",43,39,8,12,2,0,1,7,3,0,2,1,0,0,2,0,0,1,0.271,0.348,0.421,0.768,8,12,R,M.Morris(36)
46,47,47,May 24,@,SFG,"W,10-4",46,38,10,15,1,1,2,9,7,0,1,0,0,1,0,3,0,1,0.274,0.351,0.426,0.777,9,15,L,N.Lowry(34)
47,48,48,May 26,@,SDP,"L,1-7",35,32,1,5,2,0,0,1,2,1,8,1,0,0,0,0,0,0,0.272,0.349,0.422,0.77,7,13,R,C.Hensley(72)
48,49,49,May 27,@,SDP,"W,4-3",39,30,4,7,2,1,0,4,4,1,7,2,2,1,0,1,0,0,0.271,0.349,0.421,0.769,8,16,R,C.Park(44)
49,50,50,May 28,@,SDP,"L,8-10",43,40,8,16,4,0,3,8,1,0,7,0,2,0,0,2,1,0,0.274,0.35,0.428,0.778,8,14,R,J.Peavy(31)
50,51,51,May 29,,HOU,"W,3-1",38,34,3,12,1,0,1,3,2,0,7,1,1,0,1,1,0,1,0.276,0.351,0.429,0.78,11,13,R,R.Oswalt(62)
51,52,52,May 30,,HOU,"L,3-6",36,35,3,9,4,0,2,3,1,1,7,0,0,0,0,1,0,0,0.275,0.35,0.431,0.781,6,13,L,A.Pettitte(49)
52,53,53,May 31,,HOU,"W,4-3",47,41,4,8,3,0,0,3,4,1,7,2,0,0,0,0,0,0,0.274,0.349,0.428,0.776,11,15,R,T.Buchholz(44)
53,54,54,Jun 2,,CHC,"L,4-5",63,58,4,19,2,0,0,4,3,2,10,1,0,1,0,1,0,1,0.275,0.349,0.425,0.775,17,20,L,S.Marshall(52)
54,55,55,Jun 3,,CHC,"L,5-8",35,30,5,7,2,0,0,5,4,0,8,0,1,0,0,3,0,0,0.275,0.349,0.423,0.772,3,13,L,G.Rusch(50)
55,56,56,Jun 4,,CHC,"W,9-6",39,36,9,14,4,0,0,8,2,0,3,0,0,1,0,1,2,0,0.277,0.35,0.425,0.775,6,17,R,G.Maddux(23)
56,57,57,Jun 5,,CIN,"L,7-8",38,33,7,7,0,0,3,6,5,0,6,0,0,0,0,1,0,0,0.276,0.349,0.426,0.775,4,17,L,B.Claussen(44)
57,58,58,Jun 6,,CIN,"L,0-7",33,33,0,5,2,0,0,0,0,0,4,0,0,0,1,0,0,0,0.274,0.346,0.422,0.769,6,15,L,E.Milton(70)
58,59,59,Jun 7,,CIN,"L,4-7",36,35,4,11,1,0,1,4,1,0,3,0,0,0,0,2,0,1,0.274,0.346,0.422,0.768,5,15,R,A.Harang(43)
59,60,60,Jun 9,@,MIL,"W,10-6",45,37,10,12,5,1,0,9,8,1,9,0,0,0,0,2,2,0,0.275,0.348,0.424,0.772,8,18,L,J.De La Rosa(29)
60,61,61,Jun 10,@,MIL,"L,3-4",37,36,3,11,2,0,1,3,1,0,8,0,0,0,0,2,0,0,0.276,0.348,0.424,0.772,7,15,L,C.Capuano(51)
61,62,62,Jun 11,@,MIL,"W,7-5",39,34,7,9,2,0,1,6,3,0,5,0,1,1,0,0,1,0,0.276,0.347,0.424,0.771,5,16,R,D.Bush(20)
62,63,63,Jun 13,@,PIT,"W,2-1",34,33,2,8,2,0,0,2,1,0,5,0,0,0,0,1,0,0,0.275,0.346,0.422,0.768,5,13,L,O.Perez(58)
63,64,64,Jun 14,@,PIT,"L,7-9",40,34,7,13,4,0,1,7,4,0,5,0,2,0,0,0,1,2,0.277,0.347,0.425,0.772,6,14,L,Z.Duke(27)
64,65,65,Jun 15,@,PIT,"W,6-5",46,37,6,14,2,1,0,6,6,2,7,1,2,0,0,1,0,1,0.278,0.35,0.426,0.776,13,14,R,V.Santos(29)
65,66,66,Jun 16,,COL,"W,8-1",37,32,8,11,5,0,0,7,3,1,2,0,1,1,0,1,0,0,0.279,0.35,0.427,0.777,5,13,R,A.Cook(57)
66,67,67,Jun 17,,COL,"W,6-5",33,30,6,7,2,1,2,6,1,0,6,1,1,0,1,0,1,1,0.279,0.349,0.429,0.778,3,12,L,J.Francis(37)
67,68,68,Jun 18,,COL,"W,4-1",33,31,4,9,0,1,1,4,2,1,4,0,0,0,0,1,1,0,0.279,0.349,0.429,0.778,5,14,R,J.Fogg(36)
68,69,69,Jun 20,@,CHW,"L,6-20",45,42,6,16,3,0,1,6,2,0,5,1,0,0,0,1,0,0,0.281,0.351,0.431,0.781,12,13,R,J.Vazquez(51)
69,70,70,Jun 21,@,CHW,"L,5-13",37,37,5,11,1,0,3,5,0,0,7,0,0,0,0,1,0,0,0.281,0.35,0.433,0.783,5,13,L,M.Buehrle(46)
70,71,71,Jun 22,@,CHW,"L,0-1",32,31,0,4,1,0,0,0,1,0,3,0,0,0,0,0,1,0,0.279,0.347,0.43,0.777,5,9,R,F.Garcia(75)
71,72,72,Jun 23,@,DET,"L,6-10",41,37,6,12,4,0,1,6,3,0,9,0,0,1,0,0,1,0,0.28,0.348,0.431,0.779,8,9,R,J.Verlander(44)
72,73,73,Jun 24,@,DET,"L,6-7",45,36,6,11,2,0,0,5,4,2,3,1,1,3,0,0,0,1,0.28,0.348,0.43,0.778,9,9,L,K.Rogers(31)
73,74,74,Jun 25,@,DET,"L,1-4",36,35,1,9,1,0,0,1,1,0,10,0,0,0,0,1,0,0,0.28,0.347,0.428,0.775,8,11,R,J.Bonderman(66)
74,75,75,Jun 26,,CLE,"L,3-10",41,38,3,12,2,0,0,3,3,0,7,0,0,0,0,1,0,0,0.28,0.347,0.427,0.774,11,15,L,C.Lee(51)
75,76,76,Jun 27,,CLE,"L,1-3",33,33,1,6,1,0,0,1,0,0,4,0,0,0,0,0,0,0,0.279,0.346,0.424,0.77,5,12,L,C.Sabathia(72)
76,77,77,Jun 28,,CLE,"W,5-4",37,33,5,7,1,0,1,4,3,0,5,0,1,0,2,0,0,0,0.278,0.345,0.423,0.768,6,16,R,J.Westbrook(51)
77,78,78,Jun 30,,KCR,"L,5-7",48,42,5,13,3,0,0,4,5,3,6,1,0,0,1,2,0,0,0.279,0.345,0.422,0.768,13,18,R,B.Duckworth(25)
78,79,79,Jul 1,,KCR,"L,7-8",51,47,7,15,2,0,4,7,4,1,9,0,0,0,0,1,0,0,0.279,0.346,0.426,0.772,11,19,L,M.Redman(38)
79,80,80,Jul 2,,KCR,"W,9-7",40,34,9,11,0,0,3,9,5,0,6,1,0,0,0,0,0,0,0.28,0.347,0.428,0.775,7,13,R,M.Wood(18)
80,81,81,Jul 3,@,ATL,"L,3-6",36,35,3,9,3,0,1,3,0,0,10,1,0,0,0,1,0,0,0.28,0.346,0.428,0.774,6,13,R,J.Smoltz(53)
81,82,82,Jul 4,@,ATL,"W,6-3",38,31,6,9,5,0,1,5,4,0,4,0,2,1,0,2,0,0,0.28,0.346,0.429,0.775,5,16,R,J.Thomson(25)
82,83,83,Jul 5,@,ATL,"L,4-14",38,35,4,10,3,0,2,4,2,0,2,0,0,1,0,1,0,0,0.28,0.346,0.43,0.776,7,17,L,C.James(40)
83,84,84,Jul 6,@,HOU,"L,2-4",34,30,2,6,2,0,1,2,2,1,5,1,1,0,0,0,0,0,0.279,0.345,0.43,0.775,5,13,R,T.Buchholz(60)
84,85,85,Jul 7,@,HOU,"W,8-2",43,36,8,11,2,0,1,8,6,1,4,1,0,0,0,1,0,0,0.279,0.346,0.43,0.776,8,11,L,W.Rodriguez(36)
85,86,86,Jul 8,@,HOU,"W,7-6",42,40,7,11,1,0,2,6,2,0,6,0,0,0,1,1,1,0,0.279,0.346,0.43,0.776,5,19,R,R.Clemens(50)
86,87,87,Jul 9,@,HOU,"W,7-5",52,47,7,11,2,1,1,7,4,2,14,1,0,0,2,1,2,0,0.279,0.345,0.43,0.775,9,15,L,A.Pettitte(58)
87,88,88,Jul 13,,LAD,"W,3-2",57,48,3,10,2,0,2,3,8,1,7,1,0,0,0,1,0,0,0.277,0.345,0.429,0.774,14,19,R,C.Billingsley(54)
88,89,89,Jul 14,,LAD,"W,5-0",37,34,5,12,0,0,2,5,2,1,6,0,1,0,0,0,1,1,0.278,0.345,0.43,0.775,8,10,R,D.Lowe(38)
89,90,90,Jul 15,,LAD,"W,2-1",40,36,2,8,3,0,1,2,4,2,6,0,0,0,0,0,0,1,0.278,0.345,0.429,0.774,9,14,L,M.Hendrickson(62)
90,91,91,Jul 16,,LAD,"W,11-3",41,40,11,15,5,0,1,11,1,0,7,0,0,0,1,0,0,0,0.279,0.345,0.431,0.777,6,16,R,B.Penny(27)
91,92,92,Jul 17,,ATL,"L,3-15",39,34,3,7,3,0,1,3,5,0,2,0,0,0,1,1,1,0,0.278,0.345,0.431,0.776,9,19,L,H.Ramirez(56)
92,93,93,Jul 18,,ATL,"L,5-14",38,37,5,10,2,2,1,5,1,0,3,0,0,0,0,0,0,0,0.278,0.344,0.432,0.776,6,17,R,T.Hudson(36)
93,94,94,Jul 19,,ATL,"W,8-3",39,29,8,8,0,0,1,8,7,0,8,1,0,2,0,1,2,0,0.278,0.345,0.431,0.776,7,14,R,J.Shiell(41)
94,95,95,Jul 21,@,LAD,"W,2-0",37,32,2,8,0,0,1,2,3,1,5,1,1,0,0,2,0,0,0.278,0.345,0.43,0.775,8,13,R,B.Penny(53)
95,96,96,Jul 22,@,LAD,"W,6-1",37,34,6,9,3,0,3,5,3,0,2,0,0,0,0,2,1,0,0.278,0.345,0.432,0.777,4,16,R,A.Sele(28)
96,97,97,Jul 23,@,LAD,"W,6-1",38,33,6,8,1,0,2,6,5,1,5,0,0,0,1,2,0,0,0.277,0.345,0.432,0.777,5,13,R,C.Billingsley(29)
97,98,98,Jul 24,@,COL,"L,0-7",29,28,0,2,1,0,0,0,0,0,8,0,1,0,0,0,0,0,0.276,0.343,0.43,0.772,2,12,L,J.Francis(91)
98,99,99,Jul 25,@,COL,"W,1-0",31,29,1,4,0,0,1,1,2,0,4,0,0,0,0,1,0,1,0.274,0.342,0.428,0.77,3,11,R,J.Jennings(77)
99,100,100,Jul 26,@,COL,"W,6-1",43,37,6,11,0,0,2,6,5,1,5,0,1,0,1,0,0,0,0.275,0.342,0.428,0.77,10,15,R,A.Cook(44)
100,101,101,Jul 27,@,CHC,"L,4-5",43,35,4,12,1,0,1,4,5,1,5,1,2,0,0,2,0,0,0.275,0.343,0.429,0.772,12,14,L,R.Hill(30)
101,102,102,Jul 28,@,CHC,"L,5-6",39,31,5,6,3,0,0,4,7,0,9,1,0,0,0,1,1,0,0.275,0.343,0.428,0.771,7,15,R,C.Marmol(50)
102,103,103,Jul 29,@,CHC,"L,2-4",36,34,2,8,1,0,0,2,2,0,10,0,0,0,0,0,1,0,0.274,0.343,0.426,0.769,7,14,R,G.Maddux(64)
103,104,104,Jul 30,@,CHC,"L,3-6",40,33,3,8,1,1,0,3,6,0,7,0,0,1,0,1,0,0,0.274,0.343,0.425,0.768,10,20,R,C.Zambrano(54)
104,105,105,Aug 1,,PHI,"L,3-5",34,28,3,3,0,0,0,3,5,0,5,0,1,0,0,1,0,0,0.273,0.342,0.423,0.764,4,16,R,S.Mathieson(45)
105,106,106,Aug 2,,PHI,"L,8-16",39,35,8,12,3,0,2,8,4,0,8,0,0,0,0,4,0,0,0.273,0.342,0.424,0.767,4,20,R,B.Myers(38)
106,107,107,Aug 3,,PHI,"L,1-8",30,27,1,2,0,0,0,1,2,0,12,0,0,1,0,0,0,1,0.272,0.341,0.422,0.763,2,16,L,C.Hamels(79)
107,108,108,Aug 4,,MIL,"L,3-4",38,33,3,8,3,1,0,3,4,0,4,0,1,0,0,0,0,0,0.272,0.341,0.422,0.762,8,13,L,D.Davis(44)
108,109,109,Aug 5,,MIL,"W,4-3",35,29,4,6,2,0,1,4,6,0,7,0,0,0,0,1,1,0,0.271,0.341,0.421,0.762,7,17,R,B.Sheets(44)
109,110,110,Aug 6,,MIL,"W,7-1",36,36,7,12,5,0,2,7,0,0,9,0,0,0,0,0,0,0,0.272,0.341,0.423,0.764,5,11,L,C.Capuano(49)
110,111,111,Aug 7,@,CIN,"W,13-1",50,43,13,17,6,0,4,12,5,2,8,1,1,0,1,0,0,0,0.273,0.342,0.428,0.77,10,14,R,E.Ramirez(15)
111,112,112,Aug 8,@,CIN,"L,3-10",38,34,3,7,1,1,0,2,4,0,6,0,0,0,0,0,0,0,0.272,0.342,0.426,0.768,8,15,L,E.Milton(55)
112,113,113,Aug 9,@,CIN,"L,7-8",44,38,7,12,2,0,2,7,4,1,8,0,2,0,1,0,0,0,0.273,0.342,0.427,0.77,10,13,R,A.Harang(38)
113,114,114,Aug 10,@,CIN,"W,6-1",40,39,6,12,2,0,4,6,1,0,10,0,0,0,0,0,0,0,0.273,0.342,0.43,0.772,7,14,R,B.Arroyo(46)
114,115,115,Aug 11,@,PIT,"L,1-7",34,31,1,8,3,0,0,1,0,0,7,2,1,0,0,3,0,0,0.273,0.342,0.429,0.771,6,14,L,Z.Duke(74)
115,116,116,Aug 12,@,PIT,"L,2-3",34,31,2,5,2,0,1,2,3,1,8,0,0,0,1,1,0,0,0.272,0.341,0.428,0.769,5,12,R,I.Snell(62)
116,117,117,Aug 13,@,PIT,"L,0-7",40,34,0,10,2,0,0,0,6,0,3,0,0,0,0,1,0,1,0.272,0.341,0.428,0.769,13,14,L,P.Maholm(56)
117,118,118,Aug 15,,CIN,"W,5-0",40,34,5,12,4,0,1,4,4,1,4,1,1,0,0,1,0,0,0.273,0.342,0.429,0.771,11,10,R,A.Harang(33)
118,119,119,Aug 16,,CIN,"L,2-7",38,35,2,7,1,0,0,2,3,0,6,0,0,0,1,1,0,0,0.273,0.342,0.427,0.769,9,17,R,B.Arroyo(65)
119,120,120,Aug 17,,CIN,"W,2-1",31,29,2,7,0,0,1,2,2,0,6,0,0,0,0,1,0,1,0.272,0.341,0.427,0.768,5,12,R,K.Lohse(68)
120,121,121,Aug 18,@,CHC,"W,11-3",43,41,11,15,0,0,6,10,0,0,2,1,0,1,0,0,1,0,0.273,0.342,0.43,0.772,5,16,R,C.Marmol(33)
121,122,122,Aug 19,@,CHC,"L,4-5",43,36,4,9,2,0,2,4,5,0,10,0,1,1,0,1,0,0,0.273,0.341,0.431,0.772,9,16,R,C.Zambrano(61)
122,123,123,Aug 20,@,CHC,"W,5-3",37,34,5,9,1,0,2,5,3,0,7,0,0,0,1,3,0,0,0.273,0.341,0.431,0.772,5,12,R,J.Mateo(49)
123,124,124,Aug 22,@,NYM,"L,7-8",37,32,7,8,3,0,2,7,5,1,9,0,0,0,0,2,1,0,0.273,0.341,0.432,0.773,3,16,R,J.Maine(30)
124,125,125,Aug 23,@,NYM,"L,8-10",40,35,8,10,3,0,3,8,4,0,4,0,1,0,0,0,0,0,0.273,0.342,0.433,0.775,5,17,R,S.Trachsel(29)
125,126,126,Aug 24,@,NYM,"L,2-6",35,33,2,7,2,0,1,2,1,0,7,0,1,0,0,0,0,0,0.272,0.341,0.433,0.774,6,13,L,D.Williams(54)
126,127,127,Aug 25,,CHC,"W,2-0",41,36,2,13,1,0,0,2,2,1,4,1,1,1,1,0,1,0,0.273,0.341,0.432,0.774,15,12,R,J.Mateo(42)
127,128,128,Aug 26,,CHC,"W,2-1",35,33,2,8,0,0,1,2,1,1,3,0,1,0,0,0,1,0,0.273,0.341,0.432,0.772,7,12,L,R.Hill(67)
128,129,129,Aug 27,,CHC,"W,10-6",44,37,10,13,0,0,1,8,5,1,6,1,1,0,0,1,1,0,0.274,0.342,0.432,0.773,8,14,L,L.Walrond(20)
129,130,130,Aug 29,,FLA,"L,1-9",28,27,1,4,0,0,1,1,1,0,4,0,0,0,0,4,0,0,0.273,0.341,0.431,0.771,0,14,L,S.Olsen(75)
130,131,131,Aug 30,,FLA,"W,13-6",46,42,13,20,8,0,1,11,2,0,3,0,0,2,1,0,0,1,0.275,0.342,0.434,0.775,9,14,R,R.Nolasco(20)
131,132,132,Aug 31,,FLA,"W,5-2",37,33,5,10,1,0,1,5,3,1,4,0,0,1,0,0,0,0,0.275,0.342,0.433,0.775,8,14,L,D.Willis(64)
132,133,133,Sep 1,,PIT,"W,3-1",33,31,3,8,0,0,1,2,2,0,0,0,0,0,0,1,0,0,0.275,0.342,0.433,0.775,6,9,L,Z.Duke(48)
133,134,134,Sep 2,,PIT,"L,0-1",39,32,0,8,1,0,0,0,5,2,7,0,2,0,0,1,0,0,0.275,0.342,0.432,0.774,12,14,R,S.Chacon(58)
134,135,135,Sep 3,,PIT,"W,6-3",37,31,6,9,1,0,3,6,5,0,9,0,1,0,0,1,0,0,0.275,0.342,0.433,0.775,7,13,R,I.Snell(37)
135,136,136,Sep 4,@,WSN,"L,1-4",31,28,1,2,0,0,1,1,3,0,6,0,0,0,0,0,0,0,0.274,0.341,0.432,0.773,3,12,R,R.Ortiz(78)
136,137,137,Sep 5,@,WSN,"W,2-0",34,33,2,7,1,0,1,2,1,1,3,0,0,0,0,0,1,0,0.273,0.34,0.431,0.771,5,11,R,P.Astacio(55)
137,138,138,Sep 6,@,WSN,"L,6-7",39,35,6,9,0,0,3,6,4,0,4,0,0,0,0,1,2,0,0.273,0.34,0.431,0.772,6,18,L,M.O'Connor(61)
138,139,139,Sep 7,@,ARI,"W,6-2",40,36,6,10,0,1,2,5,3,0,7,0,1,0,0,0,0,0,0.273,0.34,0.432,0.772,7,17,R,M.Batista(39)
139,140,140,Sep 8,@,ARI,"L,1-13",33,29,1,4,0,0,1,1,4,0,2,0,0,0,0,1,0,0,0.272,0.34,0.431,0.771,5,20,R,L.Hernández(66)
140,141,141,Sep 9,@,ARI,"L,0-3",30,29,0,1,1,0,0,0,0,0,5,1,0,0,2,0,0,1,0.271,0.338,0.429,0.767,3,13,R,B.Webb(90)
141,142,142,Sep 10,@,ARI,"L,7-9",41,38,7,11,2,0,3,7,2,0,11,0,1,0,2,1,0,0,0.271,0.338,0.43,0.768,7,17,R,E.Gonzalez(37)
142,143,143,Sep 11,,HOU,"W,7-0",41,33,7,7,3,1,0,7,8,3,5,0,0,0,2,0,0,0,0.271,0.338,0.429,0.768,10,11,R,T.Buchholz(33)
143,144,144,Sep 12,,HOU,"W,6-5",39,33,6,7,2,1,1,6,4,2,7,1,1,0,1,0,0,0,0.27,0.338,0.429,0.768,7,17,L,A.Pettitte(49)
144,145,145,Sep 13,,HOU,"L,1-5",36,34,1,7,1,0,0,1,2,0,4,0,0,0,1,1,0,0,0.27,0.338,0.428,0.766,8,21,R,R.Oswalt(66)
145,146,146,Sep 15,,SFG,"W,14-4",41,33,14,11,2,0,4,14,5,0,3,2,1,0,0,0,0,1,0.27,0.338,0.43,0.769,3,16,R,B.Hennessey(21)
146,147,147,Sep 16,,SFG,"W,6-1",36,33,6,9,3,2,1,6,2,1,5,1,0,0,0,0,0,0,0.27,0.338,0.431,0.77,6,15,R,M.Morris(39)
147,148,148,Sep 18,@,MIL,"L,3-4",40,36,3,9,4,0,1,3,3,1,4,1,0,0,0,0,0,0,0.27,0.338,0.431,0.77,10,19,L,C.Capuano(49)
148,149,149,Sep 19,@,MIL,"W,12-2",51,44,12,17,4,1,1,12,6,0,11,0,0,1,1,0,2,0,0.271,0.339,0.433,0.772,12,17,R,B.Sheets(43)
149,150,150,Sep 20,@,MIL,"L,0-1",32,30,0,4,2,0,0,0,1,0,5,1,0,0,1,2,0,0,0.27,0.338,0.431,0.77,5,12,R,C.Villanueva(75)
150,151,151,Sep 21,@,HOU,"L,5-6",37,32,5,5,1,0,0,2,4,1,5,0,1,0,1,1,0,0,0.269,0.338,0.43,0.768,5,11,L,A.Pettitte(43)
151,152,152,Sep 22,@,HOU,"L,5-6",37,35,5,9,0,1,3,5,2,0,7,0,0,0,0,0,0,1,0.269,0.338,0.431,0.768,5,18,R,J.Hirsh(38)
152,153,153,Sep 23,@,HOU,"L,4-7",41,37,4,12,5,0,1,4,4,1,5,0,0,0,0,0,0,0,0.27,0.338,0.432,0.769,10,18,R,R.Oswalt(49)
153,154,154,Sep 24,@,HOU,"L,3-7",38,34,3,8,1,0,0,3,4,1,12,0,0,0,0,1,0,0,0.27,0.338,0.43,0.768,8,18,R,R.Clemens(60)
154,155,155,Sep 25,,SDP,"L,5-6",40,38,5,11,0,0,2,5,2,0,9,0,0,0,1,1,0,0,0.27,0.338,0.431,0.768,8,20,R,M.Thompson(27)
155,156,156,Sep 26,,SDP,"L,5-7",43,38,5,10,2,0,2,5,4,1,6,1,0,0,2,1,0,0,0.27,0.338,0.431,0.769,11,15,R,W.Williams(40)
156,157,157,Sep 27,,SDP,"W,4-2",31,27,4,4,0,0,1,4,4,0,7,0,0,0,0,1,2,0,0.269,0.337,0.43,0.767,3,18,R,C.Young(71)
157,158,158,Sep 28,,MIL,"L,4-9",41,32,4,6,2,0,2,4,9,0,10,0,0,0,0,1,2,0,0.269,0.338,0.43,0.768,10,20,L,D.Davis(63)
158,159,159,Sep 29,,MIL,"W,10-5",42,38,10,13,3,0,2,10,3,1,5,1,0,0,1,0,0,0,0.269,0.338,0.431,0.769,8,16,L,C.Capuano(24)
159,160,160,Sep 30,,MIL,"W,3-2",36,34,3,10,3,1,0,3,2,1,8,0,0,0,0,0,2,1,0.269,0.338,0.431,0.769,9,17,R,B.Sheets(64)
160,161,161,Oct 1,,MIL,"L,3-5",33,32,3,6,0,0,3,3,1,0,6,0,0,0,0,1,0,0,0.269,0.337,0.431,0.769,3,20,R,C.Villanueva(68)
