,index,Rk,Gtm,Date,Unnamed: 3,Opp,Rslt,PA,AB,R,H,2B,3B,HR,RBI,BB,IBB,SO,HBP,SH,SF,ROE,GDP,SB,CS,BA,OBP,SLG,OPS,LOB,#,Thr,Opp. Starter (GmeSc)
0,0,1,1,Apr 4,@,DET,"L,2-11",36,34,2,7,0,0,1,2,2,0,9,0,0,0,0,0,0,0,0.206,0.25,0.294,0.544,7,9,R,J.Bonderman(66)
1,1,2,2,Apr 6,@,DET,"W,7-2",41,37,7,15,2,1,1,6,3,0,9,0,0,1,0,2,0,2,0.31,0.351,0.451,0.801,7,9,L,M.Maroth(21)
2,2,3,3,Apr 7,@,DET,"L,3-7",37,35,3,9,2,0,1,3,1,0,6,1,0,0,1,1,0,1,0.292,0.333,0.434,0.767,7,9,R,J.Johnson(67)
3,3,4,4,Apr 8,@,LAA,"W,6-2",40,37,6,10,3,1,0,6,1,0,4,1,0,1,2,0,1,0,0.287,0.325,0.427,0.751,7,9,R,P.Byrd(43)
4,4,5,5,Apr 9,@,LAA,"L,3-8",38,29,3,3,1,0,1,2,7,0,6,1,1,0,0,0,0,0,0.256,0.319,0.395,0.715,8,9,R,K.Gregg(49)
5,5,6,6,Apr 10,@,LAA,"W,8-3",44,40,8,17,4,0,2,8,4,0,6,0,0,0,0,2,2,0,0.288,0.349,0.448,0.797,9,11,R,B.Colon(28)
6,6,7,7,Apr 11,,SEA,"L,2-8",34,32,2,6,1,0,0,2,2,0,1,0,0,0,0,0,0,0,0.275,0.335,0.418,0.753,5,10,R,R.Franklin(65)
7,7,8,8,Apr 13,,SEA,"L,1-2",33,29,1,4,0,1,0,1,3,0,5,0,0,1,0,0,1,0,0.26,0.321,0.396,0.717,5,12,R,A.Sele(64)
8,8,9,9,Apr 14,,SEA,"L,2-10",40,37,2,11,1,0,0,2,1,0,5,1,1,0,1,1,0,0,0.265,0.323,0.387,0.71,11,9,L,J.Moyer(54)
9,9,10,10,Apr 15,,DET,"W,6-5",35,30,6,10,4,0,2,6,3,0,6,0,1,1,0,2,0,0,0.271,0.328,0.412,0.74,5,9,L,W.Ledezma(41)
10,10,11,11,Apr 16,,DET,"L,1-7",34,33,1,6,1,0,1,1,1,0,5,0,0,0,0,0,0,0,0.263,0.318,0.402,0.72,6,9,R,J.Bonderman(71)
11,11,12,12,Apr 17,,DET,"L,1-6",33,32,1,5,0,0,1,1,1,0,7,0,0,0,0,0,0,0,0.254,0.308,0.39,0.698,5,9,L,M.Maroth(67)
12,12,13,13,Apr 18,,CLE,"L,1-5",34,30,1,3,1,0,0,1,4,0,7,0,0,0,0,0,2,0,0.244,0.3,0.372,0.673,6,9,L,C.Lee(76)
13,13,14,14,Apr 19,,CLE,"W,6-5",45,38,6,15,2,0,1,6,4,0,8,2,0,1,0,1,2,1,0.256,0.315,0.385,0.7,13,11,R,S.Elarton(21)
14,14,15,15,Apr 20,@,MIN,"L,4-5",33,32,4,6,0,0,1,4,0,0,13,0,1,0,0,0,1,0,0.251,0.307,0.378,0.686,2,11,L,J.Santana(61)
15,15,16,16,Apr 21,@,MIN,"L,9-10",44,39,9,13,0,1,2,8,2,0,10,0,2,1,1,1,1,2,0.257,0.311,0.39,0.701,5,10,L,D.Gassner(26)
16,16,17,17,Apr 22,,CHW,"L,2-8",32,30,2,4,1,0,0,2,1,0,4,0,0,1,0,0,0,0,0.251,0.303,0.378,0.681,3,10,R,F.Garcia(64)
17,17,18,18,Apr 23,,CHW,"L,2-3",40,34,2,7,2,0,1,2,4,1,11,1,1,0,0,0,0,1,0.248,0.303,0.377,0.68,8,11,R,J.Contreras(59)
18,18,19,19,Apr 24,,CHW,"L,3-4",40,34,3,5,2,0,1,2,6,0,8,0,0,0,2,0,2,0,0.243,0.302,0.372,0.674,10,9,R,O.Hernandez(52)
19,19,20,20,Apr 26,,MIN,"L,1-2",34,33,1,5,1,0,0,1,1,1,9,0,0,0,1,0,0,1,0.239,0.296,0.363,0.659,6,10,L,J.Santana(75)
20,20,21,21,Apr 27,,MIN,"L,4-9",37,33,4,8,4,0,1,4,3,0,2,0,1,0,0,0,0,1,0.239,0.296,0.367,0.664,6,11,R,J.Mays(39)
21,21,22,22,Apr 28,,MIN,"L,5-6",47,38,5,10,2,1,0,3,4,1,6,2,2,1,0,1,0,1,0.24,0.3,0.367,0.667,9,11,R,K.Lohse(42)
22,22,23,23,Apr 29,@,CLE,"L,0-6",34,31,0,3,1,0,0,0,2,0,7,1,0,0,1,0,0,0,0.234,0.295,0.358,0.653,7,10,L,C.Sabathia(74)
23,23,24,24,Apr 30,@,CLE,"W,8-1",41,38,8,12,1,0,3,8,3,0,6,0,0,0,1,1,0,0,0.238,0.298,0.368,0.666,6,9,L,C.Lee(29)
24,25,25,25,May 1,@,CLE,"W,6-5",36,35,6,8,1,0,4,6,1,0,6,0,0,0,2,1,0,1,0.238,0.296,0.378,0.674,3,10,R,S.Elarton(49)
25,26,26,26,May 3,@,CHW,"L,4-5",35,34,4,8,1,0,3,4,0,0,6,0,1,0,0,0,0,0,0.238,0.294,0.383,0.677,4,11,L,M.Buehrle(54)
26,27,27,27,May 4,@,CHW,"L,2-4",38,34,2,9,3,0,0,2,3,0,7,0,0,1,0,1,0,0,0.239,0.295,0.382,0.677,9,12,R,F.Garcia(51)
27,28,28,28,May 5,@,CHW,"L,1-2",33,30,1,4,0,0,1,1,3,0,7,0,0,0,0,0,0,1,0.235,0.292,0.378,0.67,5,10,R,J.Contreras(75)
28,29,29,29,May 6,@,BAL,"L,1-3",32,30,1,5,0,0,0,1,2,0,10,0,0,0,0,1,0,1,0.233,0.29,0.371,0.661,4,10,R,S.Ponson(74)
29,30,30,30,May 7,@,BAL,"L,3-5",36,34,3,7,0,0,1,3,2,0,5,0,0,0,2,0,1,0,0.232,0.289,0.369,0.657,6,11,L,B.Chen(68)
30,31,31,31,May 8,@,BAL,"W,10-8",42,38,10,9,2,0,3,8,4,1,8,0,0,0,3,1,0,0,0.232,0.289,0.374,0.664,5,13,R,R.Lopez(22)
31,32,32,32,May 9,@,TOR,"L,1-6",34,32,1,7,1,0,0,1,1,0,7,1,0,0,0,1,0,1,0.232,0.289,0.371,0.659,6,9,R,J.Towers(68)
32,33,33,33,May 10,@,TOR,"L,1-3",32,31,1,8,2,0,1,1,0,0,5,0,1,0,0,1,0,0,0.233,0.288,0.372,0.66,4,9,R,R.Halladay(72)
33,34,34,34,May 11,@,TOR,"L,9-12",44,39,9,16,6,0,2,9,4,0,7,1,0,0,0,1,0,2,0.239,0.295,0.384,0.678,8,10,R,D.Bush(34)
34,35,35,35,May 12,,TBD,"W,7-5",29,24,7,7,3,1,0,7,5,0,5,0,0,0,0,0,1,1,0.24,0.297,0.386,0.683,4,9,L,S.Kazmir(34)
35,36,36,36,May 13,,TBD,"L,2-3",34,28,2,4,1,0,0,2,4,1,3,0,1,1,0,1,0,0,0.238,0.296,0.381,0.677,5,10,R,D.Waechter(62)
36,37,37,37,May 14,,TBD,"W,6-5",36,29,6,6,2,0,0,6,7,1,3,0,0,0,0,1,0,0,0.237,0.298,0.379,0.676,6,10,R,H.Nomo(50)
37,38,38,38,May 15,,TBD,"W,4-3",31,29,4,9,1,1,1,3,1,0,2,0,1,0,0,1,0,1,0.239,0.298,0.382,0.68,3,9,L,M.Hendrickson(43)
38,39,39,39,May 17,,BAL,"L,8-12",42,36,8,12,4,0,0,6,5,0,9,0,0,1,0,2,0,1,0.241,0.302,0.384,0.685,7,9,R,S.Ponson(10)
39,40,40,40,May 18,,BAL,"L,4-7",38,36,4,9,2,0,0,4,2,0,11,0,0,0,0,0,0,0,0.241,0.301,0.382,0.683,7,10,L,B.Chen(50)
40,41,41,41,May 19,,BAL,"W,7-4",36,29,7,5,0,1,2,7,6,0,4,1,0,0,0,0,2,0,0.24,0.302,0.383,0.685,5,11,R,R.Lopez(43)
41,42,42,42,May 20,,STL,"L,6-7",40,34,6,10,4,0,0,3,5,0,5,1,0,0,1,4,0,0,0.241,0.305,0.384,0.688,7,11,L,M.Mulder(36)
42,43,43,43,May 21,,STL,"L,5-6",35,33,5,9,1,0,1,5,0,0,6,0,1,1,0,1,0,0,0.242,0.304,0.384,0.688,3,10,R,M.Morris(43)
43,44,44,44,May 22,,STL,"W,9-2",39,38,9,12,3,0,2,8,0,0,5,1,0,0,4,1,1,0,0.244,0.304,0.388,0.693,6,10,R,J.Suppan(30)
44,45,45,45,May 24,@,TEX,"L,3-4",38,35,3,10,3,1,0,2,3,0,4,0,0,0,0,2,1,0,0.245,0.305,0.389,0.694,8,11,R,R.Drese(52)
45,46,46,46,May 25,@,TEX,"L,3-7",35,34,3,7,1,0,1,3,1,0,7,0,0,0,0,0,1,0,0.244,0.304,0.388,0.691,5,12,R,P.Astacio(66)
46,47,47,47,May 26,@,TEX,"L,1-8",35,31,1,6,1,0,0,1,2,0,4,1,0,1,1,1,0,0,0.243,0.303,0.385,0.687,7,9,L,K.Rogers(62)
47,48,48,48,May 27,@,LAA,"L,8-9",43,42,8,12,2,1,1,5,1,0,4,0,0,0,0,0,0,0,0.244,0.303,0.386,0.689,5,9,R,P.Byrd(49)
48,49,49,49,May 28,@,LAA,"L,1-14",38,33,1,6,3,0,0,1,4,0,9,1,0,0,0,0,0,0,0.243,0.302,0.384,0.686,10,12,R,K.Escobar(60)
49,50,50,50,May 29,@,LAA,"L,6-7",44,43,6,16,2,0,1,6,1,0,8,0,0,0,0,0,0,0,0.246,0.304,0.387,0.691,11,13,R,B.Colon(45)
50,51,51,51,May 31,,NYY,"W,5-3",37,32,5,10,2,0,0,4,3,0,9,1,0,1,0,0,1,0,0.247,0.306,0.386,0.692,8,9,R,K.Brown(45)
51,53,52,52,Jun 1,,NYY,"W,3-1",34,31,3,9,3,0,1,3,1,0,7,1,1,0,0,0,1,1,0.248,0.306,0.388,0.695,7,9,L,R.Johnson(58)
52,54,53,53,Jun 2,,NYY,"W,5-2",32,32,5,9,3,0,2,5,0,0,4,0,0,0,0,1,0,0,0.249,0.306,0.391,0.697,3,9,R,C.Pavano(32)
53,55,54,54,Jun 3,,TEX,"W,2-1",32,29,2,7,0,0,1,2,2,1,4,0,1,0,0,0,0,1,0.249,0.306,0.391,0.696,6,10,R,P.Astacio(57)
54,56,55,55,Jun 4,,TEX,"L,9-14",45,42,9,17,3,0,1,8,2,0,13,1,0,0,0,2,1,0,0.252,0.309,0.394,0.703,9,11,R,C.Park(24)
55,57,56,56,Jun 5,,TEX,"L,1-8",35,30,1,5,1,0,0,1,3,0,5,2,0,0,0,2,0,0,0.251,0.308,0.391,0.699,7,11,L,K.Rogers(64)
56,58,57,57,Jun 7,@,SFG,"W,8-1",42,39,8,13,1,3,1,8,2,0,4,0,0,1,0,0,0,1,0.252,0.309,0.395,0.704,7,9,L,K.Rueter(20)
57,59,58,58,Jun 8,@,SFG,"W,4-1",39,33,4,9,1,2,0,3,4,0,2,0,1,1,0,1,0,0,0.253,0.31,0.396,0.706,8,15,L,J.Fassero(37)
58,60,59,59,Jun 9,@,SFG,"L,7-9",46,39,7,13,2,0,0,6,5,0,11,1,1,0,0,0,0,0,0.254,0.312,0.395,0.708,12,16,L,N.Lowry(49)
59,61,60,60,Jun 10,@,ARI,"L,11-12",52,42,11,13,5,1,2,11,10,0,6,0,0,0,0,0,0,0,0.256,0.315,0.4,0.715,11,19,R,R.Ortiz(52)
60,62,61,61,Jun 11,@,ARI,"W,8-5",46,43,8,18,3,0,1,8,2,1,8,0,0,1,0,0,1,0,0.259,0.318,0.403,0.721,11,14,L,B.Halsey(23)
61,63,62,62,Jun 12,@,ARI,"W,9-4",56,49,9,15,1,1,0,8,5,1,7,1,1,0,1,1,0,0,0.26,0.319,0.402,0.722,11,15,R,B.Webb(69)
62,64,63,63,Jun 14,,LAD,"W,3-2",30,28,3,7,1,0,2,3,2,0,7,0,0,0,0,1,0,0,0.26,0.319,0.404,0.723,3,9,R,J.Weaver(56)
63,65,64,64,Jun 15,,LAD,"W,3-1",34,33,3,8,2,0,0,3,1,0,8,0,0,0,1,0,1,0,0.26,0.318,0.402,0.72,7,10,R,B.Penny(55)
64,66,65,65,Jun 16,,LAD,"W,9-6",39,35,9,15,3,0,0,9,3,0,2,0,0,1,1,2,0,0,0.262,0.32,0.404,0.724,6,9,R,D.Lowe(30)
65,67,66,66,Jun 17,,HOU,"L,0-7",39,36,0,9,1,0,0,0,3,0,9,0,0,0,0,0,0,0,0.262,0.32,0.402,0.722,12,10,R,R.Clemens(67)
66,68,67,67,Jun 18,,HOU,"L,2-6",36,35,2,9,3,1,0,2,1,0,4,0,0,0,0,1,0,0,0.262,0.32,0.402,0.722,7,10,R,R.Oswalt(67)
67,69,68,68,Jun 19,,HOU,"W,7-1",38,32,7,11,1,0,1,6,6,0,3,0,0,0,0,1,0,0,0.263,0.322,0.403,0.724,7,9,R,B.Backe(39)
68,70,69,69,Jun 20,@,CHW,"L,8-11",40,34,8,10,4,0,2,7,6,0,4,0,0,0,0,3,0,0,0.264,0.323,0.406,0.728,5,9,R,B.McCarthy(22)
69,71,70,70,Jun 21,@,CHW,"L,1-5",33,31,1,4,0,0,1,1,1,0,3,1,0,0,0,0,0,0,0.262,0.321,0.403,0.724,5,10,R,J.Garland(72)
70,72,71,71,Jun 22,@,CHW,"L,1-5",31,30,1,5,1,0,0,1,1,0,8,0,0,0,0,1,0,0,0.261,0.32,0.401,0.72,3,10,L,M.Buehrle(75)
71,73,72,72,Jun 24,@,COL,"L,4-12",39,34,4,9,1,0,0,3,2,0,10,2,1,0,0,1,1,0,0.261,0.32,0.399,0.719,8,15,R,B.Kim(47)
72,74,73,73,Jun 25,@,COL,"L,2-4",33,31,2,6,0,0,0,2,1,0,6,0,0,1,0,0,1,0,0.26,0.319,0.397,0.715,4,12,L,J.Francis(62)
73,75,74,74,Jun 26,@,COL,"L,4-9",37,36,4,10,0,0,1,4,0,0,10,1,0,0,0,0,0,0,0.26,0.318,0.396,0.714,6,16,L,J.Kennedy(61)
74,76,75,75,Jun 27,@,MIN,"L,1-3",34,33,1,6,1,0,1,1,1,0,5,0,0,0,0,0,0,0,0.259,0.317,0.395,0.712,6,9,R,J.Mays(69)
75,77,76,76,Jun 28,@,MIN,"L,8-11",38,37,8,14,3,0,1,6,0,0,4,0,0,1,0,2,0,0,0.261,0.318,0.397,0.715,3,10,R,C.Silva(25)
76,78,77,77,Jun 29,@,MIN,"W,3-1",41,35,3,11,4,0,0,3,2,0,8,1,3,0,1,0,1,0,0.262,0.318,0.397,0.716,11,9,R,B.Radke(50)
77,80,78,78,Jul 1,,LAA,"L,0-5",28,27,0,2,1,0,0,0,1,0,5,0,0,0,0,2,0,0,0.26,0.316,0.394,0.711,1,9,R,P.Byrd(87)
78,81,79,79,Jul 2,,LAA,"L,3-5",32,32,3,5,2,0,0,3,0,0,5,0,0,0,0,0,0,0,0.258,0.314,0.392,0.707,2,11,R,B.Colon(63)
79,82,80,80,Jul 3,,LAA,"L,0-5",19,17,0,4,0,0,0,0,1,0,3,0,1,0,0,1,0,0,0.258,0.314,0.391,0.706,4,9,L,J.Washburn(61)
80,83,81,81,Jul 4,,SEA,"L,0-6",33,31,0,6,2,0,0,0,1,0,4,1,0,0,0,2,0,0,0.257,0.313,0.39,0.703,6,9,R,R.Franklin(78)
81,84,82,82,Jul 5,,SEA,"W,8-6",38,30,8,7,2,1,0,7,6,1,4,1,0,1,1,1,1,0,0.257,0.314,0.39,0.704,6,9,R,G.Meche(21)
82,85,83,83,Jul 6,,SEA,"W,5-1",40,36,5,12,0,1,1,3,2,0,1,2,0,0,1,0,0,0,0.258,0.315,0.391,0.706,11,10,R,A.Sele(35)
83,86,84,84,Jul 7,,MIN,"W,8-5",42,35,8,12,0,0,0,8,6,0,6,0,1,0,0,1,0,0,0.259,0.317,0.39,0.707,10,10,R,K.Lohse(34)
84,87,85,85,Jul 8,,MIN,"L,4-5",38,36,4,11,3,0,0,4,1,0,3,1,0,0,0,0,0,0,0.26,0.317,0.39,0.707,7,10,R,B.Radke(39)
85,88,86,86,Jul 9,,MIN,"W,12-8",48,42,12,21,7,0,1,10,6,0,4,0,0,0,1,2,0,1,0.263,0.321,0.395,0.716,12,10,R,J.Mays(23)
86,89,87,87,Jul 10,,MIN,"L,2-3",41,40,2,7,1,0,2,2,1,0,9,0,0,0,1,2,0,0,0.262,0.319,0.395,0.714,3,11,R,C.Silva(66)
87,90,88,88,Jul 14,@,DET,"W,12-9",47,38,12,13,3,1,2,12,6,1,11,1,1,1,1,1,1,0,0.263,0.321,0.398,0.718,8,9,R,J.Bonderman(39)
88,91,89,89,Jul 15,@,DET,"L,1-4",38,35,1,8,1,0,1,1,3,0,12,0,0,0,0,0,0,0,0.263,0.321,0.397,0.717,10,11,L,N.Robertson(54)
89,92,90,90,Jul 16,@,DET,"L,3-5",35,34,3,7,2,0,2,3,1,0,7,0,0,0,0,0,0,0,0.262,0.32,0.397,0.717,5,9,R,J.Johnson(59)
90,93,91,91,Jul 17,@,DET,"W,5-0",38,34,5,10,1,0,2,5,2,0,5,1,0,1,1,2,1,1,0.262,0.32,0.399,0.718,6,10,L,M.Maroth(44)
91,94,92,92,Jul 18,@,CLE,"L,2-6",20,18,2,4,0,0,1,2,2,0,7,0,0,0,0,1,0,0,0.262,0.32,0.398,0.718,3,9,L,C.Lee(56)
92,95,93,93,Jul 19,@,CLE,"W,4-0",37,33,4,7,4,1,1,4,3,1,5,0,1,0,2,2,0,0,0.262,0.319,0.399,0.719,6,9,R,K.Millwood(47)
93,96,94,94,Jul 20,@,CLE,"W,5-3",39,36,5,11,3,0,2,5,2,0,5,0,1,0,0,1,0,0,0.262,0.32,0.401,0.721,7,10,L,C.Sabathia(40)
94,97,95,95,Jul 21,@,CLE,"L,1-10",37,35,1,11,2,0,0,1,1,0,6,0,1,0,0,1,0,1,0.263,0.32,0.401,0.721,9,12,R,J.Westbrook(62)
95,98,96,96,Jul 22,,TOR,"W,5-3",33,26,5,6,1,1,0,5,5,0,4,1,0,1,0,2,0,0,0.262,0.32,0.4,0.72,4,11,R,P.Walker(31)
96,99,97,97,Jul 23,,TOR,"L,4-9",37,34,4,10,2,0,0,4,1,0,5,1,0,1,0,2,0,0,0.263,0.32,0.4,0.72,6,9,R,D.Bush(50)
97,100,98,98,Jul 24,,TOR,"W,6-5",34,31,6,9,2,1,1,6,3,0,5,0,0,0,0,1,1,0,0.263,0.32,0.401,0.721,4,9,L,T.Lilly(39)
98,101,99,99,Jul 25,,CHW,"L,6-14",41,39,6,16,4,0,1,5,1,0,10,0,0,1,0,2,1,0,0.265,0.322,0.403,0.725,8,12,R,F.Garcia(35)
99,102,100,100,Jul 26,,CHW,"W,7-1",36,32,7,8,3,0,0,6,3,1,2,0,0,1,0,1,2,0,0.265,0.321,0.403,0.724,5,9,L,M.Buehrle(28)
100,103,101,101,Jul 27,,CHW,"W,6-5",59,51,6,12,2,0,2,6,6,1,9,2,0,0,2,0,0,0,0.264,0.322,0.402,0.724,16,12,R,J.Garland(61)
101,104,102,102,Jul 28,@,TBD,"L,5-10",36,33,5,7,3,0,1,5,3,0,12,0,0,0,0,0,0,0,0.264,0.321,0.402,0.724,4,11,L,S.Kazmir(50)
102,105,103,103,Jul 29,@,TBD,"L,3-6",36,35,3,9,1,0,0,3,1,0,6,0,0,0,1,2,0,0,0.264,0.321,0.401,0.722,6,12,L,C.Fossum(62)
103,106,104,104,Jul 30,@,TBD,"L,3-7",37,32,3,7,2,0,1,3,4,0,6,0,0,1,0,1,0,0,0.263,0.321,0.401,0.722,7,10,R,D.Waechter(42)
104,107,105,105,Jul 31,@,TBD,"L,2-6",33,31,2,5,2,0,0,2,1,0,4,0,0,1,1,0,0,1,0.262,0.319,0.399,0.719,4,10,L,M.Hendrickson(63)
105,109,106,106,Aug 2,@,BOS,"L,4-6",36,35,4,8,1,0,2,4,1,0,9,0,0,0,0,0,0,0,0.262,0.319,0.4,0.718,5,11,R,T.Wakefield(56)
106,110,107,107,Aug 3,@,BOS,"L,5-8",36,33,5,6,2,1,2,5,3,0,5,0,0,0,0,0,1,0,0.261,0.318,0.4,0.719,4,9,R,W.Miller(42)
107,111,108,108,Aug 4,@,BOS,"L,9-11",42,34,9,10,5,0,1,9,6,0,8,1,1,0,0,1,1,0,0.262,0.319,0.402,0.721,6,10,R,M.Clement(34)
108,112,109,109,Aug 5,,OAK,"L,4-5",35,34,4,8,2,0,1,4,1,0,5,0,0,0,0,1,0,0,0.261,0.319,0.402,0.72,4,9,R,K.Saarloos(34)
109,113,110,110,Aug 6,,OAK,"L,1-16",35,33,1,7,1,0,0,1,1,0,7,1,0,0,1,2,0,0,0.261,0.318,0.4,0.718,7,12,R,J.Blanton(71)
110,114,111,111,Aug 7,,OAK,"L,0-11",34,32,0,8,1,0,0,0,2,0,8,0,0,0,0,3,0,0,0.261,0.318,0.399,0.717,7,9,R,D.Haren(73)
111,115,112,112,Aug 9,,CLE,"L,7-13",40,35,7,10,3,0,2,6,5,0,4,0,0,0,0,1,0,0,0.261,0.318,0.4,0.719,6,11,L,C.Lee(27)
112,116,113,113,Aug 10,,CLE,"L,1-6",35,34,1,7,3,0,0,1,1,1,8,0,0,0,0,0,1,0,0.261,0.318,0.399,0.717,7,9,L,C.Sabathia(59)
113,117,114,114,Aug 11,,CLE,"L,2-4",36,34,2,9,2,1,0,2,1,0,7,0,1,0,0,1,1,0,0.261,0.317,0.399,0.717,7,12,R,K.Millwood(57)
114,118,115,115,Aug 14 (1),,DET,"L,7-8",41,35,7,12,2,1,1,7,3,1,3,1,1,1,0,1,1,0,0.261,0.318,0.401,0.719,7,11,R,J.Johnson(32)
115,119,116,116,Aug 14 (2),,DET,"L,0-1",30,27,0,5,0,0,0,0,2,0,1,1,0,0,0,3,0,1,0.261,0.318,0.399,0.717,3,9,L,M.Maroth(73)
116,120,117,117,Aug 15,@,SEA,"L,3-11",35,34,3,6,1,0,0,3,1,0,11,0,0,0,1,0,0,0,0.26,0.317,0.397,0.714,5,9,R,F.Hernandez(82)
117,121,118,118,Aug 16,@,SEA,"L,3-4",35,31,3,6,1,0,0,3,2,0,5,0,0,2,0,0,0,0,0.26,0.316,0.396,0.712,5,9,R,J.Pineiro(60)
118,122,119,119,Aug 17,@,SEA,"L,5-11",36,32,5,7,1,0,1,5,4,0,8,0,0,0,0,2,0,0,0.259,0.316,0.396,0.712,4,11,L,J.Moyer(68)
119,123,120,120,Aug 19,@,OAK,"L,0-4",37,32,0,5,3,0,0,0,5,0,9,0,0,0,0,0,1,0,0.258,0.316,0.395,0.71,10,11,R,R.Harden(69)
120,124,121,121,Aug 20,@,OAK,"W,2-1",33,30,2,4,1,0,0,2,3,0,6,0,0,0,0,1,0,0,0.258,0.315,0.393,0.708,4,9,L,B.Zito(63)
121,125,122,122,Aug 21,@,OAK,"W,5-4",51,43,5,11,1,0,0,5,5,0,7,1,1,1,2,1,1,1,0.258,0.315,0.392,0.707,10,12,R,J.Blanton(71)
122,126,123,123,Aug 23,,BOS,"L,2-5",37,33,2,8,1,0,0,2,4,0,8,0,0,0,1,2,0,0,0.257,0.315,0.391,0.706,8,9,L,D.Wells(60)
123,127,124,124,Aug 24,,BOS,"W,4-3",49,38,4,9,2,0,1,4,6,1,6,3,0,2,0,1,0,0,0.257,0.316,0.391,0.706,13,11,R,M.Clement(54)
124,128,125,125,Aug 25,,BOS,"W,7-4",36,33,7,12,2,1,1,7,1,0,7,1,0,1,0,0,1,1,0.258,0.316,0.392,0.708,5,11,R,C.Schilling(29)
125,129,126,126,Aug 26,@,NYY,"L,1-5",33,33,1,6,1,1,0,1,0,0,7,0,0,0,0,0,0,0,0.257,0.315,0.391,0.707,5,9,L,R.Johnson(76)
126,130,127,127,Aug 27,@,NYY,"L,7-8",40,37,7,12,1,0,0,6,3,0,9,0,0,0,0,0,0,1,0.258,0.316,0.391,0.707,6,9,R,J.Wright(36)
127,131,128,128,Aug 28,@,NYY,"L,3-10",38,32,3,5,2,0,1,3,6,0,7,0,0,0,0,0,0,0,0.257,0.316,0.39,0.706,8,11,L,A.Leiter(66)
128,132,129,129,Aug 29,,MIN,"L,1-3",36,32,1,5,1,0,0,1,3,1,7,0,1,0,0,2,0,0,0.257,0.315,0.389,0.704,5,10,R,S.Baker(69)
129,133,130,130,Aug 30,,MIN,"L,4-7",39,37,4,11,2,0,2,4,1,0,5,1,0,0,0,1,0,0,0.257,0.315,0.39,0.705,8,9,R,C.Silva(44)
130,134,131,131,Aug 31,,MIN,"W,1-0",32,30,1,5,1,0,0,1,1,0,3,0,1,0,1,0,0,0,0.256,0.314,0.388,0.703,6,10,R,K.Lohse(72)
131,136,132,132,Sep 1,,TEX,"L,4-5",40,35,4,12,2,0,0,4,4,0,4,0,1,0,0,3,0,0,0.257,0.315,0.389,0.704,9,11,L,K.Rogers(42)
132,137,133,133,Sep 2,,TEX,"L,7-8",45,42,7,14,3,0,0,7,3,0,4,0,0,0,0,1,1,1,0.258,0.316,0.389,0.705,8,10,R,C.Young(47)
133,138,134,134,Sep 3,,TEX,"L,3-5",36,32,3,5,1,1,0,3,4,0,5,0,0,0,0,0,0,0,0.257,0.315,0.388,0.703,6,9,R,J.Dominguez(68)
134,139,135,135,Sep 4,,TEX,"W,17-8",46,40,17,18,5,0,3,16,5,0,3,0,0,1,0,1,0,0,0.259,0.317,0.391,0.708,5,11,R,E.Volquez(11)
135,140,136,136,Sep 6,@,CHW,"L,5-6",38,35,5,9,3,1,2,4,2,0,10,1,0,0,0,1,0,0,0.259,0.317,0.393,0.71,6,11,R,O.Hernandez(53)
136,141,137,137,Sep 7,@,CHW,"L,0-1",39,31,0,6,0,0,0,0,5,1,4,2,1,0,0,1,1,0,0.258,0.317,0.391,0.709,12,12,R,J.Contreras(66)
137,142,138,138,Sep 8,@,CHW,"W,4-2",40,35,4,10,2,0,1,4,4,1,5,0,1,0,1,2,2,0,0.258,0.318,0.392,0.709,9,10,R,F.Garcia(50)
138,143,139,139,Sep 9,@,DET,"W,12-2",50,44,12,18,5,1,2,12,4,0,9,1,1,0,0,0,0,0,0.26,0.319,0.395,0.713,11,12,R,S.Douglass(35)
139,144,140,140,Sep 10,@,DET,"L,3-4",35,34,3,9,2,0,0,3,1,0,6,0,0,0,0,0,0,0,0.26,0.319,0.394,0.713,5,14,L,M.Maroth(48)
140,145,141,141,Sep 11,@,DET,"L,4-14",39,37,4,13,0,0,0,4,1,0,6,0,1,0,0,2,1,0,0.261,0.319,0.394,0.713,8,13,R,J.Johnson(43)
141,146,142,142,Sep 13,,CHW,"L,4-6",37,32,4,7,1,0,0,2,4,0,9,0,1,0,1,1,0,0,0.26,0.319,0.393,0.712,6,10,R,J.Contreras(48)
142,147,143,143,Sep 14,,CHW,"W,10-9",43,37,10,15,2,2,1,7,3,0,6,1,0,2,0,1,1,0,0.261,0.32,0.395,0.715,8,12,R,F.Garcia(22)
143,148,144,144,Sep 15,,CHW,"W,7-5",43,36,7,14,8,0,0,7,4,1,5,1,1,1,0,0,0,0,0.262,0.321,0.396,0.717,12,10,L,M.Buehrle(40)
144,149,145,145,Sep 16,@,CLE,"L,1-3",31,29,1,6,0,0,1,1,2,0,4,0,0,0,0,4,0,0,0.262,0.321,0.396,0.716,3,10,R,S.Elarton(67)
145,150,146,146,Sep 17,@,CLE,"L,4-5",34,33,4,6,0,0,2,4,1,0,10,0,0,0,0,0,0,0,0.261,0.32,0.396,0.716,3,12,L,C.Lee(58)
146,151,147,147,Sep 18,@,CLE,"L,0-11",31,31,0,5,0,0,0,0,0,0,10,0,0,0,0,1,0,0,0.261,0.319,0.394,0.713,4,10,L,C.Sabathia(80)
147,152,148,148,Sep 19,,DET,"W,10-4",42,39,10,18,5,0,1,10,1,0,5,1,0,1,0,0,0,1,0.262,0.32,0.396,0.716,8,9,R,J.Bonderman(17)
148,153,149,149,Sep 20 (1),,DET,"W,5-4",39,36,5,11,2,0,0,5,1,0,3,0,0,2,2,1,0,0,0.263,0.32,0.396,0.716,8,10,L,M.Maroth(51)
149,154,150,150,Sep 20 (2),,DET,"W,4-2",33,30,4,7,1,0,2,4,1,0,3,0,0,2,1,0,1,0,0.262,0.32,0.396,0.716,5,11,L,N.Robertson(52)
150,155,151,151,Sep 21,,DET,"W,4-3",36,33,4,8,1,0,1,4,2,1,2,0,0,1,0,0,0,0,0.262,0.319,0.396,0.716,6,12,R,J.Johnson(54)
151,156,152,152,Sep 22,,CLE,"L,6-11",40,37,6,12,1,0,1,5,2,0,6,0,0,1,0,1,0,0,0.263,0.32,0.396,0.716,7,10,L,C.Lee(32)
152,157,153,153,Sep 23,,CLE,"L,6-7",38,33,6,8,0,0,2,5,3,0,9,1,0,1,0,1,1,0,0.263,0.32,0.397,0.716,5,13,L,C.Sabathia(35)
153,158,154,154,Sep 24,,CLE,"L,4-11",39,33,4,9,1,0,1,4,6,0,4,0,0,0,0,3,1,0,0.263,0.32,0.397,0.717,8,12,R,K.Millwood(56)
154,159,155,155,Sep 25,,CLE,"W,5-4",35,32,5,9,2,0,1,4,1,1,8,0,2,0,1,1,1,0,0.263,0.32,0.397,0.717,5,11,R,J.Westbrook(65)
155,160,156,156,Sep 26,@,MIN,"W,5-0",36,31,5,7,1,0,1,5,4,0,5,0,0,1,0,2,0,0,0.263,0.32,0.397,0.716,4,9,R,S.Baker(36)
156,161,157,157,Sep 27,@,MIN,"L,1-3",34,31,1,6,1,0,1,1,2,0,10,0,1,0,0,1,0,0,0.262,0.319,0.396,0.716,6,12,L,J.Santana(65)
157,162,158,158,Sep 28,@,MIN,"L,3-6",39,34,3,8,0,0,0,3,3,0,4,2,0,0,1,2,0,0,0.262,0.32,0.395,0.715,9,9,R,K.Lohse(43)
158,163,159,159,Sep 29,@,MIN,"W,10-6",42,38,10,11,1,0,3,10,4,0,9,0,0,0,0,0,0,0,0.262,0.32,0.396,0.716,5,9,R,J.Mays(38)
159,164,160,160,Sep 30,@,TOR,"L,1-10",34,34,1,9,0,0,0,1,0,0,6,0,0,0,0,1,0,0,0.262,0.319,0.395,0.715,6,13,R,J.Towers(71)
160,165,161,161,Oct 1,@,TOR,"W,7-6",40,34,7,12,3,0,1,7,3,0,4,2,0,1,0,2,1,0,0.263,0.32,0.396,0.716,6,10,R,D.Bush(46)
161,166,162,162,Oct 2,@,TOR,"L,2-7",34,32,2,7,2,0,1,2,1,0,7,1,0,0,0,1,0,1,0.263,0.32,0.396,0.716,5,9,L,G.Chacin(61)
