,index,Rk,Gtm,Date,Unnamed: 3,Opp,Rslt,PA,AB,R,H,2B,3B,HR,RBI,BB,IBB,SO,HBP,SH,SF,ROE,GDP,SB,CS,BA,OBP,SLG,OPS,LOB,#,Thr,Opp. Starter (GmeSc)
0,0,1,1,Apr 3,,DET,"L,1-3",31,30,1,4,1,0,0,1,1,0,9,0,0,0,0,1,0,0,0.133,0.161,0.167,0.328,3,9,L,K.Rogers(67)
1,1,2,2,Apr 5,,DET,"L,3-14",33,33,3,6,3,1,2,3,0,0,11,0,0,0,0,0,0,0,0.159,0.172,0.349,0.521,3,12,R,J.Bonderman(72)
2,2,3,3,Apr 7,,CHW,"W,11-7",43,36,11,13,6,1,0,10,6,3,8,0,0,1,0,1,2,0,0.232,0.28,0.434,0.715,8,10,R,J.Garland(16)
3,3,4,4,Apr 8,,CHW,"W,4-3",34,32,4,7,2,0,1,4,1,0,8,1,0,0,1,0,1,0,0.229,0.277,0.42,0.696,6,9,R,J.Vazquez(65)
4,4,5,5,Apr 9,,CHW,"L,1-3",33,32,1,7,0,0,1,1,1,0,2,0,0,0,1,1,0,0,0.227,0.27,0.399,0.669,5,9,L,M.Buehrle(70)
5,5,6,6,Apr 11,@,NYY,"L,7-9",41,37,7,12,3,0,2,6,3,0,5,1,0,0,0,1,0,1,0.245,0.293,0.43,0.723,7,10,R,C.Wang(35)
6,6,7,7,Apr 12,@,NYY,"L,5-12",37,34,5,7,3,0,1,5,3,0,6,0,0,0,0,0,0,0,0.239,0.29,0.423,0.713,5,11,R,S.Chacon(41)
7,7,8,8,Apr 13,@,NYY,"L,3-9",37,36,3,10,1,0,1,3,1,0,7,0,0,0,0,1,0,0,0.244,0.291,0.419,0.709,7,9,L,R.Johnson(60)
8,8,9,9,Apr 14,@,TBD,"L,2-7",33,28,2,4,2,1,0,2,4,0,8,0,0,1,0,0,1,1,0.235,0.286,0.406,0.692,4,10,L,S.Kazmir(58)
9,9,10,10,Apr 15,@,TBD,"L,3-6",36,31,3,9,2,0,0,3,3,0,5,0,0,2,0,3,0,0,0.24,0.291,0.401,0.692,6,10,R,S.McClung(48)
10,10,11,11,Apr 16,@,TBD,"L,5-9",42,34,5,9,0,1,1,5,6,0,5,2,0,0,0,2,0,0,0.242,0.303,0.402,0.705,10,11,R,J.Hammel(48)
11,11,12,12,Apr 17,@,CHW,"L,0-9",28,27,0,1,1,0,0,0,1,0,7,0,0,0,0,0,0,1,0.228,0.287,0.379,0.667,1,12,R,J.Contreras(80)
12,12,13,13,Apr 18,@,CHW,"L,1-4",33,33,1,7,1,0,1,1,0,0,4,0,0,0,1,1,0,0,0.227,0.282,0.376,0.658,5,10,R,J.Garland(60)
13,13,14,14,Apr 19,@,CHW,"L,0-4",30,29,0,3,0,0,0,0,1,0,7,0,0,0,0,1,0,0,0.219,0.273,0.358,0.631,3,11,R,J.Vazquez(84)
14,14,15,15,Apr 21,,CLE,"L,5-6",42,37,5,14,3,0,0,5,1,0,7,0,0,4,0,0,1,0,0.231,0.28,0.366,0.646,10,12,L,C.Lee(43)
15,15,16,16,Apr 22,,CLE,"W,11-5",41,32,11,11,3,1,0,10,5,0,5,2,0,2,0,1,1,0,0.238,0.291,0.374,0.665,6,9,R,P.Byrd(17)
16,16,17,17,Apr 23,,CLE,"W,5-1",35,34,5,13,4,0,0,4,1,0,3,0,0,0,0,1,0,0,0.247,0.297,0.382,0.679,6,9,R,J.Johnson(40)
17,17,18,18,Apr 25,,MIN,"L,1-2",42,34,1,7,1,0,0,1,7,1,9,1,0,0,0,0,0,0,0.244,0.301,0.374,0.675,14,11,R,K.Lohse(58)
18,18,19,19,Apr 26,,MIN,"W,3-1",31,31,3,8,1,1,0,3,0,0,8,0,0,0,0,0,1,1,0.245,0.299,0.373,0.672,4,9,R,S.Baker(57)
19,19,20,20,Apr 27,,MIN,"L,3-7",33,32,3,7,1,0,1,3,1,0,11,0,0,0,0,2,0,0,0.244,0.297,0.371,0.668,3,10,L,J.Santana(65)
20,20,21,21,Apr 28,,OAK,"L,3-5",41,35,3,9,3,0,2,3,4,0,7,2,0,0,0,1,1,0,0.245,0.3,0.378,0.679,11,12,R,D.Haren(63)
21,21,22,22,Apr 30,,OAK,"L,6-13",42,35,6,8,2,0,1,5,7,0,5,0,0,0,1,0,0,1,0.244,0.303,0.378,0.681,9,10,R,J.Blanton(36)
22,23,23,23,May 1,@,DET,"L,2-3",35,34,2,8,1,1,0,2,1,0,9,0,0,0,0,1,2,0,0.243,0.301,0.376,0.677,6,11,R,J.Bonderman(82)
23,24,24,24,May 2,@,DET,"L,1-4",34,33,1,5,2,0,0,1,1,0,4,0,0,0,1,0,0,0,0.24,0.296,0.369,0.665,6,9,L,M.Maroth(61)
24,25,25,25,May 3,@,MIN,"L,1-6",32,32,1,5,1,0,1,1,0,0,10,0,0,0,0,0,0,0,0.236,0.291,0.365,0.657,4,12,R,B.Radke(72)
25,26,26,26,May 4,@,MIN,"W,1-0",36,34,1,9,2,0,0,1,1,0,6,0,1,0,0,1,0,0,0.237,0.291,0.364,0.655,8,10,R,C.Silva(58)
26,27,27,27,May 5,@,CHW,"W,5-4",41,32,5,10,2,0,0,5,6,0,2,0,3,0,0,1,0,1,0.24,0.296,0.364,0.66,9,11,R,J.Garland(58)
27,28,28,28,May 6,@,CHW,"L,2-9",30,30,2,4,2,0,0,1,0,0,7,0,0,0,0,1,0,0,0.237,0.291,0.359,0.65,1,10,R,J.Vazquez(69)
28,29,29,29,May 7,@,CHW,"L,2-3",37,35,2,8,1,0,2,2,2,0,8,0,0,0,0,0,1,0,0.236,0.291,0.361,0.652,8,10,L,M.Buehrle(52)
29,30,30,30,May 8,,CLE,"W,4-3",35,31,4,9,1,0,1,4,3,1,1,0,0,1,1,1,0,0,0.238,0.292,0.363,0.656,7,9,R,P.Byrd(43)
30,31,31,31,May 9,,CLE,"W,10-7",42,37,10,17,4,0,2,10,2,0,7,1,1,1,0,2,1,0,0.246,0.3,0.376,0.676,8,9,R,J.Johnson(25)
31,32,32,32,May 10,,CLE,"W,10-8",37,35,10,12,3,1,2,10,1,0,6,0,1,0,0,0,0,0,0.249,0.301,0.386,0.687,3,9,R,J.Westbrook(23)
32,33,33,33,May 12,@,BAL,"L,5-6",37,33,5,11,3,0,1,5,4,0,7,0,0,0,0,3,0,2,0.252,0.305,0.39,0.694,5,12,L,E.Bedard(45)
33,34,34,34,May 13,@,BAL,"L,1-11",33,30,1,4,0,0,1,1,2,0,8,1,0,0,0,1,0,0,0.249,0.302,0.386,0.688,5,11,R,K.Benson(69)
34,35,35,35,May 14,@,BAL,"L,7-8",47,33,7,9,1,0,0,7,12,1,5,0,1,1,0,2,1,0,0.249,0.308,0.383,0.691,13,11,R,D.Cabrera(46)
35,36,36,36,May 16,@,CLE,"L,4-6",36,34,4,8,2,0,1,4,1,0,6,1,0,0,1,0,1,0,0.249,0.307,0.383,0.69,5,9,R,P.Byrd(47)
36,37,37,37,May 17,@,CLE,"L,0-5",32,31,0,6,0,0,0,0,0,0,2,1,0,0,0,2,0,0,0.248,0.305,0.378,0.683,5,10,R,J.Westbrook(77)
37,38,38,38,May 18,@,CLE,"L,5-6",45,38,5,12,4,0,0,4,5,0,12,1,1,0,0,0,0,0,0.25,0.308,0.38,0.688,13,12,L,C.Lee(42)
38,39,39,39,May 19,,STL,"L,6-9",41,36,6,9,3,0,1,6,4,0,9,1,0,0,0,0,0,0,0.25,0.309,0.381,0.69,8,9,R,C.Carpenter(35)
39,40,40,40,May 20,,STL,"L,2-4",35,33,2,8,1,0,0,2,2,0,5,0,0,0,0,1,0,0,0.249,0.309,0.378,0.687,6,11,R,A.Reyes(61)
40,41,41,41,May 21,,STL,"L,3-10",41,37,3,10,3,0,1,3,2,0,4,2,0,0,0,0,0,0,0.25,0.309,0.379,0.689,11,9,R,J.Suppan(51)
41,42,42,42,May 22,,DET,"L,0-8",31,30,0,5,0,0,0,0,1,0,7,0,0,0,0,1,0,0,0.248,0.307,0.375,0.682,4,9,R,J.Verlander(83)
42,43,43,43,May 23,,DET,"L,5-8",39,36,5,11,2,0,4,5,2,0,3,1,0,0,0,0,0,0,0.25,0.308,0.383,0.691,7,9,L,K.Rogers(33)
43,44,44,44,May 24,,DET,"L,3-6",36,34,3,11,0,0,1,3,2,0,5,0,0,0,0,3,0,1,0.251,0.31,0.384,0.693,6,10,R,J.Bonderman(47)
44,45,45,45,May 25,,DET,"L,8-13",45,40,8,14,5,0,4,8,5,0,6,0,0,0,0,0,0,1,0.254,0.313,0.394,0.707,10,11,L,M.Maroth(15)
45,46,46,46,May 26,@,NYY,"W,7-6",41,36,7,10,1,0,2,7,4,0,8,0,1,0,0,0,1,0,0.255,0.314,0.396,0.709,7,11,R,M.Mussina(56)
46,47,47,47,May 27,@,NYY,"L,4-15",37,36,4,8,5,0,0,4,1,0,5,0,0,0,1,0,0,0,0.254,0.312,0.395,0.707,6,11,R,C.Wang(50)
47,48,48,48,May 28,@,NYY,"L,5-6",40,37,5,12,4,0,0,5,2,0,5,0,0,1,0,0,0,0,0.255,0.313,0.396,0.709,8,11,R,J.Wright(39)
48,49,49,49,May 29,@,OAK,"W,6-4",43,40,6,13,4,0,0,5,3,1,9,0,0,0,1,1,1,0,0.257,0.314,0.397,0.711,10,10,R,D.Haren(47)
49,50,50,50,May 30,@,OAK,"W,8-7",49,44,8,16,3,0,1,8,4,1,7,0,1,0,1,1,1,0,0.26,0.317,0.399,0.716,11,11,L,B.Halsey(19)
50,51,51,51,May 31,@,OAK,"L,0-7",33,31,0,5,1,0,0,0,2,0,5,0,0,0,0,1,0,0,0.258,0.315,0.396,0.711,6,9,R,J.Blanton(80)
51,53,52,52,Jun 2,@,SEA,"L,0-4",29,27,0,2,0,0,0,0,1,0,2,1,0,0,1,3,0,0,0.255,0.312,0.391,0.703,2,9,L,J.Moyer(84)
52,54,53,53,Jun 3,@,SEA,"L,1-12",34,31,1,7,1,0,0,1,3,0,5,0,0,0,0,2,0,0,0.255,0.312,0.388,0.7,6,10,R,J.Pineiro(61)
53,55,54,54,Jun 4,@,SEA,"W,9-4",44,38,9,15,3,0,2,8,3,1,6,0,2,1,1,2,1,0,0.258,0.315,0.393,0.708,8,10,L,J.Washburn(22)
54,56,55,55,Jun 5,@,SEA,"L,1-4",34,29,1,4,0,1,0,1,3,0,10,2,0,0,1,2,0,1,0.256,0.314,0.39,0.704,6,9,R,G.Meche(69)
55,57,56,56,Jun 6,,TEX,"L,2-6",36,34,2,9,0,0,1,2,2,0,7,0,0,0,1,2,1,1,0.256,0.314,0.39,0.703,7,11,R,K.Millwood(59)
56,58,57,57,Jun 7,,TEX,"L,2-4",33,31,2,8,1,0,0,2,2,0,2,0,0,0,0,3,1,1,0.256,0.313,0.388,0.702,4,10,L,J.Koronka(52)
57,59,58,58,Jun 8,,TEX,"W,16-12",47,41,16,18,2,0,2,16,5,0,6,0,0,1,1,1,0,0,0.26,0.317,0.393,0.711,7,9,R,K.Loe(9)
58,60,59,59,Jun 9,,TBD,"W,4-2",32,29,4,7,1,0,0,3,3,0,4,0,0,0,0,1,1,1,0.26,0.317,0.392,0.709,4,12,L,M.Hendrickson(51)
59,61,60,60,Jun 10,,TBD,"L,5-9",44,37,5,10,1,0,1,5,7,0,2,0,0,0,0,0,0,0,0.26,0.319,0.391,0.71,12,11,L,C.Fossum(53)
60,62,61,61,Jun 11,,TBD,"L,2-8",37,35,2,10,1,0,0,2,2,0,5,0,0,0,0,2,1,0,0.26,0.319,0.39,0.709,8,9,R,J.Shields(64)
61,63,62,62,Jun 12,@,LAA,"L,3-4",34,32,3,6,1,0,1,3,2,0,9,0,0,0,0,0,0,0,0.259,0.317,0.389,0.706,4,10,R,E.Santana(53)
62,64,63,63,Jun 13,@,LAA,"L,1-4",33,32,1,5,1,0,0,0,1,0,6,0,0,0,0,0,1,0,0.258,0.316,0.386,0.701,5,9,R,J.Weaver(69)
63,65,64,64,Jun 14,@,LAA,"W,4-3",37,34,4,8,2,0,1,4,2,0,7,0,1,0,1,0,0,1,0.257,0.315,0.386,0.701,6,9,R,K.Escobar(61)
64,66,65,65,Jun 15,@,LAA,"L,2-3",39,33,2,4,1,0,0,1,3,0,12,1,2,0,0,0,0,0,0.255,0.313,0.382,0.696,7,9,R,J.Lackey(74)
65,67,66,66,Jun 16,@,HOU,"W,7-2",42,38,7,14,4,1,0,6,1,0,5,1,2,0,0,1,0,0,0.257,0.315,0.385,0.7,8,13,L,W.Rodriguez(46)
66,68,67,67,Jun 17,@,HOU,"L,2-7",32,29,2,4,3,0,0,2,1,0,8,1,0,1,0,1,0,0,0.256,0.313,0.383,0.696,3,15,R,T.Buchholz(65)
67,69,68,68,Jun 18,@,HOU,"W,7-4",35,32,7,8,3,0,3,7,1,0,7,0,2,0,0,1,0,0,0.255,0.313,0.386,0.699,1,15,L,A.Pettitte(54)
68,70,69,69,Jun 20,,PIT,"W,10-6",42,28,10,9,1,0,0,8,11,1,5,1,0,2,1,3,2,0,0.256,0.316,0.386,0.702,8,9,R,K.Wells(23)
69,71,70,70,Jun 21,,PIT,"W,6-4",35,32,6,11,2,0,1,6,2,0,6,0,1,0,0,1,0,0,0.257,0.317,0.387,0.704,5,9,R,I.Snell(38)
70,72,71,71,Jun 22,,PIT,"W,15-7",48,36,15,13,2,1,1,12,7,0,7,3,2,0,1,0,0,0,0.259,0.32,0.39,0.71,9,10,L,P.Maholm(21)
71,73,72,72,Jun 23,,MIL,"L,2-7",37,36,2,9,2,0,0,2,1,0,8,0,0,0,0,0,0,0,0.259,0.319,0.389,0.708,8,10,R,D.Bush(60)
72,74,73,73,Jun 24,,MIL,"W,6-5",37,33,6,9,3,0,1,6,4,0,6,0,0,0,2,0,0,1,0.259,0.32,0.39,0.709,7,10,L,D.Davis(30)
73,75,74,74,Jun 25,,MIL,"W,6-0",42,33,6,13,4,0,0,6,7,1,4,1,0,1,0,2,0,0,0.261,0.322,0.391,0.714,12,9,R,R.Helling(49)
74,76,75,75,Jun 27,@,CIN,"W,9-8",42,35,9,10,3,0,4,9,5,1,5,0,1,1,1,1,0,0,0.261,0.323,0.396,0.719,6,17,L,E.Milton(31)
75,77,76,76,Jun 28,@,CIN,"L,2-7",34,33,2,8,2,0,1,2,1,0,6,0,0,0,0,0,0,2,0.261,0.322,0.396,0.718,5,12,R,A.Harang(64)
76,78,77,77,Jun 29,@,CIN,"L,5-6",39,34,5,10,1,0,1,5,4,0,5,0,0,1,0,0,0,1,0.261,0.323,0.396,0.719,7,16,R,B.Arroyo(61)
77,79,78,78,Jun 30,@,STL,"W,7-5",46,39,7,11,6,0,2,7,5,1,6,0,0,2,0,0,0,0,0.262,0.323,0.399,0.722,9,19,R,J.Suppan(38)
78,81,79,79,Jul 1,@,STL,"W,8-7",53,42,8,10,4,0,1,8,10,0,6,0,1,0,2,0,0,0,0.261,0.324,0.399,0.723,12,17,R,S.Ponson(17)
79,82,80,80,Jul 2,@,STL,"L,7-9",43,41,7,14,3,0,0,7,2,0,5,0,0,0,0,0,0,0,0.263,0.325,0.399,0.724,9,14,R,J.Marquis(47)
80,83,81,81,Jul 3,,MIN,"L,5-6",39,33,5,8,3,0,0,5,5,1,13,1,0,0,0,2,0,0,0.262,0.325,0.398,0.724,7,11,L,J.Santana(43)
81,84,82,82,Jul 4,,MIN,"W,7-2",38,32,7,11,3,0,1,7,5,1,8,0,1,0,0,1,0,0,0.263,0.327,0.4,0.727,7,10,R,B.Bonser(35)
82,85,83,83,Jul 5,,MIN,"W,6-3",39,35,6,14,3,1,0,5,2,1,2,0,0,2,0,0,1,0,0.265,0.328,0.402,0.729,9,10,R,B.Radke(34)
83,86,84,84,Jul 6,,TOR,"W,6-2",38,32,6,9,5,0,1,5,6,1,8,0,0,0,0,0,0,0,0.265,0.329,0.403,0.732,8,9,R,T.Taubenheim(32)
84,87,85,85,Jul 7,,TOR,"W,13-3",40,35,13,15,2,1,2,13,4,1,4,0,0,1,2,2,2,1,0.267,0.33,0.407,0.737,3,9,R,A.Burnett(37)
85,88,86,86,Jul 8,,TOR,"L,5-7",39,36,5,8,2,0,1,5,2,0,7,1,0,0,1,0,1,0,0.267,0.33,0.406,0.736,7,10,L,T.Lilly(38)
86,89,87,87,Jul 9,,TOR,"L,3-11",38,33,3,7,1,0,0,3,5,0,7,0,0,0,0,0,0,0,0.266,0.33,0.405,0.734,8,10,R,R.Halladay(70)
87,90,88,88,Jul 13,@,DET,"L,4-6",41,36,4,10,1,1,2,4,5,0,10,0,0,0,0,1,0,0,0.266,0.33,0.406,0.736,10,9,R,J.Bonderman(42)
88,91,89,89,Jul 14,@,DET,"L,9-10",44,38,9,14,4,0,2,9,5,2,6,0,1,0,1,1,0,1,0.267,0.332,0.409,0.74,8,9,L,K.Rogers(32)
89,92,90,90,Jul 15,@,DET,"L,0-6",33,30,0,3,2,0,0,0,2,0,8,0,0,0,1,1,0,0,0.266,0.33,0.406,0.736,6,10,R,J.Verlander(77)
90,93,91,91,Jul 16,@,DET,"W,9-6",47,41,9,14,1,1,0,8,5,1,4,1,0,0,2,0,1,0,0.267,0.331,0.407,0.738,11,9,R,Z.Miner(26)
91,94,92,92,Jul 17,@,BOS,"L,4-5",39,33,4,7,1,0,0,4,3,0,4,2,1,0,0,0,0,0,0.266,0.331,0.405,0.736,8,9,R,T.Wakefield(41)
92,95,93,93,Jul 18,@,BOS,"L,0-1",30,26,0,1,0,0,0,0,4,0,5,0,0,0,0,1,1,1,0.264,0.33,0.402,0.731,3,10,L,J.Lester(80)
93,96,94,94,Jul 19,@,BOS,"L,0-1",34,31,0,4,2,0,0,0,1,0,8,2,0,0,0,0,1,0,0.263,0.328,0.4,0.728,7,10,R,J.Beckett(81)
94,97,95,95,Jul 20,,LAA,"W,9-4",43,31,9,11,3,0,0,8,8,0,5,0,1,2,2,1,0,1,0.264,0.33,0.4,0.73,10,9,R,E.Santana(33)
95,98,96,96,Jul 21,,LAA,"W,8-3",36,32,8,7,2,1,2,8,4,0,4,0,0,0,0,0,0,0,0.263,0.33,0.402,0.731,4,9,R,B.Colon(49)
96,99,97,97,Jul 22,,LAA,"L,3-4",43,39,3,10,2,0,0,3,4,0,6,0,0,0,0,0,1,0,0.263,0.33,0.4,0.73,10,11,R,K.Escobar(48)
97,100,98,98,Jul 23,,LAA,"L,1-3",35,30,1,4,1,0,0,1,4,0,7,1,0,0,0,0,0,0,0.262,0.329,0.398,0.727,7,9,R,J.Weaver(64)
98,101,99,99,Jul 25,,BAL,"W,7-5",40,34,7,12,2,1,2,7,4,0,3,1,0,1,0,0,0,0,0.263,0.33,0.401,0.731,9,13,R,K.Benson(41)
99,102,100,100,Jul 26,,BAL,"L,3-4",40,36,3,11,4,0,0,3,4,0,6,0,0,0,0,1,1,0,0.264,0.33,0.401,0.732,10,11,L,A.Loewen(51)
100,103,101,101,Jul 27,,BAL,"L,4-6",44,38,4,14,2,0,0,4,3,0,6,0,1,2,0,0,0,0,0.265,0.331,0.401,0.733,13,9,R,R.Lopez(43)
101,104,102,102,Jul 28,@,TEX,"W,11-3",46,42,11,14,2,0,1,9,2,0,7,2,0,0,1,0,1,0,0.266,0.332,0.402,0.734,8,9,R,V.Padilla(15)
102,105,103,103,Jul 29,@,TEX,"W,5-3",41,35,5,10,3,0,0,5,5,0,5,1,0,0,0,2,1,0,0.266,0.333,0.402,0.734,9,9,R,K.Millwood(35)
103,106,104,104,Jul 30,@,TEX,"L,2-15",38,36,2,8,3,0,1,2,1,0,6,1,0,0,0,0,1,0,0.265,0.332,0.401,0.733,9,11,L,J.Koronka(51)
104,107,105,105,Jul 31,,CHW,"L,4-8",39,36,4,9,0,1,0,4,2,0,5,1,0,0,1,1,1,0,0.265,0.332,0.401,0.732,8,9,R,J.Contreras(46)
105,109,106,106,Aug 1,,CHW,"L,5-7",39,36,5,8,1,0,2,5,3,0,7,0,0,0,0,2,2,0,0.265,0.331,0.401,0.732,4,9,L,M.Buehrle(58)
106,110,107,107,Aug 2,,CHW,"W,7-3",41,35,7,13,1,1,1,6,5,1,5,0,0,1,1,0,0,1,0.266,0.332,0.402,0.734,10,9,R,F.Garcia(35)
107,111,108,108,Aug 3,,MIN,"L,2-8",32,30,2,4,1,0,0,2,1,0,6,0,0,1,0,0,0,0,0.265,0.331,0.4,0.731,3,9,R,B.Radke(71)
108,112,109,109,Aug 4,,MIN,"L,5-8",40,36,5,8,1,0,0,5,3,0,13,0,1,0,1,1,0,0,0.264,0.33,0.399,0.729,5,12,L,J.Santana(53)
109,113,110,110,Aug 5,,MIN,"L,3-14",37,36,3,11,2,0,2,3,1,0,5,0,0,0,0,1,0,0,0.265,0.33,0.4,0.73,7,12,R,C.Silva(42)
110,114,111,111,Aug 6,,MIN,"L,5-11",44,38,5,12,1,1,1,5,5,0,6,1,0,0,0,1,0,0,0.265,0.331,0.401,0.732,12,10,R,M.Smith(31)
111,115,112,112,Aug 8,,BOS,"W,6-4",40,31,6,9,1,0,1,6,5,0,5,1,1,2,1,0,0,0,0.265,0.332,0.401,0.732,10,10,L,J.Lester(41)
112,116,113,113,Aug 9,,BOS,"W,5-4",39,36,5,11,2,1,0,4,1,0,7,0,1,1,0,0,2,0,0.266,0.332,0.401,0.732,8,10,R,J.Beckett(55)
113,117,114,114,Aug 10,,BOS,"W,5-4",36,33,5,11,9,0,1,5,2,0,7,0,1,0,0,1,1,0,0.266,0.332,0.403,0.735,7,10,R,C.Schilling(41)
114,118,115,115,Aug 11,@,CLE,"L,3-4",36,33,3,10,1,0,0,3,2,1,3,0,0,1,0,2,0,0,0.267,0.332,0.403,0.735,6,9,R,P.Byrd(50)
115,119,116,116,Aug 12 (1),@,CLE,"L,4-5",38,35,4,8,1,1,0,4,1,0,10,1,0,1,1,0,1,0,0.266,0.331,0.402,0.733,7,12,L,C.Sabathia(77)
116,120,117,117,Aug 12 (2),@,CLE,"L,5-6",42,31,5,8,2,0,0,5,9,0,10,1,1,0,0,0,1,2,0.266,0.332,0.401,0.734,10,11,R,J.Guthrie(37)
117,121,118,118,Aug 13,@,CLE,"L,0-13",35,32,0,7,1,0,0,0,2,0,4,1,0,0,0,1,0,0,0.266,0.332,0.4,0.732,8,11,L,J.Sowers(63)
118,122,119,119,Aug 14,@,CHW,"L,2-12",37,36,2,10,2,0,1,2,1,0,6,0,0,0,0,1,1,0,0.266,0.332,0.4,0.732,8,10,R,J.Garland(63)
119,123,120,120,Aug 15,@,CHW,"W,4-2",39,36,4,9,0,0,2,3,2,0,4,1,0,0,1,1,0,0,0.266,0.331,0.401,0.732,8,10,R,J.Vazquez(41)
120,124,121,121,Aug 16,@,CHW,"W,10-4",44,42,10,15,5,1,2,10,2,0,9,0,0,0,0,0,1,0,0.267,0.332,0.403,0.735,7,9,R,J.Contreras(27)
121,125,122,122,Aug 17,@,CHW,"L,4-5",39,33,4,12,1,0,3,4,5,1,4,1,0,0,0,4,0,2,0.268,0.333,0.405,0.738,8,10,L,M.Buehrle(52)
122,126,123,123,Aug 18 (1),,OAK,"W,7-1",43,37,7,15,3,0,0,7,2,0,6,2,1,1,0,0,3,0,0.269,0.334,0.406,0.74,12,10,R,J.Blanton(51)
123,127,124,124,Aug 18 (2),,OAK,"W,5-3",34,33,5,10,4,0,0,4,0,0,8,0,0,1,2,1,0,1,0.269,0.334,0.406,0.74,5,11,R,E.Loaiza(69)
124,128,125,125,Aug 19,,OAK,"L,2-7",36,34,2,8,2,0,0,2,2,0,9,0,0,0,0,0,0,0,0.269,0.333,0.405,0.739,7,10,L,B.Zito(63)
125,129,126,126,Aug 20,,OAK,"L,4-6",39,38,4,15,1,0,2,4,1,0,4,0,0,0,0,3,0,0,0.27,0.334,0.407,0.741,8,9,R,K.Saarloos(43)
126,130,127,127,Aug 22,,CLE,"W,5-2",33,27,5,7,3,0,1,4,3,0,6,1,1,1,0,2,2,0,0.27,0.334,0.407,0.741,4,10,L,C.Lee(53)
127,131,128,128,Aug 23,,CLE,"L,13-15",54,50,13,19,3,1,2,13,4,0,12,0,0,0,1,0,1,0,0.271,0.335,0.41,0.745,11,11,R,P.Byrd(13)
128,132,129,129,Aug 24,,CLE,"L,4-8",41,37,4,12,2,0,1,4,3,1,9,0,1,0,1,2,0,0,0.271,0.335,0.41,0.745,10,11,L,C.Sabathia(51)
129,133,130,130,Aug 25,@,TOR,"L,3-6",40,37,3,10,2,0,0,2,3,0,6,0,0,0,0,0,0,0,0.271,0.335,0.409,0.745,10,9,R,S.Marcum(56)
130,134,131,131,Aug 26,@,TOR,"W,2-0",31,30,2,4,0,0,2,2,1,0,7,0,0,0,0,1,0,0,0.271,0.334,0.409,0.743,2,9,R,R.Halladay(77)
131,135,132,132,Aug 27,@,TOR,"L,6-10",38,35,6,8,0,1,1,6,3,0,7,0,0,0,0,0,0,0,0.27,0.334,0.408,0.742,5,9,L,T.Lilly(37)
132,136,133,133,Aug 29,@,MIN,"W,2-0",35,33,2,7,2,0,0,2,2,0,9,0,0,0,0,0,2,0,0.27,0.333,0.407,0.741,6,9,R,M.Garza(67)
133,137,134,134,Aug 30,@,MIN,"W,4-3",37,37,4,12,2,0,0,4,0,0,11,0,0,0,0,2,1,0,0.27,0.333,0.407,0.741,6,9,R,B.Bonser(50)
134,138,135,135,Aug 31,@,MIN,"L,1-3",33,32,1,5,2,1,1,1,1,0,14,0,0,0,0,0,0,0,0.269,0.332,0.407,0.739,5,10,L,J.Santana(73)
135,140,136,136,Sep 1,,CHW,"W,7-5",35,31,7,7,3,0,1,6,2,0,9,1,1,0,2,0,0,1,0.269,0.332,0.407,0.739,4,9,R,J.Contreras(39)
136,141,137,137,Sep 2,,CHW,"L,3-5",37,35,3,11,2,0,0,3,1,0,7,0,1,0,0,2,0,0,0.269,0.332,0.407,0.739,7,12,L,M.Buehrle(44)
137,142,138,138,Sep 3,,CHW,"W,7-3",36,33,7,10,2,0,2,7,3,1,8,0,0,0,0,0,0,1,0.27,0.332,0.408,0.74,5,11,R,F.Garcia(47)
138,143,139,139,Sep 4,,NYY,"L,5-12",38,35,5,9,3,0,0,5,2,0,7,0,1,0,1,0,1,1,0.27,0.332,0.407,0.739,6,10,R,C.Wang(44)
139,144,140,140,Sep 5,,NYY,"W,5-0",35,32,5,9,2,0,1,4,2,0,6,0,0,1,1,2,0,0,0.27,0.332,0.407,0.739,6,10,R,M.Mussina(38)
140,145,141,141,Sep 6,,NYY,"L,3-8",31,29,3,5,0,1,1,3,2,0,10,0,0,0,0,2,0,0,0.269,0.331,0.407,0.738,1,13,L,R.Johnson(81)
141,146,142,142,Sep 8,@,BOS,"W,10-9",46,42,10,17,5,1,1,9,1,0,5,2,1,0,0,1,0,0,0.27,0.332,0.409,0.741,9,13,R,K.Jarvis(29)
142,147,143,143,Sep 9,@,BOS,"W,10-4",55,50,10,14,6,0,1,10,3,1,8,2,0,0,0,0,2,0,0.27,0.332,0.41,0.742,9,12,R,J.Beckett(51)
143,148,144,144,Sep 10,@,BOS,"L,3-9",36,32,3,6,1,0,0,3,4,0,9,0,0,0,0,1,0,0,0.27,0.332,0.408,0.74,6,9,R,J.Tavarez(49)
144,149,145,145,Sep 12,@,CLE,"W,5-3",41,36,5,11,4,1,0,4,3,0,4,0,2,0,0,0,0,0,0.27,0.332,0.409,0.741,9,10,L,J.Sowers(36)
145,150,146,146,Sep 13,@,CLE,"W,6-2",41,37,6,14,1,0,1,6,1,0,7,1,2,0,1,0,4,0,0.271,0.333,0.409,0.742,8,9,R,J.Westbrook(36)
146,151,147,147,Sep 14,,SEA,"W,10-8",39,35,10,14,4,1,2,10,2,1,4,0,2,0,0,1,0,0,0.272,0.333,0.412,0.745,5,11,L,J.Washburn(19)
147,152,148,148,Sep 15,,SEA,"L,8-11",43,37,8,11,4,0,1,8,5,1,1,0,0,1,0,0,0,0,0.272,0.334,0.412,0.746,8,10,R,F.Cruceta(23)
148,153,149,149,Sep 16,,SEA,"W,7-4",35,32,7,8,1,1,1,7,2,0,4,1,0,0,1,1,0,0,0.272,0.334,0.412,0.746,4,9,R,J.Pineiro(21)
149,154,150,150,Sep 17,,SEA,"L,5-10",38,35,5,9,3,0,0,4,2,0,6,1,0,0,0,1,0,0,0.272,0.334,0.412,0.746,6,9,R,G.Meche(37)
150,155,151,151,Sep 19,,LAA,"L,2-5",41,36,2,10,3,0,0,2,5,1,10,0,0,0,0,1,0,0,0.272,0.334,0.412,0.745,12,12,L,J.Saunders(64)
151,156,152,152,Sep 20,,LAA,"L,0-3",36,32,0,5,2,0,0,0,3,0,9,0,1,0,0,0,0,0,0.271,0.333,0.41,0.744,9,11,R,K.Escobar(73)
152,157,153,153,Sep 22,,DET,"L,3-7",35,32,3,5,1,0,0,1,3,0,5,0,0,0,1,0,2,1,0.27,0.332,0.409,0.742,5,10,L,W.Ledezma(54)
153,158,154,154,Sep 23,,DET,"L,4-15",34,33,4,8,1,0,2,4,1,0,4,0,0,0,0,2,0,0,0.27,0.332,0.409,0.741,3,12,L,K.Rogers(70)
154,159,155,155,Sep 24,,DET,"L,4-11",38,36,4,10,2,1,0,4,2,0,9,0,0,0,0,1,0,0,0.27,0.332,0.409,0.741,7,13,R,J.Verlander(48)
155,160,156,156,Sep 25,@,MIN,"L,1-8",31,29,1,3,1,0,1,1,2,0,7,0,0,0,0,1,0,0,0.269,0.331,0.408,0.739,3,9,R,B.Bonser(69)
156,161,157,157,Sep 26,@,MIN,"L,2-3",37,33,2,7,1,1,0,2,2,1,7,0,2,0,1,0,0,0,0.269,0.331,0.408,0.738,8,10,L,J.Santana(65)
157,162,158,158,Sep 27,@,MIN,"W,6-4",41,36,6,12,2,0,2,6,2,0,1,2,0,1,0,0,0,1,0.269,0.331,0.409,0.74,8,9,R,C.Silva(30)
158,163,159,159,Sep 28,@,MIN,"L,1-2",38,33,1,7,1,0,0,1,5,1,6,0,0,0,0,4,0,0,0.269,0.331,0.408,0.739,7,9,R,B.Radke(58)
159,164,160,160,Sep 29,@,DET,"W,9-7",55,52,9,19,0,2,3,9,1,0,7,0,1,1,2,0,0,0,0.27,0.331,0.41,0.741,13,12,L,W.Ledezma(49)
160,165,161,161,Sep 30,@,DET,"W,9-6",44,39,9,15,3,2,1,8,3,0,5,0,1,1,0,1,0,0,0.271,0.332,0.411,0.743,8,9,R,Z.Miner(21)
161,166,162,162,Oct 1,@,DET,"W,10-8",59,50,10,15,3,0,0,9,7,0,5,1,0,1,1,1,0,0,0.271,0.332,0.411,0.743,13,9,R,J.Bonderman(34)
