,index,Rk,Gtm,Date,Unnamed: 3,Opp,Rslt,PA,AB,R,H,2B,3B,HR,RBI,BB,IBB,SO,HBP,SH,SF,ROE,GDP,SB,CS,BA,OBP,SLG,OPS,LOB,#,Thr,Opp. Starter (GmeSc)
0,0,1,1,Apr 2,@,HOU,"W,4-2",41,39,4,9,1,0,3,4,2,0,6,0,0,0,1,1,0,0,0.231,0.268,0.487,0.755,7,16,R,R.Oswalt(67)
1,1,2,2,Apr 3,@,HOU,"W,3-2",37,35,3,9,1,0,1,3,2,0,9,0,0,0,0,1,0,0,0.243,0.282,0.432,0.714,7,16,R,J.Jennings(64)
2,2,3,3,Apr 4,@,HOU,"W,5-4",43,38,5,10,4,0,0,4,2,0,5,2,1,0,2,0,0,0,0.25,0.3,0.411,0.711,11,12,R,W.Williams(30)
3,3,4,4,Apr 6,@,CIN,"L,1-6",32,31,1,4,1,0,0,1,1,0,11,0,0,0,0,0,0,0,0.224,0.27,0.357,0.626,4,13,R,M.Belisle(65)
4,4,5,5,Apr 7,@,CIN,"L,5-7",37,36,5,9,3,0,1,5,1,0,10,0,0,0,0,0,1,0,0.229,0.27,0.369,0.639,5,15,R,A.Harang(38)
5,5,6,6,Apr 8,@,CIN,"W,6-3",42,40,6,13,3,0,3,6,1,0,9,1,0,0,0,0,0,0,0.247,0.286,0.416,0.701,9,14,L,E.Milton(38)
6,6,7,7,Apr 9,,STL,"L,0-3",32,27,0,3,1,0,0,0,3,0,6,1,1,0,0,2,0,0,0.232,0.279,0.386,0.665,5,13,R,B.Looper(73)
7,7,8,8,Apr 10,,STL,"L,2-3",48,42,2,7,1,0,1,2,5,0,6,1,0,0,1,2,0,0,0.222,0.277,0.368,0.645,10,16,L,R.Keisler(56)
8,8,9,9,Apr 11,,STL,"L,2-3",42,32,2,8,1,1,0,2,7,0,5,1,1,1,0,0,0,1,0.225,0.291,0.366,0.656,13,15,R,A.Wainwright(52)
9,9,10,10,Apr 13,,SFG,"L,5-8",38,36,5,10,2,0,1,5,1,0,7,0,0,1,0,0,0,0,0.23,0.29,0.371,0.661,6,15,R,R.Ortiz(50)
10,10,11,11,Apr 16,@,STL,"W,3-2",36,33,3,8,0,2,0,3,3,0,7,0,0,0,1,2,0,0,0.231,0.292,0.37,0.662,6,13,R,A.Reyes(42)
11,11,12,12,Apr 17,@,STL,"W,6-1",42,36,6,10,2,0,1,5,3,0,6,2,1,0,1,1,2,0,0.235,0.298,0.374,0.672,9,10,R,A.Wainwright(39)
12,12,13,13,Apr 18,@,MIL,"L,3-7",36,34,3,7,3,1,1,2,2,0,14,0,0,0,0,0,0,0,0.233,0.295,0.379,0.674,6,15,R,C.Vargas(65)
13,13,14,14,Apr 19,@,MIL,"L,5-7",39,32,5,8,1,0,1,5,3,0,10,2,1,1,0,0,0,0,0.234,0.298,0.379,0.677,7,18,R,J.Suppan(50)
14,14,15,15,Apr 20,@,LAD,"L,2-10",36,34,2,8,1,0,0,1,2,0,12,0,0,0,0,1,0,0,0.234,0.297,0.371,0.668,7,15,L,R.Wolf(65)
15,15,16,16,Apr 21,@,LAD,"L,3-7",42,37,3,9,1,0,0,2,5,0,6,0,0,0,0,2,0,0,0.235,0.299,0.365,0.664,9,17,R,B.Penny(49)
16,16,17,17,Apr 22,@,LAD,"W,7-5",38,35,7,11,3,0,1,6,3,0,8,0,0,0,1,3,2,1,0.24,0.303,0.372,0.675,4,14,R,B.Tomko(45)
17,17,18,18,Apr 24,,HOU,"W,3-0",33,32,3,9,3,0,1,3,0,0,3,1,0,0,0,0,0,1,0.242,0.303,0.377,0.68,6,10,R,W.Williams(49)
18,18,19,19,Apr 25,,HOU,"W,4-3",59,55,4,10,1,0,1,4,3,1,5,0,0,1,0,0,1,1,0.237,0.297,0.367,0.664,8,18,R,M.Albers(53)
19,19,20,20,Apr 26,,HOU,"W,5-3",35,30,5,7,1,0,0,5,3,1,9,1,1,0,1,1,0,0,0.237,0.298,0.363,0.661,6,17,L,W.Rodriguez(60)
20,20,21,21,Apr 27,,CIN,"W,3-1",35,31,3,9,2,0,0,3,3,0,3,0,1,0,0,1,1,0,0.239,0.3,0.362,0.663,8,12,L,E.Milton(39)
21,21,22,22,Apr 28,,CIN,"L,1-8",30,30,1,5,2,0,0,1,0,0,5,0,0,0,0,2,0,0,0.236,0.296,0.357,0.653,2,13,R,M.Belisle(78)
22,22,23,23,Apr 29,,CIN,"L,5-9",36,35,5,10,3,0,1,5,1,0,11,0,0,0,0,2,0,1,0.238,0.296,0.362,0.658,4,15,R,A.Harang(50)
23,23,24,24,Apr 30,,CHC,"W,3-2",32,30,3,7,2,0,1,3,1,0,6,1,0,0,0,1,1,0,0.238,0.295,0.363,0.659,5,13,L,R.Hill(62)
24,25,25,25,May 1 susp,,CHC,"L,6-8",40,34,6,11,1,0,1,5,3,0,9,0,2,1,0,0,0,1,0.241,0.298,0.366,0.664,7,14,L,T.Lilly(36)
25,26,26,26,May 2,,CHC,"L,1-7",32,32,1,4,0,0,1,1,0,0,5,0,0,0,1,0,0,0,0.237,0.293,0.361,0.654,4,14,R,J.Marquis(75)
26,27,27,27,May 3,@,MIL,"W,4-2",37,35,4,9,4,0,2,4,2,1,5,0,0,0,0,1,0,0,0.238,0.293,0.368,0.661,6,14,R,D.Bush(53)
27,28,28,28,May 4,@,MIL,"L,0-10",35,32,0,6,0,0,0,0,3,0,5,0,0,0,0,0,0,1,0.236,0.292,0.362,0.653,8,15,R,C.Vargas(65)
28,29,29,29,May 5,@,MIL,"L,3-6",40,36,3,10,4,0,1,3,4,1,8,0,0,0,0,0,0,0,0.238,0.294,0.366,0.66,10,17,R,J.Suppan(48)
29,30,30,30,May 6,@,MIL,"L,4-6",40,36,4,9,1,0,1,4,4,0,6,0,0,0,0,0,0,0,0.238,0.295,0.366,0.66,9,14,R,B.Sheets(55)
30,31,31,31,May 8,@,CHC,"W,4-3",66,53,4,14,4,0,0,4,8,3,7,1,2,2,0,2,1,0,0.24,0.298,0.364,0.663,17,19,L,T.Lilly(58)
31,32,32,32,May 9,@,CHC,"L,0-1",30,29,0,3,1,0,0,0,0,0,5,0,1,0,0,0,0,0,0.236,0.294,0.358,0.652,3,12,R,J.Marquis(86)
32,33,33,33,May 10,@,CHC,"W,6-4",38,34,6,8,3,0,1,5,2,0,10,1,0,1,1,1,0,0,0.236,0.294,0.36,0.654,5,13,R,C.Zambrano(42)
33,34,34,34,May 11,,ATL,"L,1-4",34,29,1,7,1,0,0,1,4,0,4,0,0,1,0,4,0,0,0.236,0.294,0.358,0.652,6,12,R,K.Davies(58)
34,35,35,35,May 12,,ATL,"L,2-9",33,29,2,5,1,0,0,2,3,0,5,0,0,1,0,2,0,0,0.235,0.293,0.354,0.647,4,16,L,C.James(75)
35,36,36,36,May 13,,ATL,"W,13-2",48,37,13,18,3,0,0,11,7,1,8,1,3,0,0,1,1,0,0.242,0.302,0.361,0.663,11,13,R,A.Lerew(26)
36,37,37,37,May 14,,FLA,"W,7-0",40,35,7,11,2,0,1,7,5,0,5,0,0,0,0,0,1,0,0.244,0.305,0.363,0.668,9,12,L,D.Willis(52)
37,38,38,38,May 15,,FLA,"L,3-9",35,33,3,8,1,0,0,1,0,0,6,1,0,1,1,2,1,0,0.244,0.304,0.361,0.665,5,12,R,S.Mitre(57)
38,39,39,39,May 16,,FLA,"L,3-4",36,34,3,6,0,0,1,3,2,0,6,0,0,0,1,0,0,0,0.242,0.302,0.359,0.661,6,14,L,S.Olsen(52)
39,40,40,40,May 17,,FLA,"W,7-2",38,26,7,6,3,0,0,7,7,1,2,1,0,4,2,1,0,0,0.242,0.304,0.358,0.662,7,13,R,R.Nolasco(43)
40,41,41,41,May 18,,ARI,"W,11-5",42,37,11,14,2,0,2,11,4,0,13,0,1,0,0,0,0,0,0.246,0.307,0.365,0.672,7,15,L,D.Davis(19)
41,42,42,42,May 19,,ARI,"L,8-9",45,39,8,12,3,0,0,7,5,0,8,1,0,0,0,0,0,0,0.247,0.31,0.365,0.675,10,16,R,M.Owings(16)
42,43,43,43,May 20,,ARI,"L,2-5",34,34,2,7,2,0,0,2,0,0,12,0,0,0,0,0,1,0,0.246,0.308,0.363,0.67,5,13,L,R.Johnson(57)
43,44,44,44,May 22,@,STL,"L,4-9",42,38,4,12,0,0,0,3,2,0,10,1,0,1,1,1,0,0,0.248,0.309,0.362,0.67,11,14,R,A.Wainwright(47)
44,45,45,45,May 23,@,STL,"L,3-5",37,33,3,7,3,1,0,3,2,0,6,0,1,1,1,0,1,0,0.247,0.308,0.362,0.669,7,14,R,K.Wells(64)
45,46,46,46,May 24,@,STL,"L,1-3",36,31,1,5,1,0,1,1,2,0,4,3,0,0,0,1,0,0,0.246,0.307,0.36,0.667,8,14,R,B.Looper(62)
46,47,47,47,May 25,@,CIN,"W,10-4",46,37,10,11,3,0,2,9,4,1,6,3,1,1,0,1,0,2,0.247,0.309,0.364,0.674,6,16,R,A.Harang(67)
47,48,48,48,May 26,@,CIN,"W,9-5",45,39,9,11,3,0,2,9,5,0,6,1,0,0,1,0,0,0,0.248,0.311,0.368,0.679,9,15,R,B.Arroyo(20)
48,49,49,49,May 27,@,CIN,"W,14-10",45,41,14,18,4,0,2,14,2,0,9,0,0,2,0,2,2,0,0.252,0.314,0.375,0.69,4,15,R,K.Saarloos(18)
49,50,50,50,May 28,@,CIN,"L,0-4",33,31,0,6,0,1,0,0,0,0,2,1,1,0,0,0,0,0,0.251,0.313,0.373,0.686,6,12,R,K.Lohse(77)
50,51,51,51,May 29,,SDP,"W,4-1",34,33,4,12,2,0,1,4,1,1,5,0,0,0,0,1,0,0,0.253,0.314,0.376,0.69,6,14,L,D.Wells(46)
51,52,52,52,May 30,,SDP,"L,0-9",32,31,0,5,2,0,0,0,1,0,8,0,0,0,0,0,1,0,0.252,0.312,0.373,0.685,5,13,R,C.Young(75)
52,53,53,53,May 31,,SDP,"L,2-4",46,40,2,12,2,0,0,2,1,0,8,1,3,1,1,2,0,0,0.253,0.312,0.373,0.685,11,17,R,G.Maddux(53)
53,55,54,54,Jun 1,,LAD,"L,4-5",38,36,4,9,3,1,1,4,2,0,11,0,0,0,0,0,0,0,0.253,0.312,0.375,0.686,7,13,L,R.Wolf(38)
54,56,55,55,Jun 2,,LAD,"W,3-1",34,30,3,8,2,0,1,3,3,0,9,1,0,0,0,0,0,1,0.253,0.312,0.376,0.688,7,10,L,H.Kuo(47)
55,57,56,56,Jun 3,,LAD,"L,4-5",38,36,4,10,2,0,2,4,2,0,7,0,0,0,0,2,0,0,0.253,0.312,0.378,0.69,7,14,R,B.Penny(40)
56,58,57,57,Jun 4,,LAD,"L,5-6",35,33,5,5,1,0,2,5,2,0,6,0,0,0,2,1,0,0,0.252,0.311,0.378,0.688,3,16,R,D.Lowe(62)
57,59,58,58,Jun 5,@,WSN,"W,7-6",39,31,7,9,3,0,2,7,7,1,5,0,0,1,0,4,0,0,0.252,0.312,0.381,0.693,5,16,L,M.Bacsik(24)
58,60,59,59,Jun 6,@,WSN,"L,5-6",38,31,5,5,1,0,1,5,6,0,7,0,0,1,0,0,1,0,0.251,0.312,0.379,0.691,6,15,L,M.Bowie(59)
59,61,60,60,Jun 7,@,WSN,"W,3-2",34,30,3,6,1,1,2,3,3,0,5,0,1,0,0,1,0,0,0.25,0.311,0.381,0.693,4,12,L,M.Chico(63)
60,62,61,61,Jun 8,@,NYY,"L,4-5",40,38,4,11,0,0,2,4,2,1,8,0,0,0,0,3,0,0,0.251,0.312,0.382,0.694,6,9,L,A.Pettitte(52)
61,63,62,62,Jun 9,@,NYY,"L,3-9",37,32,3,6,2,0,0,3,5,0,11,0,0,0,0,1,1,0,0.25,0.311,0.38,0.692,7,9,R,R.Clemens(55)
62,64,63,63,Jun 10,@,NYY,"L,6-13",42,35,6,9,2,0,0,6,6,0,7,1,0,0,0,0,3,0,0.25,0.313,0.379,0.692,9,11,R,T.Clippard(24)
63,65,64,64,Jun 12,,TEX,"W,7-5",40,34,7,10,4,0,3,6,5,0,6,1,0,0,1,0,2,1,0.251,0.314,0.384,0.698,9,14,R,K.Millwood(24)
64,66,65,65,Jun 13,,TEX,"W,8-1",39,31,8,11,3,1,0,8,5,0,5,0,2,1,1,1,0,0,0.252,0.316,0.386,0.702,7,10,R,R.Tejeda(33)
65,67,66,66,Jun 14,,TEX,"L,0-6",33,30,0,5,1,0,0,0,3,1,7,0,0,0,0,2,1,0,0.251,0.315,0.383,0.698,6,12,R,K.Loe(76)
66,68,67,67,Jun 15,,CHW,"W,4-2",35,33,4,12,3,0,0,4,0,0,5,1,1,0,0,2,0,0,0.253,0.316,0.384,0.7,7,12,R,J.Garland(38)
67,69,68,68,Jun 16,,CHW,"L,1-6",36,34,1,9,2,0,0,1,1,1,4,0,1,0,0,1,0,0,0.253,0.315,0.383,0.699,8,13,L,M.Buehrle(63)
68,70,69,69,Jun 17,,CHW,"W,8-7",38,35,8,11,5,0,1,8,2,0,11,0,1,0,0,0,0,0,0.254,0.316,0.386,0.702,6,14,R,J.Vazquez(45)
69,71,70,70,Jun 19,@,SEA,"W,5-3",42,36,5,9,2,0,0,4,6,1,11,0,0,0,1,1,1,0,0.254,0.316,0.385,0.701,10,9,R,M.Batista(47)
70,72,71,71,Jun 20,@,SEA,"L,0-7",32,30,0,4,2,0,0,0,2,0,5,0,0,0,0,0,0,0,0.252,0.315,0.382,0.697,5,9,R,J.Weaver(82)
71,73,72,72,Jun 21,@,SEA,"L,0-3",34,33,0,7,1,0,0,0,1,0,10,0,0,0,0,1,0,0,0.252,0.314,0.38,0.694,7,9,R,F.Hernandez(78)
72,74,73,73,Jun 22,@,LAA,"L,4-5",42,41,4,8,1,0,1,4,1,0,4,0,0,0,0,0,2,0,0.251,0.312,0.379,0.691,5,11,L,J.Saunders(45)
73,75,74,74,Jun 23,@,LAA,"L,1-10",33,30,1,5,1,0,0,1,3,0,4,0,0,0,0,1,0,0,0.25,0.312,0.377,0.689,5,9,R,K.Escobar(70)
74,76,75,75,Jun 24,@,LAA,"L,3-4",46,37,3,10,1,0,0,3,8,0,12,0,1,0,0,1,1,1,0.25,0.313,0.376,0.689,13,11,R,B.Colon(52)
75,77,76,76,Jun 26,@,FLA,"W,3-2",39,34,3,8,1,0,1,3,3,0,7,1,0,1,0,0,0,0,0.25,0.313,0.375,0.688,9,14,L,D.Willis(55)
76,78,77,77,Jun 27,@,FLA,"W,7-5",44,38,7,11,0,0,4,7,4,0,7,0,1,1,0,0,0,0,0.25,0.313,0.379,0.692,7,17,R,S.Mitre(40)
77,79,78,78,Jun 28,@,FLA,"L,7-9",42,38,7,12,4,0,1,7,4,0,12,0,0,0,0,1,0,0,0.251,0.314,0.38,0.695,8,17,L,S.Olsen(46)
78,80,79,79,Jun 29,,WSN,"W,3-2",38,29,3,8,2,1,0,3,5,1,2,1,1,2,0,1,2,0,0.252,0.315,0.381,0.696,9,15,L,M.Chico(60)
79,81,80,80,Jun 30,,WSN,"W,7-2",33,30,7,9,3,0,1,7,2,1,4,0,1,0,0,1,0,0,0.252,0.316,0.382,0.698,2,10,R,J.Bergmann(21)
80,83,81,81,Jul 1,,WSN,"L,2-3",34,31,2,6,3,0,0,2,1,1,5,0,0,2,1,1,0,1,0.251,0.314,0.381,0.695,5,13,L,M.Bacsik(57)
81,84,82,82,Jul 2,,MIL,"L,3-10",37,33,3,7,2,0,0,3,2,0,8,1,0,1,0,0,0,0,0.251,0.314,0.38,0.694,7,15,R,J.Suppan(46)
82,85,83,83,Jul 3,,MIL,"W,6-2",42,35,6,10,3,2,0,6,4,1,6,1,1,1,3,0,1,0,0.251,0.314,0.381,0.696,12,14,L,C.Capuano(45)
83,86,84,84,Jul 4,,MIL,"W,5-3",31,28,5,6,0,1,2,5,2,0,4,0,0,1,0,0,0,1,0.251,0.314,0.382,0.696,2,10,R,C.Vargas(42)
84,87,85,85,Jul 5,,MIL,"W,6-3",35,33,6,10,3,0,3,6,2,0,6,0,0,0,0,0,2,1,0.252,0.314,0.386,0.7,5,12,R,B.Sheets(41)
85,88,86,86,Jul 6,,CHC,"W,8-4",41,35,8,12,5,0,2,8,5,0,6,0,1,0,1,1,0,0,0.253,0.316,0.389,0.704,9,12,R,J.Marquis(24)
86,89,87,87,Jul 7,,CHC,"L,1-7",37,35,1,8,4,0,0,1,2,0,8,0,0,0,0,0,0,0,0.252,0.315,0.388,0.703,9,16,L,T.Lilly(63)
87,90,88,88,Jul 8,,CHC,"W,6-2",35,30,6,8,0,0,1,6,3,0,5,1,0,1,0,0,1,0,0.253,0.315,0.388,0.703,5,11,R,C.Zambrano(59)
88,91,89,89,Jul 13,@,ATL,"L,1-9",35,33,1,8,2,0,0,1,1,0,6,0,1,0,0,1,0,0,0.252,0.315,0.387,0.702,7,14,R,T.Hudson(70)
89,92,90,90,Jul 14,@,ATL,"L,4-5",35,31,4,5,2,0,1,3,4,0,8,0,0,0,1,0,0,2,0.252,0.314,0.386,0.701,4,14,L,C.James(69)
90,93,91,91,Jul 15,@,ATL,"L,1-5",29,29,1,4,0,1,1,1,0,0,4,0,0,0,0,2,0,0,0.25,0.313,0.386,0.698,1,12,R,B.Carlyle(74)
91,94,92,92,Jul 16,,COL,"L,8-10",44,37,8,14,2,0,0,8,3,0,8,0,2,2,1,1,0,0,0.252,0.314,0.386,0.7,9,16,R,T.Buchholz(28)
92,95,93,93,Jul 17,,COL,"L,2-6",33,31,2,5,1,0,1,2,1,0,9,1,0,0,0,1,0,0,0.251,0.313,0.385,0.698,4,14,R,J.Fogg(63)
93,96,94,94,Jul 18,,COL,"L,3-5",33,33,3,8,1,0,2,3,0,0,8,0,0,0,0,1,0,1,0.251,0.312,0.386,0.698,3,14,L,J.Francis(63)
94,97,95,95,Jul 20,,HOU,"L,1-2",39,34,1,9,5,0,0,1,2,0,9,2,1,0,0,1,0,0,0.251,0.313,0.386,0.699,11,14,R,R.Oswalt(58)
95,98,96,96,Jul 21,,HOU,"W,7-3",35,31,7,10,2,0,1,7,1,1,8,1,0,2,1,2,0,0,0.252,0.313,0.387,0.7,4,13,L,W.Rodriguez(38)
96,99,97,97,Jul 22,,HOU,"L,0-1",32,32,0,6,1,0,0,0,0,0,6,0,0,0,0,1,0,0,0.251,0.312,0.386,0.697,5,12,R,W.Williams(75)
97,100,98,98,Jul 24,@,NYM,"L,4-8",35,34,4,7,2,0,2,4,1,0,8,0,0,0,0,0,0,0,0.251,0.311,0.386,0.697,4,14,R,J.Maine(65)
98,101,99,99,Jul 25,@,NYM,"L,3-6",38,34,3,8,3,0,1,3,3,0,4,1,0,0,0,1,0,0,0.251,0.311,0.386,0.697,8,17,L,T.Glavine(43)
99,102,100,100,Jul 26,@,NYM,"W,8-4",39,37,8,11,1,0,1,7,1,0,13,0,1,0,1,1,0,0,0.251,0.311,0.387,0.698,4,13,L,O.Perez(60)
100,103,101,101,Jul 27,@,PHI,"L,1-8",27,26,1,6,1,0,0,1,0,0,4,0,1,0,1,1,0,0,0.251,0.311,0.386,0.696,5,14,L,J.Moyer(67)
101,104,102,102,Jul 28,@,PHI,"L,5-10",39,34,5,9,1,0,1,5,4,0,6,0,1,0,0,0,1,1,0.251,0.311,0.386,0.697,7,14,R,J.Durbin(33)
102,105,103,103,Jul 29,@,PHI,"L,1-5",35,33,1,7,2,0,1,1,1,0,5,1,0,0,1,1,0,0,0.251,0.31,0.385,0.696,7,12,R,K.Kendrick(64)
103,106,104,104,Jul 31,,STL,"L,4-6",41,39,4,12,0,0,1,4,2,0,4,0,0,0,1,1,0,0,0.251,0.311,0.385,0.696,10,15,R,A.Wainwright(50)
104,108,105,105,Aug 1,,STL,"W,15-1",43,40,15,20,3,0,3,15,2,0,3,1,0,0,0,1,0,0,0.254,0.313,0.39,0.703,4,15,R,B.Looper(17)
105,109,106,106,Aug 2,,STL,"W,5-4",44,39,5,8,3,0,1,5,4,0,8,0,0,1,2,2,0,0,0.254,0.313,0.39,0.702,7,18,R,A.Reyes(48)
106,110,107,107,Aug 3,,CIN,"L,4-13",39,36,4,11,2,0,1,4,1,0,6,0,1,1,0,0,0,0,0.254,0.313,0.39,0.703,8,14,R,M.Belisle(43)
107,111,108,108,Aug 4,,CIN,"L,8-9",47,40,8,12,1,0,5,8,6,1,7,1,0,0,0,2,1,0,0.255,0.314,0.394,0.707,9,17,L,B.Livingston(52)
108,112,109,109,Aug 7,@,ARI,"W,8-3",42,36,8,10,3,0,0,6,4,0,7,0,1,1,3,0,0,0,0.255,0.314,0.393,0.707,7,12,R,M.Owings(47)
109,113,110,110,Aug 8,@,ARI,"L,6-10",44,35,6,10,1,1,1,5,7,1,5,2,0,0,1,1,0,2,0.255,0.315,0.394,0.709,11,14,R,B.Kim(27)
110,114,111,111,Aug 9,@,ARI,"L,2-4",34,31,2,7,2,0,1,2,3,0,5,0,0,0,0,2,0,0,0.255,0.315,0.394,0.709,5,12,L,D.Davis(59)
111,115,112,112,Aug 10,@,SFG,"W,8-7",45,39,8,13,3,1,1,8,3,0,3,1,1,1,1,0,1,0,0.256,0.316,0.395,0.711,10,17,R,R.Ortiz(50)
112,116,113,113,Aug 11,@,SFG,"W,13-3",46,42,13,17,4,1,2,12,3,0,11,0,0,1,1,2,1,0,0.257,0.317,0.399,0.716,6,14,R,T.Lincecum(37)
113,117,114,114,Aug 12,@,SFG,"W,5-0",39,36,5,9,1,1,1,5,3,0,8,0,0,0,0,0,0,0,0.257,0.317,0.399,0.716,7,10,L,B.Zito(49)
114,118,115,115,Aug 13 (1),,SFG,"W,3-1",31,28,3,6,4,0,0,3,2,0,7,1,0,0,0,1,0,1,0.257,0.317,0.398,0.715,4,10,R,M.Cain(58)
115,119,116,116,Aug 13 (2),,SFG,"L,3-10",40,35,3,9,0,0,3,3,5,0,4,0,0,0,0,1,1,0,0.257,0.317,0.399,0.717,10,14,L,N.Lowry(55)
116,120,117,117,Aug 14,,NYM,"L,4-5",40,33,4,7,2,0,1,4,5,0,10,1,1,0,0,0,0,0,0.257,0.317,0.399,0.716,9,16,R,O.Hernandez(53)
117,121,118,118,Aug 15,,NYM,"L,8-10",43,36,8,10,3,0,2,8,4,0,12,3,0,0,0,0,0,0,0.257,0.318,0.4,0.718,8,15,R,J.Maine(50)
118,122,119,119,Aug 16,,NYM,"W,10-7",43,36,10,13,3,0,1,9,5,0,6,1,1,0,1,1,1,0,0.258,0.319,0.401,0.721,9,16,R,B.Lawrence(42)
119,123,120,120,Aug 17,,PHI,"L,8-11",39,34,8,10,2,0,3,8,3,0,4,0,1,1,0,0,1,0,0.258,0.319,0.403,0.723,4,15,R,J.Durbin(55)
120,124,121,121,Aug 18,,PHI,"W,11-6",44,37,11,13,5,0,1,9,6,2,8,0,1,0,1,0,0,0,0.259,0.321,0.405,0.725,9,13,L,J.Moyer(16)
121,125,122,122,Aug 19,,PHI,"W,8-4",39,34,8,12,4,0,0,8,5,2,7,0,0,0,0,2,0,0,0.26,0.322,0.405,0.727,7,15,R,K.Lohse(50)
122,126,123,123,Aug 20,@,COL,"W,4-2",42,39,4,8,2,1,1,3,1,0,6,1,1,0,1,0,0,0,0.259,0.321,0.405,0.726,5,16,R,U.Jimenez(67)
123,127,124,124,Aug 21,@,COL,"L,2-9",37,34,2,8,2,0,1,2,3,0,4,0,0,0,0,1,0,0,0.259,0.321,0.405,0.726,8,14,R,E.Dessens(43)
124,128,125,125,Aug 22,@,COL,"W,11-2",43,41,11,17,2,0,6,11,2,0,2,0,0,0,0,2,0,0,0.26,0.322,0.41,0.731,5,13,R,J.Fogg(4)
125,129,126,126,Aug 23,@,COL,"W,5-1",43,35,5,10,4,0,0,5,8,1,9,0,0,0,0,1,0,0,0.261,0.323,0.409,0.732,11,13,L,F.Morales(29)
126,130,127,127,Aug 24,@,HOU,"W,8-3",63,58,8,15,2,0,2,8,2,0,11,1,1,1,2,2,2,0,0.261,0.322,0.409,0.732,10,20,R,M.Albers(65)
127,131,128,128,Aug 25,@,HOU,"W,4-1",38,33,4,9,1,0,3,4,4,0,7,0,1,0,0,2,0,0,0.261,0.323,0.411,0.733,7,14,L,T.Patton(47)
128,132,129,129,Aug 26,@,HOU,"L,4-5",38,34,4,8,1,0,1,4,4,0,12,0,0,0,0,0,1,1,0.26,0.322,0.41,0.733,7,16,L,W.Rodriguez(41)
129,133,130,130,Aug 28 (1),,CIN,"W,6-4",38,34,6,11,0,0,2,6,4,0,5,0,0,0,0,1,1,0,0.261,0.323,0.411,0.734,8,15,R,E.Ramirez(27)
130,134,131,131,Aug 28 (2),,CIN,"W,3-2",33,33,3,10,0,1,0,3,0,0,8,0,0,0,0,0,0,0,0.261,0.323,0.41,0.733,6,16,R,B.Arroyo(62)
131,135,132,132,Aug 29,,CIN,"L,0-8",29,28,0,2,1,0,0,0,1,0,8,0,0,0,0,1,1,0,0.26,0.322,0.409,0.73,2,14,R,A.Harang(90)
132,136,133,133,Aug 30,,CIN,"L,4-5",37,36,4,11,3,0,1,4,0,0,7,1,0,0,0,0,1,0,0.26,0.322,0.409,0.731,6,15,R,M.Belisle(49)
133,137,134,134,Aug 31,@,MIL,"L,2-3",35,34,2,6,1,0,1,2,1,1,10,0,0,0,1,0,1,0,0.26,0.321,0.408,0.729,6,12,R,Y.Gallardo(65)
134,139,135,135,Sep 1,@,MIL,"L,3-12",39,32,3,6,2,0,0,3,5,0,9,2,0,0,0,1,1,0,0.259,0.321,0.407,0.728,9,17,R,D.Bush(62)
135,140,136,136,Sep 2,@,MIL,"L,4-7",41,39,4,13,4,0,1,4,0,0,10,1,1,0,1,0,0,0,0.26,0.321,0.408,0.729,10,14,R,J.Suppan(41)
136,141,137,137,Sep 3,@,STL,"W,11-0",45,37,11,16,5,1,2,11,4,0,4,2,1,1,0,2,1,0,0.261,0.323,0.411,0.734,7,16,R,K.Wells(18)
137,142,138,138,Sep 4,@,STL,"L,2-6",39,35,2,10,2,0,0,2,3,0,3,0,1,0,0,0,1,0,0.261,0.323,0.41,0.733,10,14,R,J.Pineiro(45)
138,143,139,139,Sep 5,@,STL,"W,8-2",39,36,8,12,4,0,2,8,2,0,7,0,1,0,0,1,0,1,0.262,0.323,0.412,0.735,4,14,L,M.Mulder(22)
139,144,140,140,Sep 6,@,STL,"L,4-16",40,35,4,11,3,0,0,4,4,0,5,1,0,0,0,0,0,0,0.262,0.324,0.412,0.736,12,19,L,M.Maroth(34)
140,145,141,141,Sep 7,,CHC,"W,6-1",36,33,6,11,3,0,1,6,1,0,2,1,0,1,0,0,1,1,0.263,0.324,0.413,0.737,6,14,L,R.Hill(31)
141,146,142,142,Sep 8,,CHC,"L,1-5",37,28,1,2,0,0,0,1,7,0,12,1,0,1,0,0,0,0,0.262,0.324,0.411,0.734,9,14,R,C.Zambrano(67)
142,147,143,143,Sep 9,,CHC,"W,10-5",40,32,10,13,3,1,0,10,7,0,6,0,1,0,0,1,0,1,0.263,0.325,0.412,0.737,6,14,R,S.Trachsel(19)
143,148,144,144,Sep 10,,MIL,"W,9-0",40,36,9,15,5,0,1,8,3,0,9,0,0,1,0,1,1,0,0.264,0.326,0.413,0.739,7,12,R,C.Villanueva(50)
144,149,145,145,Sep 11,,MIL,"L,1-6",37,32,1,8,1,0,0,1,4,0,9,0,1,0,0,2,0,0,0.264,0.326,0.412,0.738,9,15,R,Y.Gallardo(64)
145,150,146,146,Sep 12,,MIL,"W,7-4",37,32,7,9,1,2,0,7,4,0,6,1,0,0,0,0,0,1,0.264,0.326,0.413,0.739,6,16,R,D.Bush(36)
146,151,147,147,Sep 14,@,HOU,"W,4-3",42,38,4,11,1,1,1,3,4,1,9,0,0,0,0,0,3,0,0.264,0.326,0.413,0.739,11,16,R,R.Oswalt(66)
147,152,148,148,Sep 15,@,HOU,"L,7-9",41,34,7,8,1,1,3,7,5,0,11,1,1,0,0,0,0,0,0.264,0.327,0.414,0.741,7,14,L,W.Rodriguez(31)
148,153,149,149,Sep 16,@,HOU,"L,3-15",33,31,3,4,1,0,3,3,2,0,4,0,0,0,0,0,0,0,0.263,0.326,0.414,0.74,3,20,R,B.Backe(58)
149,154,150,150,Sep 17,@,SDP,"L,0-3",35,35,0,10,1,0,0,0,0,0,6,0,0,0,0,2,0,0,0.263,0.326,0.414,0.739,8,13,R,J.Cassel(59)
150,155,151,151,Sep 18,@,SDP,"L,3-5",39,37,3,10,1,0,1,3,2,0,5,0,0,0,0,0,1,0,0.263,0.325,0.413,0.739,9,17,R,G.Maddux(41)
151,156,152,152,Sep 19,@,SDP,"L,3-5",34,29,3,5,1,1,0,3,2,0,8,1,0,2,0,1,3,0,0.263,0.325,0.413,0.737,4,12,R,C.Young(53)
152,157,153,153,Sep 20,@,SDP,"L,3-6",34,33,3,7,1,1,1,3,1,0,10,0,0,0,0,1,0,0,0.262,0.324,0.412,0.737,4,13,R,B.Tomko(56)
153,158,154,154,Sep 21,@,CHC,"L,8-13",44,38,8,12,3,1,1,8,6,1,10,0,0,0,0,0,2,1,0.263,0.325,0.413,0.738,9,15,R,J.Marquis(13)
154,159,155,155,Sep 22,@,CHC,"L,5-9",37,33,5,8,2,1,1,5,4,0,8,0,0,0,0,0,1,0,0.263,0.325,0.414,0.739,5,14,L,R.Hill(47)
155,160,156,156,Sep 23,@,CHC,"L,0-8",33,29,0,3,0,0,0,0,4,0,12,0,0,0,0,0,1,1,0.262,0.324,0.412,0.736,6,14,R,C.Zambrano(69)
156,161,157,157,Sep 25,,ARI,"W,6-5",35,32,6,10,3,0,1,5,3,0,6,0,0,0,0,2,2,0,0.262,0.325,0.412,0.737,5,18,L,D.Davis(51)
157,162,158,158,Sep 26,,ARI,"W,5-1",38,34,5,15,4,0,1,5,3,0,6,1,0,0,0,2,1,0,0.263,0.326,0.414,0.74,9,12,R,L.Hernández(26)
158,163,159,159,Sep 27,,ARI,"L,0-8",31,31,0,8,2,0,0,0,0,0,5,0,0,0,0,2,0,0,0.263,0.325,0.413,0.739,4,15,R,M.Owings(69)
159,164,160,160,Sep 28,,STL,"L,1-6",33,31,1,5,0,1,0,1,1,0,6,0,1,0,0,0,0,0,0.263,0.325,0.412,0.737,5,14,R,T.Wellemeyer(67)
160,165,161,161,Sep 29,,STL,"L,3-7",34,31,3,6,3,0,0,3,1,0,5,1,1,0,0,1,0,0,0.262,0.324,0.412,0.736,4,13,R,A.Wainwright(54)
161,166,162,162,Sep 30,,STL,"L,5-6",41,39,5,13,2,0,0,5,2,0,10,0,0,0,0,0,0,1,0.263,0.325,0.411,0.736,9,20,R,T.Percival(53)
