,index,Rk,Gtm,Date,Unnamed: 3,Opp,Rslt,IP,H,R,ER,UER,BB,SO,HR,HBP,ERA,BF,Pit,Str,IR,IS,SB,CS,AB,2B,3B,IBB,SH,SF,ROE,GDP,#,Umpire,Pitchers Used (Rest-GameScore-Dec)
0,0,1,1,Apr 5,,CHW,"W,9-7",9.0,12,7,7,0,1,7,2,0,7.0,38,156,96,0.0,0.0,1,0,36,2,0,0,1,0,0,1,4,Ed Montague,"B.Anderson (99-38), S.Camp (99), N.Field (99), D.Carrasco (99-W)"
1,1,2,2,Apr 7,,CHW,"L,3-4",9.0,8,4,4,0,2,7,3,0,5.5,36,170,114,0.0,0.0,0,0,34,1,0,0,0,0,1,0,4,Jerry Layne,"D.May (99-43-L), J.Grimsley (99), S.Sullivan (99), D.Carrasco (1)"
2,2,3,3,Apr 8,,CLE,"L,1-6",9.0,9,6,6,0,2,3,1,0,5.67,36,142,87,1.0,0.0,0,0,34,2,1,0,0,0,0,1,4,Jerry Meals,"J.Affeldt (99-25-L), N.Field (2), C.Leskanic (99), J.Cerda (99)"
3,3,4,4,Apr 9,,CLE,"W,3-1",9.0,7,1,1,0,2,4,0,0,4.5,33,124,83,0.0,0.0,1,0,31,0,0,0,0,0,0,3,4,Mark Carlson,"J.Gobble (99-70), J.Grimsley (1-W), D.Carrasco (1-H), C.Leskanic (0-Sv)"
4,4,5,5,Apr 10,,CLE,"W,7-6",10.0,12,6,6,0,1,10,1,0,4.7,41,173,113,0.0,0.0,1,1,40,3,0,0,0,0,0,1,4,Gary Darling,"B.Anderson (4-28), J.Cerda (1), S.Camp (4), S.Sullivan (2-W)"
5,5,6,6,Apr 11,,CLE,"W,5-3",9.0,8,3,2,1,7,6,0,1,4.25,42,165,95,1.0,1.0,3,0,33,2,0,2,1,0,1,1,5,Bill Hohn,"D.Reyes (99-56), N.Field (2), J.Grimsley (1-BSv), S.Sullivan (0-W), C.Leskanic (1-Sv)"
6,6,7,7,Apr 13,@,CHW,"L,5-12",8.0,14,12,12,0,6,5,2,1,5.43,44,157,85,0.0,0.0,0,0,36,3,0,0,1,0,0,0,3,Eric Cooper,"D.May (5-20-L), D.Carrasco (3), J.Cerda (2)"
7,7,8,8,Apr 14,@,CHW,"L,9-10",8.0,14,10,8,2,6,6,0,1,5.83,43,171,105,4.0,2.0,1,2,35,3,0,0,1,0,2,1,6,Mike Reilly,"J.Affeldt (5-26), S.Camp (3), S.Sullivan (2), J.Grimsley (2), C.Leskanic (2-BL), N.Field (2)"
8,8,9,9,Apr 15,@,CHW,"L,5-6",9.1,8,6,6,0,5,2,3,0,5.83,39,130,77,1.0,0.0,0,0,33,2,0,1,0,1,0,1,4,Chuck Meriwether,"B.Anderson (4-36), J.Grimsley (0), S.Sullivan (0), D.Carrasco (1-L)"
9,9,10,10,Apr 16,@,MIN,"L,7-9",8.0,11,9,7,2,5,6,1,0,6.01,39,138,81,2.0,1.0,2,1,34,0,1,0,0,0,1,0,4,Tim McClelland,"J.Gobble (6-27), J.Cerda (2-L), J.Grimsley (0), N.Field (1)"
10,10,11,11,Apr 17,@,MIN,"L,4-8",8.0,7,8,6,2,5,5,0,0,6.07,36,134,74,0.0,0.0,2,0,30,1,0,0,0,1,1,0,3,Tony Randazzo,"K.Appier (99-22-L), D.Reyes (5), D.Carrasco (1)"
11,11,12,12,Apr 18,@,MIN,"L,3-8",8.0,12,8,6,2,4,10,1,0,6.12,40,154,90,0.0,0.0,2,0,36,5,1,1,0,0,1,0,3,Rob Drake,"D.May (4-35-L), S.Camp (3), C.Leskanic (3)"
12,12,13,13,Apr 20,@,CLE,"W,15-5",9.0,9,5,3,2,3,4,1,0,5.88,37,123,80,0.0,0.0,0,0,34,2,0,0,0,0,1,2,4,Marty Foster,"B.Anderson (4-46-W), J.Grimsley (3), S.Sullivan (4), N.Field (3)"
13,13,14,14,Apr 22,@,CLE,"L,4-5",8.0,5,5,3,2,4,4,0,1,5.71,34,124,66,3.0,3.0,0,0,28,3,0,0,1,0,0,1,3,Joe Brinkman,"J.Affeldt (7-71), J.Grimsley (1-L), D.Carrasco (4-BSv)"
14,14,15,15,Apr 23,,MIN,"L,5-7",9.0,10,7,7,0,6,2,0,0,5.8,42,161,94,7.0,4.0,2,0,35,3,1,0,0,1,0,1,6,Jim Joyce,"K.Appier (5-47), J.Gobble (6), S.Sullivan (2), C.Leskanic (4-BL), D.Reyes (5), N.Field (2)"
15,15,16,16,Apr 24,,MIN,"W,10-1",9.0,6,1,1,0,2,1,0,0,5.49,31,105,71,1.0,0.0,1,0,29,0,1,0,0,0,0,4,3,Kerwin Danley,"D.May (5-50), S.Camp (5-W), N.Field (0)"
16,16,17,17,Apr 25,,MIN,"L,2-4",9.0,10,4,4,0,1,1,1,1,5.4,36,138,82,1.0,0.0,0,2,34,1,0,0,0,0,0,1,3,Marvin Hudson,"B.Anderson (4-45-L), J.Grimsley (2), J.Huisman (99)"
17,17,18,18,Apr 27,,TEX,"L,2-3",9.0,10,3,2,1,2,6,0,0,5.21,39,120,79,0.0,0.0,1,0,36,3,0,0,0,1,1,1,3,Tim Welke,"J.Affeldt (4-51-L), J.Grimsley (1), C.Leskanic (3)"
18,18,19,19,Apr 28,,TEX,"W,5-3",9.0,13,3,2,1,1,4,0,0,5.03,40,137,92,1.0,0.0,1,0,39,5,1,0,0,0,1,2,4,Jim Reynolds,"J.Gobble (4-41-W), J.Grimsley (0-H), S.Camp (3-H), M.MacDougal (99-Sv)"
19,19,20,20,Apr 29,,TEX,"L,7-9",9.0,13,9,9,0,2,7,3,0,5.24,41,134,84,2.0,1.0,1,2,38,1,2,0,0,1,2,1,4,Gary Cederstrom,"D.Reyes (5-29), S.Sullivan (5), J.Huisman (3-H), C.Leskanic (1-BL)"
20,20,21,21,Apr 30,@,NYY,"L,2-5",8.0,9,5,5,0,8,4,0,0,5.25,39,135,70,2.0,2.0,0,0,31,3,0,2,0,0,0,2,2,Paul Nauert,"B.Anderson (4-37-L), J.Grimsley (1)"
21,22,22,22,May 1,@,NYY,"L,4-12",8.0,14,12,11,1,7,3,3,1,5.55,46,157,90,2.0,0.0,1,0,37,2,0,0,0,1,1,0,5,Larry Vanover,"E.Villacis (99-24-L), S.Camp (2), N.Field (6), C.Leskanic (1), S.Sullivan (1)"
22,23,23,23,May 2,@,NYY,"L,2-4",8.0,8,4,4,0,2,6,1,0,5.51,32,126,77,1.0,0.0,1,0,28,3,0,0,0,2,0,1,3,Lance Barksdale,"J.Affeldt (4-42-L), J.Grimsley (1), S.Sullivan (0)"
23,24,24,24,May 3,@,TOR,"W,3-2",10.0,7,2,2,0,3,1,0,0,5.33,40,146,91,6.0,1.0,0,0,36,1,0,0,1,0,1,1,4,Matt Hollowell,"J.Gobble (4-67), M.MacDougal (4-BSv), N.Field (1-W), J.Cerda (16-Sv)"
24,25,25,25,May 4,@,TOR,"L,4-5",8.0,9,5,5,0,2,6,1,0,5.34,36,120,81,0.0,0.0,0,0,33,3,0,0,0,1,1,0,2,John Hirschbeck,"D.May (9-46-L), S.Sullivan (1)"
25,26,26,26,May 5,@,TOR,"L,3-10",8.0,14,10,6,4,1,9,3,1,5.39,40,129,88,0.0,0.0,0,0,37,3,0,0,0,1,1,1,3,Wally Bell,"B.Anderson (4-11-L), D.Reyes (5), M.MacDougal (1)"
26,27,27,27,May 7,@,BOS,"L,6-7",8.2,13,7,7,0,3,6,2,1,5.46,42,150,92,2.0,1.0,0,0,38,3,0,0,0,0,0,1,4,Joe West,"J.Affeldt (4-43), J.Grimsley (4-H), M.MacDougal (1-BL), S.Sullivan (2)"
27,28,28,28,May 8,@,BOS,"L,1-9",8.0,11,9,9,0,2,5,3,0,5.62,37,136,92,2.0,1.0,2,0,35,3,0,0,0,0,1,1,4,Terry Craft,"J.Gobble (4-29-L), J.Grimsley (0), S.Camp (6), N.Field (4)"
28,29,29,29,May 9,@,BOS,"W,8-4",9.0,9,4,4,0,3,8,2,0,5.56,38,167,109,4.0,0.0,0,1,35,2,0,0,0,0,0,0,4,Mike DiMuro,"D.May (4-51-W), J.Cerda (5-H), S.Sullivan (1), D.Reyes (3)"
29,30,30,30,May 10,,TOR,"L,3-9",9.0,16,9,5,4,2,6,3,0,5.54,44,154,97,3.0,0.0,0,0,41,1,0,0,0,1,1,2,5,Tim McClelland,"B.Anderson (4-18-L), N.Field (1), C.Leskanic (8), M.MacDougal (2), J.Grimsley (1)"
30,31,31,31,May 11,,TOR,"W,5-1",9.0,6,1,1,0,3,7,0,1,5.39,37,136,92,0.0,0.0,2,0,31,1,0,0,1,1,0,0,2,Tony Randazzo,"D.Reyes (1-57), S.Camp (2-W)"
31,32,32,32,May 12,,TOR,"W,4-3",9.0,11,3,3,0,8,5,0,0,5.31,43,179,111,3.0,1.0,0,0,35,1,0,2,0,0,1,3,4,Fieldin Culbreth,"J.Affeldt (4-43), J.Grimsley (1), J.Cerda (2), N.Field (1-W)"
32,33,33,33,May 14,,OAK,"L,2-6",9.0,11,6,6,0,3,2,2,0,5.33,38,126,76,2.0,0.0,0,0,35,4,0,0,0,0,0,2,3,Brian Gorman,"J.Gobble (5-25-L), J.Huisman (14), S.Sullivan (4)"
33,34,34,34,May 15,,OAK,"L,1-3",9.0,5,3,3,0,1,6,1,0,5.26,32,119,78,,,0,0,31,2,0,0,0,0,0,1,1,Dale Scott,D.May (5-70-L)
34,35,35,35,May 16,,OAK,"L,2-6",9.0,10,6,6,0,1,4,2,0,5.28,38,156,93,3.0,2.0,1,0,36,4,0,0,0,1,0,0,5,Ron Kulpa,"B.Anderson (5-45-L), J.Grimsley (3), C.Leskanic (5), S.Camp (4), J.Cerda (3)"
35,36,36,36,May 18,@,TEX,"W,7-6",9.0,9,6,5,1,3,6,1,1,5.27,40,147,93,3.0,0.0,1,0,34,3,0,0,1,1,1,1,4,Ted Barrett,"J.Affeldt (5-30), S.Sullivan (3-W), J.Grimsley (1-H), N.Field (5-Sv)"
36,37,37,37,May 19,@,TEX,"W,5-3",9.0,7,3,3,0,1,2,1,1,5.21,36,105,68,5.0,2.0,0,0,33,0,0,0,0,1,0,0,4,Alfonso Marquez,"J.Gobble (4-50-W), S.Camp (2-H), J.Cerda (2-H), J.Huisman (4-Sv)"
37,38,38,38,May 20,@,TEX,"L,3-6",8.0,12,6,3,3,5,5,2,0,5.17,40,143,88,6.0,0.0,1,1,35,4,0,0,0,0,1,1,6,Rick Reed,"D.May (4-29-L), S.Sullivan (1), C.Leskanic (3), S.Camp (0), D.Reyes (8), N.Field (1)"
38,39,39,39,May 21,@,OAK,"L,0-7",8.0,12,7,6,1,5,3,3,0,5.2,40,141,90,0.0,0.0,0,0,35,3,0,0,0,0,1,1,4,Mike Everitt,"B.Anderson (4-19-L), J.Huisman (1), J.Cerda (1), S.Camp (0)"
39,40,40,40,May 22,@,OAK,"L,4-5",10.2,12,5,3,2,5,4,2,1,5.12,51,202,122,0.0,0.0,0,0,45,3,0,1,0,0,2,1,6,Mark Wegner,"Z.Greinke (99-49), N.Field (1-H), J.Grimsley (3-H), J.Affeldt (3-BSv), C.Leskanic (1), S.Sullivan (1-L)"
40,41,41,41,May 23,@,OAK,"L,2-3",9.1,7,3,1,2,2,6,0,0,5.01,37,156,86,1.0,0.0,1,0,35,1,0,1,0,0,0,1,4,Larry Young,"D.Reyes (2-61), J.Grimsley (0), J.Cerda (1), N.Field (0-L)"
41,42,42,42,May 25,,DET,"W,4-3",9.0,8,3,3,0,4,3,0,0,4.96,39,124,79,3.0,1.0,1,0,33,1,0,0,1,1,1,0,4,Mike Reilly,"J.Gobble (5-58), J.Grimsley (1-BW), C.Leskanic (2-H), J.Affeldt (2-Sv)"
42,43,43,43,May 26,,DET,"W,7-3",9.0,12,3,3,0,3,4,1,1,4.92,39,142,83,6.0,1.0,0,1,35,2,1,0,0,0,0,3,4,Chuck Meriwether,"D.May (5-48-W), S.Sullivan (3), J.Cerda (2-H), J.Affeldt (0-Sv)"
43,44,44,44,May 27,,DET,"L,7-17",9.0,27,17,17,0,3,5,2,0,5.2,55,186,121,5.0,2.0,0,0,49,8,0,0,2,1,0,1,4,CB Bucknor,"B.Anderson (5-14-L), J.Huisman (5), S.Sullivan (0), N.Field (3)"
44,45,45,45,May 28,,MIN,"W,2-1",9.0,7,1,1,0,4,5,1,0,5.1,37,144,87,1.0,0.0,0,0,33,1,0,0,0,0,0,0,4,Jeff Kellogg,"Z.Greinke (5-60), J.Cerda (1), J.Grimsley (2), J.Affeldt (1-W)"
45,46,46,46,May 29,,MIN,"W,5-2",9.0,8,2,2,0,4,11,0,0,5.03,36,139,87,0.0,0.0,1,1,31,2,1,0,1,0,0,2,4,Doug Eddings,"D.Reyes (5-61-W), B.Anderson (1-H), C.Leskanic (3-H), J.Affeldt (0-Sv)"
46,47,47,47,May 30,,MIN,"L,3-8",9.0,12,8,8,0,4,6,2,1,5.1,43,148,95,6.0,1.0,0,0,38,1,0,0,0,0,0,1,6,Dan Iassogna,"J.Gobble (4-19-L), S.Sullivan (2), J.Cerda (1), J.Grimsley (1), J.Huisman (2), N.Field (2)"
47,48,48,48,May 31,@,DET,"L,4-8",8.0,14,8,8,0,5,0,5,0,5.17,41,152,85,3.0,0.0,0,0,36,2,1,1,0,0,0,1,4,Gary Darling,"D.May (4-29-L), B.Anderson (1), J.Cerda (0), C.Leskanic (1)"
48,50,49,49,Jun 1,@,DET,"W,5-3",9.0,10,3,3,0,5,4,0,0,5.13,41,151,87,2.0,0.0,0,0,35,2,0,1,0,1,0,1,3,Mark Carlson,"C.George (99-44), J.Grimsley (1-W), J.Affeldt (2-Sv)"
49,51,50,50,Jun 2,@,DET,"L,0-2",8.0,6,2,2,0,2,5,1,0,5.08,33,116,70,0.0,0.0,0,0,29,2,1,1,1,0,0,0,2,Brian Runge,"Z.Greinke (4-59-L), J.Cerda (1)"
50,52,51,51,Jun 3,@,DET,"W,9-6",9.0,8,6,6,0,5,1,0,0,5.09,40,144,81,1.0,1.0,3,0,35,1,0,0,0,0,0,0,3,Bill Hohn,"D.Reyes (4-39-W), N.Field (3), J.Affeldt (1-Sv)"
51,53,52,52,Jun 4,,BOS,"W,5-2",9.0,6,2,2,0,2,3,1,0,5.03,34,126,75,3.0,0.0,0,0,32,2,0,0,0,0,0,0,5,Joe West,"J.Gobble (4-55-W), S.Sullivan (4-H), J.Cerda (1-H), J.Grimsley (2-H), J.Affeldt (0-Sv)"
52,54,53,53,Jun 5,,BOS,"L,4-8",9.0,13,8,7,1,2,7,3,0,5.07,41,149,95,0.0,0.0,0,1,39,2,2,0,0,0,1,1,2,Paul Emmel,"D.May (4-26-L), B.Anderson (4)"
53,55,54,54,Jun 6,,BOS,"L,3-5",9.0,7,5,5,0,7,9,0,0,5.07,40,166,101,5.0,5.0,0,0,33,3,0,0,0,0,0,2,5,Terry Craft,"C.George (4-54), J.Grimsley (1-L), J.Cerda (1-BSv), S.Sullivan (1), C.Leskanic (5)"
54,56,55,55,Jun 8,,MON,"W,4-2",9.0,7,2,2,0,4,6,0,0,5.01,38,151,91,3.0,0.0,1,0,34,2,0,0,0,0,0,0,3,Gerry Davis,"Z.Greinke (5-76-W), C.Leskanic (1-H), J.Affeldt (3-Sv)"
55,57,56,56,Jun 10(1),,MON,"L,0-8",9.0,16,8,7,1,2,5,1,0,5.05,43,145,97,1.0,0.0,1,0,40,2,1,0,0,1,0,1,2,Larry Poncino,"D.Reyes (6-35-L), N.Field (6)"
56,58,57,57,Jun 10(2),,MON,"L,2-7",9.0,8,7,6,1,3,2,2,0,5.07,37,121,72,1.0,0.0,0,0,31,2,0,1,2,1,0,1,3,Greg Gibson,"J.Gobble (5-50-L), S.Sullivan (3), J.Grimsley (3)"
57,59,58,58,Jun 11,,NYM,"W,7-5",9.0,17,5,5,0,2,6,0,1,5.06,45,171,114,4.0,2.0,0,0,42,8,0,0,0,0,0,2,4,Bill Welke,"D.May (5-34-W), S.Sullivan (0-H), C.Leskanic (2-H), J.Affeldt (2-Sv)"
58,60,59,59,Jun 12,,NYM,"W,4-3",9.0,8,3,3,0,8,0,0,0,5.03,38,136,75,0.0,0.0,0,0,30,1,0,1,0,0,0,2,4,John Hirschbeck,"C.George (5-50), B.Anderson (6), J.Grimsley (1), J.Affeldt (0-BW)"
59,61,60,60,Jun 13,,NYM,"L,2-5",9.0,5,5,5,0,5,5,1,0,5.03,37,128,81,0.0,0.0,2,0,31,1,0,0,0,1,0,0,3,Wally Bell,"Z.Greinke (4-47-L), J.Cerda (6), N.Field (2)"
60,62,61,61,Jun 15,@,ATL,"L,2-3",8.0,8,3,2,1,2,5,0,0,4.99,34,108,73,3.0,1.0,0,0,29,3,0,0,3,0,1,0,3,Kevin Kelley,"D.Reyes (4-59), J.Grimsley (2-BL), J.Cerda (1)"
61,63,62,62,Jun 16,@,ATL,"W,10-4",9.0,8,4,4,0,7,6,1,1,4.97,42,180,102,0.0,0.0,0,0,32,2,0,0,1,1,1,2,5,Alfonso Marquez,"J.Gobble (5-43), N.Field (2), J.Cerda (0-W), S.Sullivan (4-H), J.Affeldt (3)"
62,64,63,63,Jun 17,@,ATL,"W,10-4",9.0,10,4,2,2,0,5,1,0,4.92,37,133,82,0.0,0.0,0,0,36,1,0,0,0,1,2,2,4,Ted Barrett,"D.May (5-57-W), B.Anderson (4-H), J.Grimsley (1), R.Seanez (99)"
63,65,64,64,Jun 18,@,PHI,"W,10-4",9.0,10,4,4,0,2,2,0,0,4.91,38,137,89,2.0,0.0,0,0,36,1,0,0,0,0,0,1,4,Bruce Froemming,"C.George (5-40-W), J.Cerda (1), R.Seanez (0), N.Field (1)"
64,66,65,65,Jun 19,@,PHI,"L,2-4",8.0,6,4,4,0,5,8,2,2,4.9,36,141,83,3.0,0.0,1,0,29,1,0,2,0,0,1,2,3,Mike Winters,"Z.Greinke (5-55-L), S.Sullivan (2), J.Grimsley (1)"
65,67,66,66,Jun 20,@,PHI,"L,2-8",8.0,10,8,8,0,8,7,3,0,4.96,42,167,92,4.0,0.0,1,0,32,3,0,1,1,1,0,0,4,Matt Hollowell,"D.Reyes (4-15-L), B.Anderson (2), N.Field (1), R.Seanez (1)"
66,68,67,67,Jun 22,,DET,"W,8-1",9.0,4,1,1,0,3,7,0,0,4.9,36,130,89,2.0,0.0,0,1,33,2,0,0,0,0,2,0,2,Kerwin Danley,"J.Gobble (5-63-W), N.Field (1-Sv)"
67,69,68,68,Jun 23,,DET,"W,7-3",9.0,11,3,3,0,0,7,1,1,4.87,39,141,93,0.0,0.0,0,0,38,0,1,0,0,0,0,0,3,Marvin Hudson,"D.May (5-55-W), S.Sullivan (3-H), J.Affeldt (6)"
68,70,69,69,Jun 24,,DET,"L,3-12",9.0,17,12,8,4,3,6,1,0,4.92,48,199,127,1.0,0.0,0,0,45,7,0,0,0,0,1,0,4,Dana DeMuth,"C.George (5-11-L), B.Anderson (3), R.Seanez (3), J.Cerda (5)"
69,71,70,70,Jun 25,,STL,"L,2-5",9.0,10,5,5,0,2,9,2,0,4.92,39,160,102,1.0,0.0,0,0,37,2,0,0,0,0,0,0,3,Tim Welke,"Z.Greinke (5-43-L), S.Camp (34), S.Sullivan (1)"
70,72,71,71,Jun 26,,STL,"L,1-3",10.0,9,3,3,0,8,8,0,0,4.88,45,193,104,3.0,0.0,4,1,37,3,0,1,0,0,0,1,5,Gary Cederstrom,"D.Reyes (5-68), J.Cerda (1), N.Field (3), J.Affeldt (2), R.Seanez (1-L)"
71,73,72,72,Jun 27,,STL,"L,3-10",9.0,15,10,9,1,2,6,0,1,4.94,44,162,104,2.0,2.0,0,0,40,0,0,0,0,1,1,2,3,Jim Reynolds,"J.Gobble (4-23-L), J.Huisman (27), S.Camp (1)"
72,74,73,73,Jun 28,,BAL,"L,1-10",9.0,13,10,8,2,5,5,1,0,4.98,44,151,97,1.0,0.0,2,0,38,3,0,0,0,1,1,1,3,Mike Reilly,"D.May (4-30-L), S.Sullivan (2), N.Field (1)"
73,75,74,74,Jun 29,,BAL,"W,4-3",9.0,8,3,3,0,1,3,1,0,4.96,34,139,89,1.0,0.0,0,1,33,3,1,0,0,0,0,1,4,Chuck Meriwether,"M.Wood (99-49-W), R.Seanez (2-H), J.Cerda (2-H), S.Camp (1-Sv)"
74,76,75,75,Jun 30,,BAL,"L,4-13",9.0,15,13,9,4,3,7,3,1,5.01,47,187,122,0.0,0.0,1,0,43,4,0,0,0,0,2,1,5,CB Bucknor,"B.Anderson (5-18-L), J.Huisman (2), S.Sullivan (1), N.Field (1), J.Cerda (0)"
75,78,76,76,Jul 1,,BAL,"L,2-3",9.0,10,3,3,0,1,8,1,2,4.98,38,126,85,8.0,1.0,0,0,35,3,0,0,0,0,1,2,4,Eric Cooper,"Z.Greinke (5-54-L), S.Camp (1), J.Cerda (0), R.Seanez (1)"
76,79,77,77,Jul 2,@,SDP,"L,5-7",8.0,12,7,4,3,2,7,5,0,4.98,37,155,98,0.0,0.0,0,0,35,1,0,1,0,0,1,2,4,Rob Drake,"D.Reyes (5-45-L), S.Camp (0), N.Field (1), S.Sullivan (1)"
77,80,78,78,Jul 3,@,SDP,"L,4-5",8.0,8,5,4,1,5,4,0,0,4.97,36,118,65,0.0,0.0,0,0,29,4,1,2,0,2,1,1,2,Greg Gibson,"D.May (4-47), S.Sullivan (0-L)"
78,81,79,79,Jul 4,@,SDP,"L,1-7",8.0,13,7,6,1,7,8,0,0,4.99,44,183,103,2.0,1.0,0,0,34,2,0,3,0,3,0,0,3,Lance Barksdale,"M.Wood (4-41-L), R.Seanez (2), J.Huisman (3)"
79,82,80,80,Jul 5,@,MIN,"L,0-9",8.0,13,9,9,0,2,4,2,0,5.05,37,146,96,2.0,0.0,1,0,34,4,0,0,0,1,0,1,3,Dan Iassogna,"J.Gobble (7-22-L), R.Bukvich (99), B.Anderson (4)"
80,83,81,81,Jul 6,@,MIN,"L,0-4",8.0,6,4,4,0,4,6,1,0,5.05,33,137,80,2.0,0.0,0,1,29,2,0,1,0,0,0,0,3,Jeff Kellogg,"Z.Greinke (4-45-L), J.Cerda (4), N.Field (3)"
81,84,82,82,Jul 7,@,MIN,"L,0-12",8.0,15,12,9,3,4,7,0,3,5.1,45,155,89,6.0,2.0,0,0,38,5,0,1,0,0,1,2,5,Chris Guccione,"D.Reyes (4-22-L), J.Huisman (2), S.Sullivan (3), R.Seanez (2), R.Bukvich (1)"
82,85,83,83,Jul 9,@,BAL,"W,7-0",9.0,5,0,0,0,1,5,0,0,5.04,30,106,71,,,0,1,29,0,0,0,0,0,0,2,1,Brian Gorman,D.May (5-81-W)
83,86,84,84,Jul 10,@,BAL,"L,2-7",8.0,13,7,7,0,4,1,1,0,5.07,38,143,87,1.0,0.0,0,0,34,3,0,0,0,0,0,2,4,Dale Scott,"M.Wood (5-29-L), N.Field (3), B.Anderson (4), S.Sullivan (2)"
84,87,85,85,Jul 11,@,BAL,"W,11-7",9.0,12,7,7,0,2,3,1,0,5.09,40,144,96,1.0,0.0,0,0,38,4,0,0,0,0,0,0,5,Ron Kulpa,"J.Gobble (5-52-W), R.Seanez (3), J.Huisman (3), J.Cerda (4), R.Bukvich (3)"
85,88,86,86,Jul 15,,MIN,"W,3-1",9.0,5,1,1,0,1,9,0,1,5.04,32,136,98,5.0,0.0,2,0,30,1,0,0,0,0,1,2,6,Rick Reed,"Z.Greinke (8-68-W), S.Sullivan (4-H), J.Cerda (3-H), N.Field (4-H), D.Reyes (7-H), R.Bukvich (3-Sv)"
86,89,87,87,Jul 16,,MIN,"W,12-3",9.0,7,3,3,0,2,4,1,0,5.02,36,93,62,0.0,0.0,1,0,33,2,0,0,0,1,0,0,2,Alfonso Marquez,"D.May (6-52-W), R.Seanez (4)"
87,90,88,88,Jul 17,,MIN,"L,1-4",9.0,7,4,4,0,2,4,2,1,5.01,36,141,97,0.0,0.0,2,0,33,2,0,1,0,0,0,1,3,Ed Rapuano,"J.Gobble (5-50-L), J.Huisman (5), R.Bukvich (1)"
88,91,89,89,Jul 18,,MIN,"W,4-3",10.0,10,3,3,0,3,6,1,0,4.98,42,164,94,0.0,0.0,0,0,38,2,1,2,0,1,0,1,5,Ted Barrett,"M.Wood (7-57), S.Sullivan (2), J.Cerda (2), N.Field (2-BSv), D.Reyes (2-W)"
89,92,90,90,Jul 19,,BAL,"L,4-7",9.0,12,7,7,0,3,5,1,0,5.0,43,159,100,1.0,1.0,1,0,38,2,0,1,1,1,0,0,4,Gary Darling,"B.Anderson (8-44-L), R.Seanez (2), S.Sullivan (0), J.Huisman (1)"
90,93,91,91,Jul 20,,BAL,"L,3-12",9.0,16,12,12,0,2,8,5,0,5.08,45,144,104,0.0,0.0,0,0,43,6,0,0,0,0,0,0,4,Mark Carlson,"Z.Greinke (4-8-L), D.Reyes (1), N.Field (1), R.Bukvich (2)"
91,94,92,92,Jul 21,@,DET,"L,2-4",8.0,8,4,4,0,3,1,3,0,5.07,35,118,74,,,0,0,32,0,1,0,0,0,1,1,1,Hunter Wendelstedt,D.May (4-48-L)
92,95,93,93,Jul 22,@,DET,"W,13-7",9.0,12,7,6,1,3,6,3,0,5.08,42,151,90,2.0,0.0,0,0,39,1,1,0,0,0,0,0,3,Mike Winters,"J.Gobble (4-33-W), S.Sullivan (2-H), R.Seanez (2)"
93,96,94,94,Jul 23,@,CLE,"L,2-3",10.1,11,3,3,0,1,5,1,2,5.05,43,156,93,4.0,0.0,0,1,38,5,0,1,2,0,2,2,5,Jim Wolf,"M.Wood (4-53), J.Cerda (4), S.Sullivan (0), D.Reyes (2), N.Field (2-L)"
94,97,95,95,Jul 24(1),@,CLE,"L,2-10",8.0,14,10,10,0,2,6,0,0,5.11,41,134,93,0.0,0.0,0,0,39,4,0,0,0,0,1,0,2,Derryl Cousins,"C.George (29--4-L), S.Camp (21)"
95,98,96,96,Jul 24(2),@,CLE,"L,3-4",8.2,8,4,4,0,3,6,0,0,5.1,35,142,89,4.0,2.0,0,0,31,2,0,0,1,0,1,1,6,Tony Randazzo,"B.Anderson (4-72), D.Reyes (0-H), R.Bukvich (3-H), J.Cerda (0-H), S.Sullivan (0-L), R.Seanez (1-BSv)"
96,99,97,97,Jul 25,@,CLE,"L,1-5",8.0,8,5,5,0,1,3,1,0,5.11,34,126,84,1.0,0.0,0,0,31,2,0,0,1,0,0,0,2,Fieldin Culbreth,"Z.Greinke (4-40-L), N.Field (1)"
97,100,98,98,Jul 27,@,TBD,"L,2-6",8.0,10,6,5,1,2,8,1,0,5.11,37,140,88,2.0,1.0,4,0,35,5,0,0,0,0,0,0,4,Marty Foster,"D.May (5-40-L), R.Seanez (2), J.Cerda (2), S.Sullivan (2)"
98,101,99,99,Jul 28,@,TBD,"L,1-10",8.0,15,10,8,2,1,1,3,0,5.15,41,132,83,0.0,0.0,0,0,39,4,2,0,0,1,1,0,3,Joe Brinkman,"J.Gobble (5-12-L), S.Camp (3), R.Bukvich (3)"
99,102,100,100,Jul 29,@,TBD,"L,0-2",8.0,7,2,2,0,2,2,0,0,5.12,32,98,66,0.0,0.0,0,0,29,1,0,1,1,0,0,1,2,Tim Tschida,"M.Wood (5-55-L), J.Cerda (1)"
100,103,101,101,Jul 30,,CLE,"L,6-7",11.0,13,7,6,1,5,8,0,1,5.12,50,196,112,6.0,0.0,1,0,41,4,1,1,2,1,0,1,6,Chuck Meriwether,"B.Anderson (5-22), R.Seanez (2), D.Reyes (5), N.Field (4), J.Cerda (0), S.Sullivan (2-L)"
101,104,102,102,Jul 31,,CLE,"W,10-3",9.0,9,3,3,0,3,5,1,1,5.1,37,156,98,0.0,0.0,0,1,33,0,0,0,0,0,0,1,3,Mike Reilly,"Z.Greinke (5-43-W), D.Carrasco (99), N.Field (0)"
102,106,103,103,Aug 1,,CLE,"W,8-7",9.0,13,7,6,1,2,4,2,2,5.11,44,169,106,1.0,0.0,0,0,38,2,0,0,0,2,1,1,4,CB Bucknor,"D.May (4-47-W), S.Sullivan (1), J.Cerda (1-H), S.Camp (3-Sv)"
103,107,104,104,Aug 3,,CHW,"L,4-12",9.0,11,12,12,0,6,8,4,1,5.18,44,166,93,3.0,0.0,0,0,36,2,1,0,1,0,0,1,5,Gerry Davis,"M.Wood (4-29-L), D.Reyes (3), R.Bukvich (5), N.Field (2), S.Sullivan (1)"
104,108,105,105,Aug 4,,CHW,"W,11-0",9.0,2,0,0,0,1,7,0,0,5.12,30,122,81,,,0,0,29,2,0,0,0,0,0,0,1,Greg Gibson,B.Anderson (4-89-W)
105,109,106,106,Aug 5,,CHW,"W,6-4",9.0,8,4,4,0,1,9,2,1,5.11,39,141,100,3.0,2.0,0,0,37,1,0,0,0,0,2,0,3,Bruce Dreckman,"Z.Greinke (4-73-W), D.Carrasco (4), N.Field (1-Sv)"
106,110,107,107,Aug 6,,ANA,"L,0-3",9.0,7,3,3,0,2,6,1,0,5.09,37,126,80,0.0,0.0,3,0,34,2,0,1,0,0,0,0,2,Doug Eddings,"D.May (4-56-L), S.Sullivan (2)"
107,111,108,108,Aug 7,,ANA,"L,5-7",9.0,10,7,7,0,7,9,0,0,5.11,43,173,95,3.0,1.0,3,1,34,4,0,1,1,1,0,0,4,Jeff Kellogg,"J.Serrano (99-34), D.Reyes (3-L), S.Camp (5), J.Cerda (5)"
108,112,109,109,Aug 8,,ANA,"L,4-6",9.0,8,6,4,2,3,4,1,0,5.1,38,114,74,3.0,2.0,0,0,32,1,0,1,1,2,1,0,4,Dan Iassogna,"M.Wood (4-57), J.Cerda (0-H), N.Field (2-BL), D.Reyes (0)"
109,113,110,110,Aug 9,,ANA,"L,3-5",9.0,11,5,2,3,4,4,0,0,5.07,41,146,92,3.0,3.0,0,0,37,1,0,1,0,0,0,2,4,Charlie Reliford,"B.Anderson (4-64), D.Carrasco (3-H), J.Cerda (0-L), S.Sullivan (2-BSv)"
110,114,111,111,Aug 10,@,CHW,"L,3-9",8.0,14,9,9,0,1,4,3,1,5.11,40,130,90,1.0,0.0,0,0,37,5,0,0,0,1,0,0,3,Phil Cuzzi,"Z.Greinke (4-23-L), S.Camp (2), N.Field (1)"
111,115,112,112,Aug 11,@,CHW,"W,4-2",9.0,4,2,2,0,4,6,0,0,5.09,36,127,79,2.0,1.0,0,0,30,1,0,0,0,2,1,0,2,Brian O'Nora,"D.May (4-69-W), J.Cerda (1-Sv)"
112,116,113,113,Aug 12,@,CHW,"L,2-3",8.0,5,3,3,0,2,8,2,0,5.07,30,119,71,0.0,0.0,0,1,27,0,0,0,1,0,0,0,3,Rob Drake,"J.Serrano (4-56-L), D.Reyes (3), D.Carrasco (2)"
113,117,114,114,Aug 13,@,OAK,"W,10-3",9.0,10,3,3,0,3,3,0,1,5.05,39,144,86,1.0,1.0,0,0,34,1,0,0,0,1,1,2,4,Bill Miller,"M.Wood (4-58-W), S.Camp (2-H), D.Carrasco (0), J.Vasquez (99)"
114,118,115,115,Aug 14,@,OAK,"L,1-6",8.0,10,6,4,2,4,5,1,0,5.05,36,134,81,3.0,3.0,0,0,32,4,0,1,0,0,1,0,3,Brian Gorman,"B.Anderson (4-40-L), S.Sullivan (4), M.Kinney (8)"
115,119,116,116,Aug 15,@,OAK,"W,6-1",9.0,7,1,1,0,1,6,0,0,5.01,34,140,90,0.0,0.0,0,0,33,1,0,0,0,0,0,1,2,Dale Scott,"Z.Greinke (4-64-W), D.Reyes (2)"
116,120,117,117,Aug 17,,SEA,"L,3-16",9.0,20,16,13,3,4,9,3,3,5.08,54,196,123,3.0,2.0,0,0,47,3,1,0,0,0,2,1,4,Randy Marsh,"D.May (5-3-L), M.Kinney (2), J.Vasquez (3), J.Cerda (5)"
117,121,118,118,Aug 18,,SEA,"W,3-2",9.0,5,2,2,0,3,3,1,1,5.06,33,120,69,0.0,0.0,0,0,29,2,0,0,0,0,0,3,2,Larry Vanover,"J.Serrano (5-58), D.Carrasco (4-W)"
118,122,119,119,Aug 20,,TEX,"L,3-5",9.0,4,5,5,0,2,4,3,0,5.06,32,107,68,1.0,0.0,0,1,30,0,0,0,0,0,0,1,2,Tony Randazzo,"M.Wood (6-50-L), J.Cerda (2)"
119,123,120,120,Aug 21,,TEX,"L,3-5",9.0,10,5,5,0,5,4,1,0,5.06,43,156,91,2.0,0.0,0,0,36,5,0,2,1,1,1,0,3,Fieldin Culbreth,"B.Anderson (6-33-L), S.Sullivan (6), D.Carrasco (2)"
120,124,121,121,Aug 22,,TEX,"W,10-2",9.0,8,2,2,0,4,6,0,1,5.03,41,148,103,0.0,0.0,0,0,36,2,0,0,0,0,1,0,3,Tim McClelland,"Z.Greinke (6-62-W), D.Reyes (6), J.Affeldt (56)"
121,125,122,122,Aug 23,@,ANA,"L,4-9",8.0,13,9,8,1,3,5,2,1,5.06,40,152,100,0.0,0.0,2,0,36,0,0,0,0,0,0,1,3,Marvin Hudson,"D.May (5-29-L), M.Kinney (5), S.Camp (9)"
122,126,123,123,Aug 24,@,ANA,"L,5-7",8.0,15,7,5,2,4,4,1,2,5.06,47,147,94,2.0,0.0,0,0,39,2,0,1,0,2,1,0,4,Dana DeMuth,"J.Serrano (5-29), D.Reyes (1-L), D.Carrasco (2), J.Cerda (3)"
123,127,124,124,Aug 25,@,ANA,"L,6-21",8.0,22,21,19,2,4,6,3,2,5.18,52,177,102,5.0,2.0,0,0,46,3,1,0,0,0,2,2,4,Jim Joyce,"M.Wood (4-16-L), M.Kinney (1), S.Camp (1), S.Sullivan (3)"
124,128,125,125,Aug 26,@,SEA,"W,7-3",9.0,8,3,3,0,7,4,1,0,5.17,40,165,89,0.0,0.0,0,1,33,2,0,0,0,0,0,1,4,Derryl Cousins,"B.Anderson (4-49-W), J.Cerda (1), D.Carrasco (1), J.Affeldt (3)"
125,129,126,126,Aug 27,@,SEA,"L,5-7",8.0,14,7,7,0,0,4,6,0,5.18,35,132,88,0.0,0.0,0,0,35,1,0,0,0,0,0,1,2,Paul Emmel,"Z.Greinke (4-39), D.Carrasco (0-L)"
126,130,127,127,Aug 28(1),@,SEA,"L,7-9",8.0,12,9,8,1,7,6,1,0,5.21,41,155,90,2.0,0.0,1,2,33,4,0,1,1,0,1,0,2,Mike DiMuro,"D.May (4-21-L), S.Camp (2)"
127,131,128,128,Aug 28(2),@,SEA,"L,3-5",11.0,12,5,5,0,3,14,2,0,5.2,47,207,130,0.0,0.0,1,0,44,2,0,1,0,0,1,1,5,Joe West,"J.Serrano (3-52), D.Reyes (3-H), J.Affeldt (1-BSv), J.Cerda (1), M.Kinney (2-L)"
128,132,129,129,Aug 29,@,SEA,"L,4-5",8.0,8,5,3,2,2,2,1,0,5.19,35,134,79,3.0,1.0,0,0,33,0,0,0,0,0,1,0,3,Derryl Cousins,"J.Gobble (31-51), D.Reyes (0-BL), D.Carrasco (1)"
129,133,130,130,Aug 30,,DET,"L,1-9",9.0,11,9,9,0,4,6,3,0,5.22,43,162,94,1.0,0.0,0,0,38,4,0,0,1,0,1,0,3,Gary Darling,"M.Wood (4-22-L), M.Kinney (1), D.Carrasco (0)"
130,134,131,131,Aug 31,,DET,"W,9-8",9.0,15,8,7,1,2,5,1,0,5.23,43,159,101,0.0,0.0,0,0,41,3,0,0,0,0,0,1,3,Mark Carlson,"B.Anderson (4-22), S.Camp (2), J.Affeldt (2-W)"
131,136,132,132,Sep 1,,DET,"W,1-0",9.0,4,0,0,0,1,7,0,0,5.19,31,128,83,2.0,0.0,0,0,30,0,0,0,0,0,0,1,4,Brian Runge,"Z.Greinke (4-76-W), J.Cerda (3-H), D.Carrasco (1-H), J.Affeldt (0-Sv)"
132,137,133,133,Sep 3,@,MIN,"L,0-2",8.0,9,2,2,0,1,4,2,0,5.17,33,139,90,0.0,0.0,1,0,32,0,0,0,0,0,0,1,2,Bruce Dreckman,"D.May (5-47-L), S.Camp (2)"
133,138,134,134,Sep 4,@,MIN,"L,3-4",8.0,7,4,4,0,3,7,2,1,5.17,35,118,70,1.0,0.0,0,0,30,1,0,0,1,0,0,0,2,Gerry Davis,"M.Wood (4-55), D.Reyes (5-L)"
134,139,135,135,Sep 5,@,MIN,"W,12-3",9.0,6,3,3,0,2,4,0,0,5.15,34,124,83,,,0,0,32,2,0,0,0,0,0,1,1,Greg Gibson,J.Gobble (6-65-W)
135,140,136,136,Sep 6,@,DET,"L,3-7",8.0,11,7,4,3,4,5,1,0,5.15,39,145,81,2.0,0.0,0,0,35,3,0,0,0,0,1,1,4,Ed Rapuano,"D.Bautista (99-40-L), J.Cerda (4), D.Carrasco (4), S.Camp (2)"
136,141,137,137,Sep 7,@,DET,"W,6-2",9.0,9,2,2,0,4,8,2,0,5.12,38,148,86,0.0,0.0,0,0,34,0,0,0,0,0,0,2,3,James Hoye,"B.Anderson (6-49), J.Serrano (9-W), J.Affeldt (5)"
137,142,138,138,Sep 9(1),@,DET,"W,26-5",9.0,10,5,5,0,2,6,2,0,5.12,38,153,95,0.0,0.0,0,1,36,1,1,0,0,0,0,0,3,Ted Barrett,"Z.Greinke (7-45-W), C.George (46), M.MacDougal (99)"
138,143,139,139,Sep 9(2),@,DET,"L,0-8",8.0,10,8,3,5,1,7,1,0,5.11,37,125,86,1.0,0.0,0,0,35,1,0,0,0,1,2,1,2,Alfonso Marquez,"D.May (5-41-L), S.Camp (2)"
139,144,140,140,Sep 10,,TBD,"W,8-5",9.0,11,5,5,0,1,8,1,0,5.11,36,122,75,1.0,0.0,1,0,35,4,0,0,0,0,0,1,4,Jerry Meals,"M.Wood (5-34), S.Camp (0), D.Reyes (5-W), J.Affeldt (2-Sv)"
140,145,141,141,Sep 11,,TBD,"L,6-8",9.0,13,8,8,0,4,7,1,0,5.13,44,159,96,4.0,1.0,2,0,38,3,1,0,0,2,0,0,5,Paul Schrieber,"J.Gobble (5-33), J.Serrano (3-L), D.Carrasco (4), J.Cerda (4), S.Camp (0)"
141,146,142,142,Sep 12,,TBD,"L,2-7",9.0,15,7,7,0,3,10,0,1,5.14,43,162,98,2.0,1.0,2,1,38,3,0,1,0,1,0,2,4,Jerry Layne,"D.Bautista (5-25-L), D.Carrasco (0), M.Kinney (12), M.MacDougal (2)"
142,147,143,143,Sep 13,,NYY,"W,17-8",9.0,16,8,8,0,4,2,0,1,5.16,46,170,98,0.0,0.0,0,0,40,4,1,0,0,1,0,2,3,Dan Iassogna,"B.Anderson (5-41-W), S.Camp (1), C.George (3)"
143,148,144,144,Sep 14,,NYY,"L,0-4",9.0,6,4,4,0,3,10,0,0,5.16,35,142,87,1.0,1.0,0,0,32,1,0,0,0,0,0,0,4,Doug Eddings,"Z.Greinke (4-62-L), D.Reyes (3), S.Camp (0), J.Affeldt (3)"
144,149,145,145,Sep 15,,NYY,"L,0-3",9.0,6,3,3,0,5,13,2,0,5.14,36,144,83,1.0,0.0,3,1,31,3,0,2,0,0,0,0,3,Charlie Reliford,"D.May (5-54-L), D.Carrasco (2), J.Affeldt (0)"
145,150,146,146,Sep 17,@,CLE,"W,6-4",9.0,6,4,4,0,7,7,0,0,5.13,38,167,96,3.0,1.0,0,1,30,1,1,0,0,1,1,2,4,Rob Drake,"M.Wood (6-50-W), D.Reyes (2-H), S.Camp (2-H), J.Affeldt (1-Sv)"
146,151,147,147,Sep 18,@,CLE,"W,7-1",9.0,4,1,1,0,5,7,0,0,5.1,35,145,79,0.0,0.0,0,1,30,2,0,0,0,0,0,0,3,James Hoye,"J.Gobble (6-69-W), D.Carrasco (2), M.MacDougal (5)"
147,152,148,148,Sep 19,@,CLE,"L,3-8",8.0,13,8,8,0,4,6,1,0,5.13,40,167,100,1.0,0.0,0,0,36,5,1,0,0,0,0,1,4,Phil Cuzzi,"D.Bautista (6-22-L), C.George (5), M.Kinney (6), J.Serrano (7)"
148,153,149,149,Sep 20,@,TBD,"W,6-3",9.0,8,3,3,0,3,2,2,0,5.11,35,108,64,1.0,0.0,0,0,32,1,0,0,0,0,1,2,3,Tim Timmons,"B.Anderson (6-52-W), S.Camp (2-H), J.Affeldt (2-Sv)"
149,154,150,150,Sep 21,@,TBD,"L,4-7",8.0,14,7,7,0,0,10,2,1,5.13,39,136,96,3.0,2.0,0,0,38,4,0,0,0,0,0,0,4,Hunter Wendelstedt,"Z.Greinke (6-57), D.Reyes (3-H), S.Camp (0-BL), J.Cerda (9)"
150,155,151,151,Sep 22,@,TBD,"W,7-6",10.0,14,6,6,0,2,8,1,1,5.13,45,151,103,0.0,0.0,0,1,40,1,1,0,1,1,0,0,4,Mike Winters,"D.May (6-38), D.Carrasco (3-BSv), M.MacDougal (3-W), J.Affeldt (1-Sv)"
151,156,152,152,Sep 23,@,CHW,"L,6-7",8.1,10,7,7,0,1,6,4,0,5.15,35,124,80,1.0,1.0,0,0,34,0,0,0,0,0,0,1,3,Gary Darling,"M.Wood (5-55), S.Camp (1), J.Affeldt (0-BL)"
152,157,153,153,Sep 24,@,CHW,"W,8-6",9.0,12,6,6,0,3,3,2,0,5.15,38,137,80,1.0,0.0,0,0,35,3,0,0,0,0,1,4,3,Bill Hohn,"J.Gobble (5-38-W), D.Carrasco (1-H), M.MacDougal (1)"
153,158,154,154,Sep 25,@,CHW,"L,1-5",8.0,7,5,5,0,6,7,2,1,5.16,36,140,83,2.0,1.0,1,0,29,1,0,0,0,0,1,1,4,Mark Carlson,"D.Bautista (5-56-L), D.Reyes (3), S.Camp (1), J.Cerda (3)"
154,159,155,155,Sep 26,@,CHW,"L,1-5",8.0,9,5,5,0,0,6,4,0,5.16,31,114,69,0.0,0.0,0,1,31,2,0,0,0,0,0,0,2,Brian Runge,"B.Anderson (5-43-L), M.MacDougal (1)"
155,160,156,156,Sep 27,,CLE,"L,1-6",9.0,11,6,6,0,4,7,0,1,5.16,42,183,113,4.0,2.0,1,0,37,1,0,0,0,0,0,1,5,Tim McClelland,"Z.Greinke (5-72), J.Cerda (1-L), D.Carrasco (2-BSv), J.Affeldt (3), J.Serrano (7)"
156,161,157,157,Sep 28,,CLE,"L,1-5",9.0,10,5,5,0,0,8,3,0,5.16,36,125,84,0.0,0.0,0,0,36,2,0,0,0,0,0,1,2,Tony Randazzo,"D.May (5-39-L), M.Kinney (8)"
157,162,158,158,Sep 29,,CLE,"L,2-5",9.0,10,5,5,0,2,5,1,1,5.16,39,147,79,1.0,0.0,2,0,36,2,0,0,0,0,0,0,3,Fieldin Culbreth,"M.Wood (5-34-L), D.Reyes (3), M.MacDougal (2)"
158,163,159,159,Sep 30,,CHW,"L,2-9",9.0,12,9,8,1,5,2,3,0,5.18,44,155,87,4.0,0.0,1,0,39,1,0,1,0,0,1,0,4,Mike Reilly,"C.George (10-50), S.Camp (4-L), D.Carrasco (2), M.Kinney (1)"
159,164,160,160,Oct 1,,CHW,"L,2-4",9.0,8,4,4,0,5,9,0,0,5.17,38,155,93,3.0,2.0,0,1,33,3,0,1,0,0,0,0,5,Eric Cooper,"D.Bautista (5-55), J.Cerda (3-L), M.Kinney (0), D.Reyes (1), J.Affeldt (3)"
160,165,161,161,Oct 2,,CHW,"W,10-2",9.0,7,2,2,0,1,4,2,0,5.15,32,117,69,,,0,0,31,1,0,0,0,0,0,3,1,CB Bucknor,B.Anderson (5-68-W)
161,166,162,162,Oct 3,,CHW,"L,0-5",9.0,11,5,5,0,4,5,1,0,5.15,41,145,89,1.0,1.0,1,1,35,2,0,0,1,1,0,0,6,Chuck Meriwether,"Z.Greinke (5-43-L), D.Carrasco (2), M.MacDougal (3), S.Camp (2), J.Serrano (5), J.Affeldt (1)"
