,index,Rk,Gtm,Date,Unnamed: 3,Opp,Rslt,PA,AB,R,H,2B,3B,HR,RBI,BB,IBB,SO,HBP,SH,SF,ROE,GDP,SB,CS,BA,OBP,SLG,OPS,LOB,#,Thr,Opp. Starter (GmeSc)
0,0,1,1,Apr 8,@,PHI,"L,5-9",35,34,5,6,1,0,2,4,0,0,11,1,0,0,1,0,0,0,0.176,0.2,0.382,0.582,3,11,R,A.Nola(55)
1,1,2,2,Apr 9,@,PHI,"L,2-4",31,30,2,5,1,0,0,2,1,0,12,0,0,0,0,2,0,0,0.172,0.197,0.297,0.494,2,10,R,K.Gibson(83)
2,2,3,3,Apr 10,@,PHI,"W,4-1",39,35,4,9,2,0,1,4,3,0,8,1,0,0,0,0,0,0,0.202,0.248,0.333,0.581,8,10,R,Z.Eflin(59)
3,3,4,4,Apr 11,@,TBR,"W,13-2",45,41,13,13,2,1,4,12,3,0,8,1,0,0,2,1,0,0,0.236,0.287,0.443,0.73,5,11,R,L.Patiño(46)
4,4,5,5,Apr 12,@,TBR,"L,8-9",45,35,8,8,1,0,1,7,9,1,8,1,0,0,0,1,1,0,0.234,0.313,0.423,0.736,8,12,R,T.Romero(35)
5,5,6,6,Apr 13,@,TBR,"W,4-2",36,32,4,5,1,0,1,4,4,0,14,0,0,0,0,0,0,0,0.222,0.303,0.401,0.704,5,10,L,S.McClanahan(53)
6,6,7,7,Apr 14,@,TBR,"W,6-3",38,35,6,9,2,0,0,3,3,0,12,0,0,0,0,1,0,0,0.227,0.305,0.388,0.693,5,10,L,J.Fleming(35)
7,7,8,8,Apr 15,@,TOR,"L,1-4",33,33,1,6,1,0,0,1,0,0,11,0,0,0,0,0,1,0,0.222,0.291,0.367,0.659,5,12,R,R.Stripling(61)
8,8,9,9,Apr 16,@,TOR,"W,7-5",37,35,7,9,3,0,2,7,2,0,7,0,0,0,0,1,2,0,0.226,0.292,0.384,0.676,3,12,L,H.Ryu(31)
9,9,10,10,Apr 17,@,TOR,"L,3-4",36,30,3,6,0,0,1,3,3,0,8,1,0,2,0,1,1,0,0.224,0.291,0.376,0.667,6,13,R,A.Manoah(60)
10,10,11,11,Apr 18,,BAL,"W,5-1",34,31,5,5,1,0,0,3,3,0,4,0,0,0,2,0,0,0,0.218,0.286,0.361,0.647,5,9,R,S.Watkins(58)
11,11,12,12,Apr 19,,BAL,"W,2-1",35,30,2,7,1,0,0,2,5,0,7,0,0,0,1,2,2,0,0.219,0.291,0.354,0.645,9,9,R,C.Ellis(54)
12,12,13,13,Apr 20,,BAL,"L,0-1",35,33,0,7,1,0,0,0,1,0,11,1,0,0,0,0,0,0,0.219,0.288,0.346,0.634,8,12,R,J.Lyles(62)
13,13,14,14,Apr 21,,BAL,"W,6-4",35,35,6,11,4,0,2,6,0,0,7,0,0,0,0,0,0,0,0.226,0.29,0.365,0.654,5,9,R,T.Wells(40)
14,14,15,15,Apr 22,,TEX,"L,1-8",32,29,1,2,2,0,0,1,3,0,10,0,0,0,0,0,1,0,0.217,0.282,0.351,0.633,4,10,R,G.Otto(63)
15,15,16,16,Apr 23,,TEX,"L,0-2",32,30,0,3,2,0,0,0,2,0,8,0,0,0,0,0,0,0,0.21,0.275,0.341,0.616,5,10,L,M.Pérez(72)
16,16,17,17,Apr 24,,TEX,"W,2-0",33,27,2,5,1,0,1,2,6,1,9,0,0,0,0,1,0,1,0.209,0.278,0.341,0.619,7,12,R,G.Richards(52)
17,17,18,18,Apr 26,@,SFG,"L,2-8",35,32,2,5,2,0,0,2,3,0,15,0,0,0,0,0,2,0,0.206,0.276,0.334,0.609,6,10,L,C.Rodón(69)
18,18,19,19,Apr 27,@,SFG,"W,1-0",35,33,1,7,1,1,1,1,2,1,11,0,0,0,1,1,0,0,0.206,0.275,0.337,0.612,7,11,L,S.Long(48)
19,19,20,20,Apr 29,,CLE,"L,8-9",40,35,8,10,2,1,1,8,1,0,9,2,0,2,0,0,0,0,0.211,0.277,0.345,0.622,5,10,R,A.Civale(26)
20,20,21,21,Apr 30,,CLE,"L,1-3",35,33,1,8,1,0,1,1,1,0,7,0,1,0,0,1,2,0,0.212,0.277,0.346,0.623,7,10,R,S.Bieber(65)
21,22,22,22,May 1,,CLE,"L,3-7",37,32,3,6,2,0,0,3,3,0,10,1,0,1,0,0,0,0,0.211,0.277,0.342,0.618,7,12,R,T.McKenzie(71)
22,23,23,23,May 2,,TBR,"L,1-6",30,29,1,2,0,0,0,1,1,0,9,0,0,0,0,0,1,0,0.206,0.27,0.331,0.601,2,9,R,D.Rasmussen(63)
23,24,24,24,May 3,,TBR,"L,7-10",41,37,7,10,2,0,1,7,3,0,8,1,0,0,0,3,0,0,0.209,0.273,0.335,0.608,5,11,L,R.Yarbrough(24)
24,25,25,25,May 4,,TBR,"L,0-3",32,31,0,4,0,1,0,0,1,0,9,0,0,0,0,0,0,0,0.206,0.269,0.329,0.599,5,9,R,C.Kluber(72)
25,26,26,26,May 6,@,MIN,"L,1-2",32,29,1,4,0,0,0,1,2,0,11,0,0,1,0,0,1,1,0.203,0.266,0.323,0.589,4,12,R,J.Winder(72)
26,27,27,27,May 7,@,MIN,"L,0-1",33,29,0,3,1,0,0,0,3,0,15,1,0,0,0,1,1,0,0.2,0.265,0.317,0.581,6,11,R,S.Gray(63)
27,28,28,28,May 8,@,MIN,"L,3-4",36,34,3,8,1,0,0,3,2,0,10,0,0,0,0,1,1,0,0.201,0.265,0.315,0.58,6,11,R,C.Paddack(39)
28,29,29,29,May 9,@,DET,"W,2-0",34,32,2,6,1,1,1,2,2,0,6,0,0,0,0,1,0,0,0.201,0.264,0.317,0.581,5,9,R,M.Pineda(56)
29,30,30,30,May 10 (1),@,DET,"L,0-6",32,29,0,4,3,0,0,0,3,0,6,0,0,0,0,1,0,0,0.199,0.263,0.314,0.577,5,9,L,T.Skubal(73)
30,31,31,31,May 10 (2),@,DET,"W,4-1",36,31,4,8,0,0,0,4,2,0,13,0,1,2,0,0,3,1,0.201,0.263,0.313,0.576,5,9,R,A.Faedo(56)
31,32,32,32,May 11,@,DET,"W,9-0",43,34,9,11,2,1,0,9,7,0,5,0,0,2,0,1,1,1,0.205,0.269,0.317,0.586,7,10,L,J.Wentz(19)
32,33,33,33,May 12,@,DET,"W,5-3",35,31,5,5,0,0,1,5,4,0,5,0,0,0,0,1,1,1,0.204,0.269,0.315,0.584,3,9,R,B.Brieske(53)
33,34,34,34,May 13,,LAA,"L,0-2",30,27,0,2,0,0,0,0,2,0,6,0,1,0,0,0,0,0,0.2,0.266,0.309,0.575,3,9,R,C.Silseth(72)
34,35,35,35,May 14 (1),,LAA,"W,4-3",34,26,4,5,3,0,1,4,7,0,4,0,1,0,0,3,1,0,0.2,0.268,0.312,0.58,4,12,L,J.Diaz(62)
35,36,36,36,May 14 (2),,LAA,"L,1-9",32,30,1,7,2,0,0,0,2,0,4,0,0,0,0,4,0,0,0.201,0.269,0.312,0.58,4,10,R,M.Lorenzen(65)
36,37,37,37,May 15,,LAA,"L,1-4",38,29,1,5,1,0,0,1,4,0,4,2,3,0,0,0,2,0,0.2,0.27,0.309,0.579,10,11,L,P.Sandoval(61)
37,38,38,38,May 16,,MIN,"L,1-3",32,30,1,4,2,0,0,1,2,0,6,0,0,0,0,1,0,0,0.199,0.268,0.306,0.574,4,9,R,C.Archer(54)
38,39,39,39,May 17,,MIN,"W,5-2",39,34,5,11,2,0,1,5,4,0,6,1,0,0,0,1,0,0,0.202,0.272,0.311,0.583,10,10,R,D.Bundy(56)
39,40,40,40,May 18,,MIN,"L,4-14",40,38,4,12,2,1,0,4,0,0,8,1,0,1,0,0,0,0,0.205,0.273,0.314,0.588,9,11,R,S.Gray(57)
40,41,41,41,May 20,@,LAA,"W,4-2",38,34,4,8,2,0,2,4,2,0,10,1,0,1,0,0,1,1,0.206,0.274,0.318,0.592,7,9,R,C.Silseth(43)
41,42,42,42,May 21,@,LAA,"L,3-5",37,33,3,7,2,0,0,2,3,0,8,1,0,0,0,1,0,0,0.206,0.274,0.317,0.591,7,13,R,M.Lorenzen(69)
42,43,43,43,May 22,@,LAA,"L,1-4",32,31,1,4,1,0,0,1,1,0,12,0,0,0,1,1,0,0,0.205,0.272,0.313,0.586,4,10,L,P.Sandoval(72)
43,44,44,44,May 23,@,SEA,"L,6-7",40,37,6,12,2,0,1,6,2,0,7,0,0,1,0,1,0,0,0.208,0.274,0.317,0.591,7,12,L,M.Gonzales(35)
44,45,45,45,May 24,@,SEA,"W,7-5",41,39,7,13,4,0,2,6,2,0,11,0,0,0,0,1,2,0,0.211,0.276,0.325,0.601,7,9,R,G.Kirby(44)
45,46,46,46,May 25,@,SEA,"W,4-2",37,35,4,9,3,0,2,4,2,0,12,0,0,0,0,0,3,0,0.212,0.277,0.329,0.606,6,9,L,R.Ray(55)
46,47,47,47,May 26,,TEX,"L,1-4",34,31,1,5,2,0,0,0,3,0,6,0,0,0,0,1,1,0,0.211,0.276,0.327,0.603,6,11,L,M.Pérez(69)
47,48,48,48,May 27,,TEX,"L,5-8",34,31,5,5,1,0,2,4,3,0,9,0,0,0,0,1,1,0,0.21,0.275,0.328,0.603,2,10,R,J.Gray(44)
48,49,49,49,May 28,,TEX,"L,4-11",39,37,4,10,2,0,1,4,2,0,8,0,0,0,0,0,1,0,0.212,0.276,0.33,0.606,8,11,L,T.Hearn(50)
49,50,50,50,May 29,,TEX,"W,6-5",48,41,6,14,2,0,0,4,6,1,7,1,0,0,2,2,0,0,0.215,0.28,0.331,0.612,16,11,R,D.Dunning(41)
50,51,51,51,May 30,,HOU,"L,1-5",30,27,1,2,1,0,0,1,3,0,7,0,0,0,0,2,0,0,0.213,0.278,0.328,0.606,2,10,L,F.Valdez(83)
51,52,52,52,May 31,,HOU,"L,1-3",39,34,1,8,4,0,0,1,5,0,7,0,0,0,0,1,1,0,0.213,0.28,0.328,0.608,11,9,R,C.Javier(50)
52,54,53,53,Jun 1,,HOU,"L,4-5",33,30,4,4,2,0,1,4,2,0,8,1,0,0,0,1,0,0,0.212,0.278,0.328,0.606,2,10,R,J.Verlander(65)
53,55,54,54,Jun 3,,BOS,"L,2-7",36,32,2,6,2,0,0,2,4,0,12,0,0,0,0,1,2,0,0.211,0.278,0.326,0.605,7,11,R,N.Eovaldi(71)
54,56,55,55,Jun 4,,BOS,"L,0-8",32,30,0,4,2,0,0,0,2,0,10,0,0,0,0,0,1,0,0.21,0.277,0.324,0.601,5,11,R,N.Pivetta(78)
55,57,56,56,Jun 5,,BOS,"L,2-5",35,34,2,7,3,0,0,2,1,0,9,0,0,0,0,0,0,0,0.21,0.276,0.324,0.6,6,11,L,R.Hill(67)
56,58,57,57,Jun 7,@,ATL,"L,2-3",31,31,2,5,0,0,0,2,0,0,8,0,0,0,0,1,0,0,0.209,0.274,0.321,0.595,2,9,R,K.Wright(71)
57,59,58,58,Jun 8,@,ATL,"L,2-13",35,33,2,8,1,0,0,1,2,0,7,0,0,0,0,1,0,1,0.21,0.274,0.32,0.595,6,12,R,I.Anderson(55)
58,60,59,59,Jun 9,@,CLE,"L,4-8",38,33,4,8,4,0,1,4,4,0,6,1,0,0,0,1,0,1,0.21,0.276,0.323,0.598,7,11,L,K.Pilkington(43)
59,61,60,60,Jun 10,@,CLE,"L,2-3",36,33,2,5,1,0,2,2,3,0,9,0,0,0,1,0,2,0,0.209,0.275,0.323,0.598,7,10,R,T.McKenzie(58)
60,62,61,61,Jun 11,@,CLE,"W,10-5",42,40,10,13,2,0,4,10,1,0,10,1,0,0,0,1,0,0,0.211,0.276,0.33,0.607,5,11,R,Z.Plesac(44)
61,63,62,62,Jun 12,@,CLE,"L,3-6",37,34,3,8,2,0,3,3,2,0,8,1,0,0,0,1,2,0,0.212,0.277,0.334,0.611,7,9,R,C.Quantrill(62)
62,64,63,63,Jun 14,@,BOS,"L,1-6",32,29,1,4,0,0,1,1,3,0,3,0,0,0,0,2,0,0,0.211,0.276,0.333,0.609,4,9,R,N.Pivetta(73)
63,65,64,64,Jun 15,@,BOS,"L,1-10",34,33,1,7,1,0,1,1,1,0,6,0,0,0,0,1,0,0,0.211,0.275,0.333,0.608,6,10,R,J.Winckowski(61)
64,66,65,65,Jun 16,@,BOS,"W,4-3",36,36,4,7,2,0,0,3,0,0,5,0,0,0,2,0,0,0,0.211,0.274,0.331,0.605,5,10,L,R.Hill(49)
65,67,66,66,Jun 17,,KCR,"L,1-5",37,32,1,5,1,0,0,0,5,0,16,0,0,0,0,0,0,0,0.21,0.274,0.329,0.603,9,13,L,D.Lynch(63)
66,68,67,67,Jun 18,,KCR,"L,0-2",31,28,0,2,2,0,0,0,3,0,7,0,0,0,0,0,0,0,0.208,0.272,0.327,0.599,4,9,R,B.Keller(78)
67,69,68,68,Jun 19,,KCR,"W,4-0",34,31,4,9,1,0,2,4,0,0,5,2,1,0,0,0,0,0,0.209,0.273,0.33,0.603,6,9,R,B.Singer(48)
68,70,69,69,Jun 21,,SEA,"L,2-8",34,33,2,7,1,0,1,2,1,0,4,0,0,0,0,1,0,0,0.209,0.273,0.33,0.602,5,9,L,M.Gonzales(56)
69,71,70,70,Jun 22,,SEA,"L,0-9",34,33,0,7,0,0,0,0,1,0,7,0,0,0,0,0,0,1,0.209,0.272,0.328,0.6,7,11,R,G.Kirby(67)
70,72,71,71,Jun 23,,SEA,"L,1-2",34,31,1,5,1,0,0,1,2,0,12,1,0,0,0,1,1,0,0.209,0.272,0.326,0.598,6,10,L,R.Ray(64)
71,73,72,72,Jun 24,@,KCR,"L,1-3",34,32,1,6,1,0,0,1,1,0,8,0,1,0,0,0,1,0,0.208,0.271,0.325,0.596,6,10,R,Z.Greinke(66)
72,74,73,73,Jun 25,@,KCR,"W,9-7",46,41,9,13,5,0,1,8,5,0,8,0,0,0,2,0,1,1,0.21,0.273,0.328,0.601,10,10,R,B.Keller(35)
73,75,74,74,Jun 26,@,KCR,"W,5-3",36,35,5,8,2,0,1,5,1,0,6,0,0,0,0,0,1,0,0.21,0.273,0.329,0.601,4,10,R,B.Singer(55)
74,76,75,75,Jun 27,@,NYY,"L,5-9",37,34,5,6,2,0,0,5,2,0,10,1,0,0,1,0,1,0,0.21,0.272,0.327,0.6,5,10,L,J.Montgomery(47)
75,77,76,76,Jun 28,@,NYY,"L,1-2",34,30,1,6,1,0,0,1,3,0,7,0,0,0,0,1,2,1,0.21,0.272,0.326,0.598,6,13,L,J.Sears(63)
76,78,77,77,Jun 29,@,NYY,"L,3-5",39,36,3,9,2,0,0,3,2,0,10,1,0,0,0,0,0,1,0.21,0.273,0.326,0.599,9,10,R,J.Taillon(45)
77,79,78,78,Jun 30,@,SEA,"L,6-8",40,37,6,11,0,0,3,6,2,0,7,0,1,0,0,0,0,0,0.212,0.274,0.329,0.603,7,10,R,L.Gilbert(42)
78,81,79,79,Jul 1,@,SEA,"W,3-1",41,39,3,12,3,0,1,3,1,0,6,1,0,0,0,0,1,0,0.213,0.275,0.331,0.606,11,11,L,M.Gonzales(49)
79,82,80,80,Jul 2,@,SEA,"L,1-2",31,28,1,4,0,0,0,1,2,0,12,0,0,1,0,1,0,1,0.212,0.274,0.329,0.603,3,10,R,G.Kirby(75)
80,83,81,81,Jul 3,@,SEA,"L,1-2",32,30,1,4,0,0,1,1,2,0,16,0,0,0,0,1,2,0,0.211,0.273,0.328,0.601,4,13,L,R.Ray(72)
81,84,82,82,Jul 4,,TOR,"W,5-1",33,29,5,7,1,0,2,5,2,0,6,1,0,1,0,0,0,1,0.212,0.273,0.329,0.603,4,10,R,A.Manoah(42)
82,85,83,83,Jul 5,,TOR,"W,5-3",35,24,5,4,0,0,1,4,8,0,5,2,0,1,0,2,0,0,0.211,0.275,0.329,0.604,6,9,L,Y.Kikuchi(32)
83,86,84,84,Jul 6,,TOR,"L,1-2",32,31,1,4,1,0,1,1,1,0,8,0,0,0,0,0,0,0,0.21,0.273,0.328,0.602,4,9,R,J.Berríos(65)
84,87,85,85,Jul 8,,HOU,"L,3-8",32,30,3,4,1,0,1,3,1,0,4,0,0,1,0,1,0,0,0.21,0.272,0.328,0.6,2,9,R,J.Urquidy(63)
85,88,86,86,Jul 9,,HOU,"W,3-2",30,27,3,4,1,0,0,1,2,0,3,1,0,0,0,1,0,0,0.209,0.272,0.326,0.598,3,9,L,F.Valdez(65)
86,89,87,87,Jul 10,,HOU,"L,1-6",32,31,1,5,1,0,1,1,1,0,10,0,0,0,0,0,1,0,0.209,0.271,0.326,0.597,4,9,R,J.Odorizzi(75)
87,90,88,88,Jul 11,@,TEX,"L,8-10",42,39,8,12,1,0,3,8,1,0,5,2,0,0,1,1,0,0,0.21,0.272,0.329,0.601,7,11,R,S.Howard(50)
88,91,89,89,Jul 12,@,TEX,"W,14-7",54,47,14,13,3,0,1,13,6,1,10,0,0,1,0,0,1,1,0.211,0.273,0.33,0.604,7,12,R,G.Otto(37)
89,92,90,90,Jul 13,@,TEX,"L,2-5",32,31,2,4,1,0,2,2,1,0,12,0,0,0,0,0,0,0,0.21,0.272,0.331,0.603,3,9,R,J.Gray(84)
90,93,91,91,Jul 15,@,HOU,"W,5-1",36,36,5,9,3,0,1,5,0,0,9,0,0,0,0,0,0,0,0.211,0.272,0.332,0.604,4,9,R,J.Urquidy(58)
91,94,92,92,Jul 16,@,HOU,"L,0-5",34,33,0,7,1,0,0,0,1,0,16,0,0,0,0,1,1,0,0.211,0.272,0.331,0.602,7,10,R,J.Verlander(70)
92,95,93,93,Jul 17,@,HOU,"W,4-3",37,34,4,8,1,0,1,4,1,0,9,1,0,1,0,0,0,0,0.211,0.272,0.331,0.603,6,12,R,J.Odorizzi(51)
93,96,94,94,Jul 21 (1),,DET,"L,2-7",35,31,2,5,1,0,1,2,3,0,13,0,0,1,0,0,0,0,0.21,0.271,0.331,0.602,6,9,L,T.Skubal(73)
94,97,95,95,Jul 21 (2),,DET,"W,5-0",35,32,5,10,0,0,1,5,2,0,7,0,0,1,0,0,0,0,0.211,0.272,0.331,0.603,6,9,R,G.Hill(47)
95,98,96,96,Jul 22,,TEX,"W,5-4",38,33,5,9,2,0,2,5,5,0,6,0,0,0,0,0,0,0,0.212,0.273,0.333,0.606,9,11,R,S.Howard(36)
96,99,97,97,Jul 23,,TEX,"W,3-1",34,28,3,6,2,0,0,2,4,0,6,0,0,2,1,1,0,1,0.212,0.273,0.333,0.606,7,10,R,M.Bush(54)
97,100,98,98,Jul 24,,TEX,"L,8-11",43,39,8,12,2,0,4,8,4,0,7,0,0,0,0,0,0,0,0.213,0.274,0.337,0.611,8,13,L,M.Pérez(68)
98,101,99,99,Jul 25,,HOU,"W,7-5",33,32,7,10,3,0,2,7,1,0,6,0,0,0,0,2,1,0,0.214,0.275,0.339,0.614,2,10,R,J.Odorizzi(30)
99,102,100,100,Jul 26,,HOU,"W,5-3",35,30,5,6,4,0,1,5,4,0,11,1,0,0,0,0,0,0,0.214,0.275,0.34,0.616,6,10,R,L.Garcia(48)
100,103,101,101,Jul 27,,HOU,"W,4-2",33,32,4,8,2,0,2,4,1,0,11,0,0,0,0,0,1,0,0.214,0.275,0.342,0.617,5,10,R,C.Javier(50)
101,104,102,102,Jul 29,@,CHW,"W,7-3",37,36,7,9,2,0,4,7,0,0,11,0,1,0,1,0,0,0,0.215,0.275,0.345,0.62,3,10,R,L.Lynn(47)
102,105,103,103,Jul 30,@,CHW,"L,2-3",35,34,2,8,2,0,2,2,1,0,4,0,0,0,0,1,2,0,0.215,0.275,0.346,0.621,6,10,R,J.Cueto(58)
103,106,104,104,Jul 31,@,CHW,"L,1-4",33,31,1,6,2,0,1,1,2,0,10,0,0,0,0,1,0,0,0.215,0.275,0.346,0.621,5,9,R,D.Cease(66)
104,108,105,105,Aug 2,@,LAA,"L,1-3",37,33,1,7,2,0,0,1,3,0,8,1,0,0,0,1,0,0,0.215,0.275,0.346,0.621,9,12,L,J.Suarez(58)
105,109,106,106,Aug 3,@,LAA,"W,3-1",36,35,3,8,1,0,1,3,1,0,9,0,0,0,1,0,0,0,0.215,0.275,0.346,0.62,6,11,R,S.Ohtani(51)
106,110,107,107,Aug 4,@,LAA,"W,8-7",41,33,8,8,3,0,2,8,8,0,10,0,0,0,0,2,2,0,0.215,0.276,0.347,0.623,6,10,R,J.Junk(23)
107,111,108,108,Aug 6,,SFG,"L,3-7",38,37,3,10,2,0,1,3,1,0,8,0,0,0,0,0,0,0,0.216,0.276,0.348,0.624,8,11,L,C.Rodón(57)
108,112,109,109,Aug 7,,SFG,"L,4-6",41,36,4,9,1,0,1,4,4,0,6,1,0,0,1,1,1,0,0.216,0.277,0.348,0.625,10,11,R,L.Webb(63)
109,113,110,110,Aug 8,,LAA,"L,0-1",31,29,0,2,0,0,0,0,2,0,8,0,0,0,0,0,1,0,0.215,0.276,0.346,0.621,4,10,L,J.Suarez(79)
110,114,111,111,Aug 9,,LAA,"L,1-5",35,31,1,6,0,0,1,1,4,0,9,0,0,0,0,1,1,0,0.215,0.276,0.345,0.621,7,11,R,S.Ohtani(66)
111,115,112,112,Aug 10,,LAA,"L,4-5",45,38,4,7,3,0,0,4,5,0,7,1,1,0,0,2,0,1,0.214,0.276,0.344,0.62,8,11,R,T.Toussaint(67)
112,116,113,113,Aug 12,@,HOU,"L,5-7",38,34,5,11,3,0,0,4,4,0,9,0,0,0,0,1,0,1,0.215,0.277,0.345,0.622,6,11,R,L.Garcia(44)
113,117,114,114,Aug 13,@,HOU,"L,0-8",33,29,0,5,1,0,0,0,4,0,8,0,0,0,0,2,0,1,0.215,0.277,0.344,0.621,6,9,R,L.McCullers(69)
114,118,115,115,Aug 14,@,HOU,"L,3-6",38,33,3,7,1,0,1,3,5,0,8,0,0,0,0,1,0,0,0.215,0.277,0.344,0.621,8,11,R,C.Javier(73)
115,119,116,116,Aug 15,@,TEX,"L,1-2",37,28,1,3,0,0,1,1,9,0,5,0,0,0,0,1,2,1,0.214,0.278,0.343,0.621,9,10,R,G.Otto(59)
116,120,117,117,Aug 16,@,TEX,"W,5-1",40,36,5,11,2,0,2,5,3,0,9,1,0,0,0,2,0,0,0.215,0.279,0.345,0.623,8,10,R,K.Arihara(44)
117,121,118,118,Aug 17,@,TEX,"W,7-2",40,36,7,9,1,0,3,7,3,0,7,1,0,0,0,0,0,0,0.215,0.279,0.346,0.625,6,11,L,C.Ragans(49)
118,122,119,119,Aug 18,@,TEX,"L,3-10",36,32,3,5,3,0,1,2,4,0,9,0,0,0,0,0,0,0,0.215,0.279,0.346,0.625,6,12,R,D.Dunning(57)
119,123,120,120,Aug 19,,SEA,"L,2-10",35,31,2,6,2,0,0,2,2,0,5,1,0,1,0,0,0,0,0.215,0.279,0.346,0.624,6,12,L,M.Gonzales(49)
120,124,121,121,Aug 20,,SEA,"W,4-3",40,34,4,8,1,0,0,4,4,1,10,0,2,0,1,1,0,0,0.215,0.279,0.345,0.624,10,10,R,L.Gilbert(49)
121,125,122,122,Aug 21,,SEA,"W,5-3",36,31,5,12,4,1,0,5,1,0,9,2,1,1,1,3,1,0,0.216,0.28,0.347,0.627,7,10,R,L.Castillo(39)
122,126,123,123,Aug 22,,MIA,"L,0-3",32,29,0,3,0,0,0,0,3,0,8,0,0,0,0,1,0,0,0.216,0.28,0.345,0.625,5,10,R,E.Cabrera(82)
123,127,124,124,Aug 23,,MIA,"L,3-5",36,32,3,8,3,0,0,3,3,0,5,0,0,1,0,2,0,0,0.216,0.28,0.345,0.625,6,10,R,P.López(67)
124,128,125,125,Aug 24,,MIA,"W,3-2",34,30,3,4,0,0,0,3,2,0,7,0,1,1,0,0,0,0,0.215,0.279,0.343,0.622,4,11,L,J.Luzardo(65)
125,129,126,126,Aug 25,,NYY,"L,4-13",40,35,4,8,1,0,1,4,2,0,6,3,0,0,0,0,0,0,0.215,0.279,0.343,0.623,9,13,R,J.Taillon(58)
126,130,127,127,Aug 26,,NYY,"L,2-3",35,32,2,5,1,0,1,2,2,0,14,0,0,0,0,0,0,0,0.215,0.279,0.343,0.622,6,12,R,G.Cole(77)
127,131,128,128,Aug 27,,NYY,"W,3-2",41,39,3,6,1,0,1,2,1,0,8,1,0,0,0,0,0,0,0.214,0.278,0.342,0.62,8,10,R,D.Germán(78)
128,132,129,129,Aug 28,,NYY,"W,4-1",33,29,4,8,2,0,0,4,3,0,11,0,1,0,0,0,1,1,0.215,0.279,0.342,0.621,5,11,R,C.Schmidt(37)
129,133,130,130,Aug 30,@,WSN,"W,10-6",45,39,10,13,3,0,2,10,6,0,10,0,0,0,0,1,0,0,0.216,0.28,0.344,0.624,8,10,R,E.Fedde(19)
130,134,131,131,Aug 31,@,WSN,"L,1-5",35,29,1,5,1,0,1,1,4,0,7,1,1,0,0,2,0,0,0.215,0.28,0.344,0.624,7,13,R,A.Sánchez(68)
131,136,132,132,Sep 1,@,WSN,"L,5-7",44,38,5,11,1,1,1,5,4,0,12,1,1,0,0,2,0,0,0.216,0.281,0.345,0.626,10,13,R,P.Espino(59)
132,137,133,133,Sep 2,@,BAL,"L,2-5",32,31,2,6,1,0,0,2,1,0,8,0,0,0,0,1,0,0,0.216,0.28,0.344,0.625,3,9,R,D.Kremer(59)
133,138,134,134,Sep 3,@,BAL,"L,1-8",36,33,1,8,0,0,0,1,1,0,10,1,0,1,0,1,0,0,0.216,0.28,0.343,0.624,8,13,R,A.Voth(48)
134,139,135,135,Sep 4,@,BAL,"W,5-0",38,37,5,11,1,0,2,5,1,0,2,0,0,0,0,1,0,0,0.217,0.281,0.344,0.625,6,12,R,S.Watkins(37)
135,140,136,136,Sep 6,,ATL,"L,9-10",40,35,9,9,2,0,3,9,3,0,13,2,0,0,0,1,0,0,0.217,0.281,0.346,0.628,4,13,R,K.Wright(21)
136,141,137,137,Sep 7,,ATL,"L,3-7",34,30,3,3,1,0,1,3,4,0,16,0,0,0,0,0,0,0,0.216,0.281,0.346,0.626,4,10,R,S.Strider(66)
137,142,138,138,Sep 8,,CHW,"L,2-14",35,32,2,6,2,0,0,2,2,0,13,0,0,1,0,0,0,0,0.216,0.28,0.345,0.625,6,13,R,D.Cease(73)
138,143,139,139,Sep 9,,CHW,"L,3-5",34,31,3,6,2,0,0,3,3,0,10,0,0,0,0,2,0,0,0.216,0.28,0.344,0.625,4,10,R,L.Giolito(54)
139,144,140,140,Sep 10,,CHW,"L,2-10",35,31,2,3,0,0,0,1,1,0,9,2,0,1,1,0,0,0,0.215,0.28,0.343,0.622,6,11,R,L.Lynn(66)
140,145,141,141,Sep 11,,CHW,"W,10-3",41,37,10,14,3,1,2,10,2,0,5,1,1,0,0,0,0,0,0.217,0.281,0.345,0.626,7,10,R,J.Cueto(26)
141,146,142,142,Sep 13,@,TEX,"L,7-8",38,37,7,10,3,0,1,7,1,0,11,0,0,0,0,0,0,0,0.217,0.281,0.346,0.627,4,9,L,C.Ragans(22)
142,147,143,143,Sep 14,@,TEX,"W,8-7",43,38,8,10,3,0,3,7,5,0,13,0,0,0,1,0,0,0,0.217,0.281,0.348,0.629,8,14,R,D.Dunning(38)
143,148,144,144,Sep 15,@,HOU,"L,2-5",34,30,2,3,1,1,0,2,4,0,16,0,0,0,0,0,0,0,0.217,0.281,0.347,0.628,5,11,R,L.McCullers(67)
144,149,145,145,Sep 16,@,HOU,"L,0-5",33,29,0,3,0,0,0,0,3,0,16,1,0,0,0,1,1,0,0.216,0.28,0.345,0.626,6,10,R,J.Verlander(75)
145,150,146,146,Sep 17,@,HOU,"W,8-5",41,36,8,10,1,1,2,8,4,0,10,0,0,1,0,0,3,0,0.216,0.281,0.347,0.628,6,9,R,J.Urquidy(38)
146,151,147,147,Sep 18,@,HOU,"L,2-11",33,32,2,5,1,0,0,2,1,0,12,0,0,0,1,1,0,0,0.216,0.28,0.346,0.626,4,9,L,F.Valdez(62)
147,152,148,148,Sep 20,,SEA,"W,4-1",34,30,4,7,2,0,1,4,4,0,8,0,0,0,1,1,1,0,0.216,0.281,0.346,0.627,6,11,R,L.Castillo(38)
148,153,149,149,Sep 21,,SEA,"W,2-1",33,29,2,6,1,0,0,1,4,0,8,0,0,0,0,1,0,0,0.216,0.281,0.345,0.626,7,12,L,R.Ray(70)
149,154,150,150,Sep 22,,SEA,"L,5-9",40,35,5,9,3,1,0,5,4,0,5,0,1,0,0,0,0,0,0.216,0.281,0.346,0.627,8,9,R,G.Kirby(21)
150,155,151,151,Sep 23,,NYM,"L,2-9",32,31,2,6,1,0,1,2,1,0,3,0,0,0,0,2,0,0,0.216,0.281,0.346,0.626,3,11,R,C.Bassitt(63)
151,156,152,152,Sep 24,,NYM,"W,10-4",44,38,10,14,5,1,2,10,6,0,8,0,0,0,0,0,1,0,0.217,0.282,0.348,0.631,10,10,R,J.deGrom(31)
152,157,153,153,Sep 25,,NYM,"L,4-13",36,34,4,8,2,0,2,4,1,0,10,1,0,0,0,1,0,0,0.217,0.282,0.349,0.631,5,10,R,M.Scherzer(66)
153,158,154,154,Sep 27,@,LAA,"L,3-4",36,34,3,9,2,0,0,3,2,0,6,0,0,0,0,1,0,0,0.218,0.282,0.349,0.631,6,13,L,P.Sandoval(46)
154,159,155,155,Sep 28,@,LAA,"L,1-4",35,32,1,5,1,0,0,1,3,0,11,0,0,0,0,0,2,0,0.217,0.282,0.348,0.63,7,13,R,M.Lorenzen(64)
155,160,156,156,Sep 29,@,LAA,"L,2-4",32,29,2,3,1,0,0,1,2,0,10,1,0,0,0,1,0,0,0.217,0.281,0.347,0.628,3,12,R,S.Ohtani(87)
156,161,157,157,Sep 30,@,SEA,"L,1-2",30,28,1,3,0,0,1,1,2,0,6,0,0,0,0,1,0,1,0.216,0.281,0.346,0.627,2,10,R,L.Gilbert(74)
157,162,158,158,Oct 1,@,SEA,"L,1-5",31,29,1,2,0,0,0,1,2,0,11,0,0,0,0,0,0,0,0.215,0.28,0.345,0.624,3,11,R,L.Castillo(71)
158,163,159,159,Oct 2,@,SEA,"W,10-3",43,39,10,12,1,0,4,10,4,0,5,0,0,0,1,0,1,1,0.216,0.281,0.347,0.627,6,9,L,R.Ray(31)
159,164,160,160,Oct 3,,LAA,"W,5-4",45,40,5,11,1,1,0,5,4,0,7,0,1,0,2,0,0,0,0.216,0.281,0.347,0.628,13,13,L,P.Sandoval(67)
160,165,161,161,Oct 4,,LAA,"W,2-1",40,34,2,6,1,0,0,2,6,1,10,0,0,0,0,0,1,0,0.216,0.281,0.346,0.627,11,13,R,M.Lorenzen(70)
161,166,162,162,Oct 5,,LAA,"W,3-2",31,27,3,4,1,0,1,3,2,0,8,0,0,2,0,0,1,0,0.216,0.281,0.346,0.626,4,12,R,S.Ohtani(66)
