,index,Rk,Gtm,Date,Unnamed: 3,Opp,Rslt,PA,AB,R,H,2B,3B,HR,RBI,BB,IBB,SO,HBP,SH,SF,ROE,GDP,SB,CS,BA,OBP,SLG,OPS,LOB,#,Thr,Opp. Starter (GmeSc)
0,0,1,1,Apr 1,,CHW,"L,10-15",45,43,10,17,2,0,2,10,2,0,2,0,0,0,0,1,0,0,0.395,0.422,0.581,1.004,8,9,L,M.Buehrle(39)
1,1,2,2,Apr 2,,CHW,"L,3-8",40,35,3,7,1,0,1,3,5,0,11,0,0,0,1,0,0,0,0.308,0.365,0.462,0.826,10,9,R,E.Jackson(55)
2,2,3,3,Apr 3,,CHW,"W,7-1",38,32,7,11,1,0,1,7,3,0,9,0,1,2,0,0,0,0,0.318,0.369,0.464,0.832,7,11,L,J.Danks(59)
3,3,4,4,Apr 5,,BOS,"W,3-1",35,28,3,5,3,0,0,3,6,0,12,0,0,1,0,0,3,0,0.29,0.357,0.428,0.784,8,9,R,J.Beckett(45)
4,4,5,5,Apr 6,,BOS,"W,8-4",38,31,8,8,0,0,3,8,4,0,4,3,0,0,0,1,0,0,0.284,0.364,0.45,0.814,6,9,R,D.Matsuzaka(42)
5,5,6,6,Apr 7,,BOS,"W,1-0",30,24,1,3,1,0,0,1,4,0,9,0,2,0,0,0,1,1,0.264,0.35,0.415,0.764,5,10,L,J.Lester(77)
6,6,7,7,Apr 8,@,SEA,"W,12-3",46,42,12,17,4,0,2,11,3,0,9,0,0,1,0,1,0,0,0.289,0.364,0.455,0.82,7,11,L,J.Vargas(15)
7,7,8,8,Apr 9,@,SEA,"W,2-1",34,30,2,7,0,0,0,1,3,1,3,0,0,1,0,3,0,0,0.283,0.356,0.43,0.787,5,10,R,D.Fister(55)
8,8,9,9,Apr 10,@,SEA,"W,6-4",38,37,6,11,4,0,2,5,1,0,12,0,0,0,0,0,0,0,0.285,0.352,0.447,0.799,5,10,L,E.Bedard(23)
9,9,10,10,Apr 11,@,LAA,"W,4-0",36,31,4,6,1,0,2,4,5,0,4,0,0,0,0,1,1,1,0.276,0.347,0.444,0.792,5,9,R,T.Chatwood(42)
10,10,11,11,Apr 12,@,LAA,"L,0-2",30,28,0,1,0,0,0,0,2,0,8,0,0,0,1,0,0,1,0.258,0.329,0.413,0.742,3,9,R,D.Haren(91)
11,11,12,12,Apr 13,@,LAA,"L,3-4",45,40,3,7,1,1,0,3,4,0,7,0,0,1,0,1,2,0,0.249,0.321,0.397,0.717,6,9,R,E.Santana(54)
12,12,13,13,Apr 15,,BAL,"W,8-2",36,32,8,12,1,1,1,8,3,1,7,0,0,1,0,1,0,1,0.259,0.328,0.409,0.737,4,10,L,Z.Britton(41)
13,13,14,14,Apr 16,,BAL,"W,8-3",38,37,8,13,3,0,2,8,1,0,4,0,0,0,1,1,0,0,0.266,0.331,0.423,0.754,6,9,R,J.Guthrie(24)
14,14,15,15,Apr 17,,BAL,"W,4-2",33,29,4,7,1,0,3,4,3,0,7,1,0,0,0,1,0,0,0.265,0.331,0.433,0.764,5,9,R,B.Bergesen(48)
15,15,16,16,Apr 18,@,KCR,"W,7-3",48,40,7,13,5,0,0,6,7,0,10,0,0,1,0,1,2,0,0.269,0.338,0.434,0.772,11,12,R,K.Davies(57)
16,16,17,17,Apr 19,@,KCR,"L,4-5",40,35,4,9,1,0,0,4,4,0,8,1,0,0,1,1,1,0,0.268,0.338,0.425,0.764,9,11,L,B.Chen(59)
17,17,18,18,Apr 20,@,KCR,"W,7-5",44,37,7,11,4,0,0,6,6,1,5,0,1,0,0,0,0,0,0.27,0.342,0.424,0.766,10,9,R,L.Hochevar(39)
18,18,19,19,Apr 21,@,KCR,"L,2-3",38,33,2,8,2,0,0,2,4,1,7,0,1,0,0,0,0,0,0.269,0.341,0.418,0.759,9,9,R,S.O'Sullivan(57)
19,19,20,20,Apr 23,@,MIN,"L,3-10",34,32,3,6,1,0,1,3,2,0,5,0,0,0,0,1,1,0,0.265,0.336,0.413,0.749,4,9,L,B.Duensing(65)
20,20,21,21,Apr 24,@,MIN,"L,3-4",38,35,3,8,3,0,0,3,3,0,5,0,0,0,0,0,0,0,0.263,0.334,0.408,0.742,8,11,R,C.Pavano(54)
21,21,22,22,Apr 26,,KCR,"W,9-4",38,34,9,13,3,0,5,9,3,0,3,1,0,0,0,2,1,1,0.268,0.339,0.431,0.77,5,9,R,L.Hochevar(29)
22,22,23,23,Apr 27,,KCR,"W,7-2",38,34,7,11,4,0,0,6,2,1,7,1,0,1,1,1,2,0,0.271,0.341,0.431,0.772,7,10,L,J.Francis(18)
23,23,24,24,Apr 28,,KCR,"W,8-2",37,33,8,10,3,0,4,8,4,0,7,0,0,0,0,1,0,0,0.272,0.342,0.445,0.787,5,11,R,K.Davies(13)
24,24,25,25,Apr 29,,DET,"W,9-5",40,34,9,11,0,0,3,9,6,1,9,0,0,0,0,2,1,0,0.274,0.346,0.45,0.796,6,10,R,M.Scherzer(44)
25,25,26,26,Apr 30,,DET,"W,3-2",50,44,3,10,1,0,2,3,4,2,17,1,1,0,0,1,0,0,0.272,0.344,0.447,0.791,10,9,R,R.Porcello(61)
26,27,27,27,May 1,,DET,"W,5-4",37,30,5,8,3,0,0,5,3,0,5,2,1,1,0,0,1,0,0.272,0.344,0.445,0.789,8,9,L,P.Coke(58)
27,28,28,28,May 3,@,OAK,"W,4-1",40,36,4,12,0,0,0,4,3,0,5,1,0,0,0,1,0,1,0.274,0.346,0.44,0.787,9,11,R,T.Ross(56)
28,29,29,29,May 4,@,OAK,"L,1-3",38,34,1,7,1,0,0,1,4,0,7,0,0,0,0,0,0,0,0.272,0.344,0.433,0.778,10,10,R,T.Cahill(65)
29,30,30,30,May 5,@,OAK,"W,4-3",46,45,4,11,0,1,0,4,1,0,7,0,0,0,0,0,0,1,0.271,0.341,0.427,0.768,6,10,L,B.Anderson(70)
30,31,31,31,May 6,@,LAA,"L,1-2",40,34,1,3,1,0,0,1,5,1,7,1,0,0,0,2,0,0,0.265,0.337,0.417,0.754,6,9,R,T.Chatwood(74)
31,32,32,32,May 7,@,LAA,"W,4-3",37,34,4,9,2,0,0,4,2,0,2,0,0,1,0,0,1,0,0.265,0.336,0.414,0.75,6,9,R,J.Weaver(40)
32,33,33,33,May 8,@,LAA,"L,5-6",40,38,5,11,2,0,1,5,1,0,14,1,0,0,0,0,1,0,0.266,0.336,0.415,0.75,8,10,R,D.Haren(63)
33,34,34,34,May 10,,TBR,"W,5-4",43,31,5,10,1,0,2,4,11,1,4,0,1,0,0,3,2,0,0.267,0.341,0.418,0.759,13,10,R,A.Sonnanstine(41)
34,35,35,35,May 11,,TBR,"L,2-8",33,32,2,5,4,0,0,2,1,0,8,0,0,0,0,0,0,0,0.264,0.337,0.414,0.751,4,10,L,D.Price(71)
35,36,36,36,May 12,,TBR,"L,4-7",36,35,4,10,2,1,1,4,1,0,9,0,0,0,0,0,0,0,0.265,0.336,0.416,0.753,5,9,R,J.Shields(61)
36,37,37,37,May 13,,SEA,"W,5-4",32,31,5,7,2,0,3,5,1,0,6,0,0,0,0,1,0,1,0.264,0.334,0.42,0.755,1,9,R,D.Fister(71)
37,38,38,38,May 16,@,KCR,"W,19-1",53,44,19,20,7,0,1,19,8,0,5,0,1,0,0,1,3,0,0.27,0.341,0.429,0.771,7,12,R,K.Davies(40)
38,39,39,39,May 17,@,KCR,"W,7-3",39,33,7,10,3,0,2,7,3,0,4,1,1,1,0,1,0,0,0.271,0.342,0.433,0.775,5,9,R,S.O'Sullivan(27)
39,40,40,40,May 18,@,CHW,"L,0-1",29,29,0,3,0,0,0,0,0,0,8,0,0,0,0,0,1,1,0.267,0.338,0.426,0.764,2,10,R,J.Peavy(89)
40,41,41,41,May 19,@,CHW,"L,2-8",35,32,2,7,2,0,1,2,1,0,7,1,0,1,0,1,0,0,0.266,0.336,0.425,0.761,6,9,R,G.Floyd(65)
41,42,42,42,May 20,,CIN,"W,5-4",33,27,5,5,0,1,0,5,4,1,4,1,0,1,0,1,0,0,0.265,0.335,0.422,0.757,4,10,L,T.Wood(47)
42,43,43,43,May 21,,CIN,"W,2-1",29,29,2,5,1,0,1,2,0,0,6,0,0,0,0,0,0,0,0.263,0.332,0.419,0.752,3,9,R,H.Bailey(65)
43,44,44,44,May 22,,CIN,"W,12-4",44,35,12,13,3,1,2,10,6,0,8,1,0,2,0,0,3,0,0.266,0.336,0.426,0.761,8,10,R,E.Volquez(17)
44,45,45,45,May 23,,BOS,"W,3-2",30,28,3,6,2,0,1,3,2,0,5,0,0,0,0,1,1,1,0.265,0.334,0.425,0.759,3,11,R,C.Buchholz(64)
45,46,46,46,May 24,,BOS,"L,2-4",34,29,2,6,0,0,1,2,4,0,7,1,0,0,0,0,1,2,0.263,0.334,0.423,0.757,5,10,R,J.Beckett(63)
46,47,47,47,May 25,,BOS,"L,2-14",35,33,2,7,3,0,0,2,1,0,10,1,0,0,0,1,0,0,0.262,0.333,0.42,0.753,6,12,L,J.Lester(72)
47,48,48,48,May 27,@,TBR,"L,0-5",33,31,0,4,2,0,0,0,2,0,13,0,0,0,0,0,0,0,0.26,0.33,0.416,0.746,6,9,L,D.Price(79)
48,49,49,49,May 28,@,TBR,"W,7-3",38,33,7,10,0,1,1,7,3,0,10,1,0,1,1,1,0,0,0.261,0.331,0.417,0.747,4,11,R,J.Shields(56)
49,50,50,50,May 29,@,TBR,"L,0-7",33,31,0,5,1,0,0,0,2,0,7,0,0,0,0,1,0,0,0.259,0.329,0.413,0.741,6,9,R,J.Hellickson(75)
50,51,51,51,May 30,@,TOR,"L,1-11",36,32,1,8,0,0,1,1,4,0,4,0,0,0,0,3,0,0,0.259,0.329,0.411,0.74,8,10,L,J.Reyes(67)
51,52,52,52,May 31,@,TOR,"W,6-3",40,37,6,12,6,1,0,6,2,0,12,0,0,1,0,1,1,0,0.26,0.329,0.414,0.743,7,9,R,B.Morrow(32)
52,54,53,53,Jun 1,@,TOR,"W,13-9",51,46,13,18,6,0,1,11,5,0,7,0,0,0,2,1,0,0,0.263,0.332,0.419,0.751,11,10,R,K.Drabek(28)
53,55,54,54,Jun 2,,TEX,"L,4-7",38,35,4,8,1,0,1,4,3,0,10,0,0,0,0,0,2,0,0.263,0.331,0.417,0.749,7,11,R,D.Bush(44)
54,56,55,55,Jun 3,,TEX,"L,2-11",32,31,2,5,0,0,1,1,1,0,8,0,0,0,0,1,0,0,0.261,0.329,0.414,0.744,3,9,R,A.Ogando(75)
55,57,56,56,Jun 4,,TEX,"L,0-4",34,32,0,5,1,0,0,0,1,0,5,1,0,0,1,0,0,0,0.259,0.327,0.411,0.738,7,9,L,D.Holland(81)
56,58,57,57,Jun 5,,TEX,"L,0-2",31,28,0,3,1,0,0,0,2,0,9,1,0,0,0,2,0,0,0.257,0.325,0.407,0.732,4,10,L,C.Wilson(78)
57,59,58,58,Jun 6,,MIN,"L,4-6",36,34,4,9,1,0,2,3,1,0,7,1,0,0,1,2,0,0,0.257,0.325,0.408,0.733,5,10,R,S.Baker(50)
58,60,59,59,Jun 7,,MIN,"W,1-0",30,25,1,4,2,0,0,1,5,0,7,0,0,0,0,1,1,1,0.256,0.325,0.406,0.73,5,9,L,F.Liriano(63)
59,61,60,60,Jun 8,,MIN,"L,2-3",41,39,2,10,2,0,2,2,1,0,3,1,0,0,0,0,0,1,0.256,0.324,0.407,0.731,9,9,R,C.Pavano(61)
60,62,61,61,Jun 10,@,NYY,"L,7-11",44,36,7,9,1,0,1,7,8,0,8,0,0,0,0,0,0,0,0.256,0.325,0.406,0.731,10,10,R,I.Nova(64)
61,63,62,62,Jun 11,@,NYY,"L,0-4",33,32,0,5,1,0,0,0,1,0,11,0,0,0,0,0,0,0,0.254,0.323,0.403,0.726,6,9,R,B.Colon(75)
62,64,63,63,Jun 12,@,NYY,"L,1-9",40,36,1,8,3,0,0,1,4,0,8,0,0,0,1,0,5,0,0.254,0.323,0.401,0.724,12,9,R,F.Garcia(60)
63,65,64,64,Jun 13,@,NYY,"W,1-0",34,33,1,5,1,1,0,1,1,0,9,0,0,0,0,0,0,0,0.252,0.321,0.399,0.719,6,10,R,A.Burnett(72)
64,66,65,65,Jun 14,@,DET,"L,0-4",30,28,0,2,0,0,0,0,1,0,12,1,0,0,0,1,0,0,0.25,0.318,0.394,0.713,3,9,R,J.Verlander(94)
65,67,66,66,Jun 15,@,DET,"W,6-4",41,35,6,13,1,0,0,6,3,0,5,0,2,1,0,2,0,0,0.252,0.32,0.395,0.714,8,9,R,B.Penny(26)
66,68,67,67,Jun 16,@,DET,"L,2-6",38,33,2,5,2,2,0,1,3,0,8,2,0,0,1,0,1,0,0.25,0.319,0.394,0.713,9,9,R,M.Scherzer(55)
67,69,68,68,Jun 17,,PIT,"W,5-1",36,31,5,8,2,0,1,4,4,1,5,0,0,1,1,0,0,0,0.251,0.319,0.394,0.713,7,11,R,K.Correia(54)
68,70,69,69,Jun 18,,PIT,"W,5-1",36,31,5,9,1,1,1,5,2,0,5,1,0,2,0,0,3,0,0.251,0.319,0.395,0.715,7,9,L,P.Maholm(44)
69,71,70,70,Jun 19,,PIT,"W,5-2",43,38,5,9,3,0,2,4,4,2,7,1,0,0,0,1,1,1,0.251,0.319,0.396,0.716,7,9,R,J.Karstens(63)
70,72,71,71,Jun 20,,COL,"L,7-8",38,36,7,12,0,0,2,7,2,0,9,0,0,0,0,2,1,0,0.252,0.32,0.398,0.718,4,10,R,J.Nicasio(30)
71,73,72,72,Jun 21,,COL,"L,3-4",40,33,3,7,0,2,0,3,7,0,8,0,0,0,0,0,1,0,0.252,0.321,0.397,0.718,10,12,R,J.Chacin(67)
72,74,73,73,Jun 22,,COL,"W,4-3",35,29,4,6,3,0,1,3,6,0,8,0,0,0,0,0,1,1,0.251,0.321,0.397,0.718,7,10,R,J.Hammel(45)
73,75,74,74,Jun 24,@,SFG,"L,3-4",36,28,3,2,1,0,0,3,7,0,9,1,0,0,0,0,0,0,0.249,0.32,0.394,0.714,6,13,L,J.Sanchez(48)
74,76,75,75,Jun 25,@,SFG,"L,0-1",35,31,0,5,1,0,0,0,2,1,6,1,1,0,0,0,0,0,0.248,0.319,0.392,0.711,8,14,R,M.Cain(74)
75,77,76,76,Jun 26,@,SFG,"L,1-3",33,32,1,6,2,0,0,1,1,0,16,0,0,0,0,0,0,1,0.247,0.318,0.39,0.708,5,12,L,M.Bumgarner(71)
76,78,77,77,Jun 27,@,ARI,"W,5-4",37,35,5,9,2,0,2,5,1,0,9,0,1,0,0,0,0,0,0.247,0.318,0.391,0.709,5,17,R,I.Kennedy(57)
77,79,78,78,Jun 28,@,ARI,"L,4-6",34,32,4,8,4,0,1,3,2,0,7,0,0,0,0,3,1,0,0.247,0.317,0.392,0.709,3,14,R,D.Hudson(66)
78,80,79,79,Jun 29,@,ARI,"W,6-2",48,39,6,15,5,0,0,6,6,1,9,1,2,0,0,0,0,1,0.249,0.32,0.394,0.714,15,14,L,Z.Duke(35)
79,82,80,80,Jul 1,@,CIN,"W,8-2",39,39,8,12,1,0,3,8,0,0,8,0,0,0,0,0,0,0,0.25,0.32,0.396,0.716,4,12,R,B.Arroyo(16)
80,83,81,81,Jul 2,@,CIN,"W,3-1",36,35,3,8,1,0,1,3,1,0,10,0,0,0,0,0,0,0,0.25,0.319,0.396,0.714,6,18,R,H.Bailey(57)
81,84,82,82,Jul 3,@,CIN,"L,5-7",35,33,5,7,1,0,1,5,2,0,10,0,0,0,0,1,1,0,0.249,0.318,0.395,0.713,3,14,R,M.Leake(54)
82,85,83,83,Jul 4,,NYY,"W,6-3",33,29,6,6,1,0,2,6,4,0,7,0,0,0,0,0,0,0,0.249,0.318,0.395,0.713,3,11,R,A.Burnett(55)
83,86,84,84,Jul 5,,NYY,"L,2-9",38,32,2,7,2,0,0,2,4,0,12,0,0,2,0,0,0,0,0.249,0.318,0.394,0.712,9,10,L,C.Sabathia(76)
84,87,85,85,Jul 6,,NYY,"W,5-3",42,32,5,10,0,0,1,4,5,0,3,3,1,1,0,0,1,0,0.249,0.319,0.394,0.713,13,11,R,P.Hughes(47)
85,88,86,86,Jul 7,,TOR,"W,5-4",39,33,5,10,1,1,1,5,5,0,9,1,0,0,0,2,1,0,0.25,0.32,0.395,0.716,9,10,R,C.Villanueva(65)
86,89,87,87,Jul 8,,TOR,"L,7-11",47,43,7,15,3,0,0,6,3,0,4,0,1,0,2,0,0,0,0.251,0.321,0.396,0.717,13,11,L,J.Reyes(44)
87,90,88,88,Jul 9,,TOR,"L,4-5",37,34,4,5,1,0,1,4,2,0,8,0,0,1,0,0,0,0,0.25,0.32,0.394,0.714,3,10,R,B.Morrow(70)
88,91,89,89,Jul 10,,TOR,"L,1-7",41,35,1,9,1,0,0,1,6,0,9,0,0,0,0,1,0,0,0.25,0.32,0.393,0.713,13,9,L,B.Cecil(57)
89,92,90,90,Jul 14,@,BAL,"W,8-4",42,36,8,11,2,0,2,8,4,1,8,1,0,1,0,1,1,0,0.251,0.321,0.394,0.716,7,12,R,J.Guthrie(31)
90,93,91,91,Jul 15,@,BAL,"W,6-5",41,37,6,12,3,0,2,6,4,0,9,0,0,0,0,1,0,1,0.252,0.322,0.397,0.718,8,11,R,J.Arrieta(32)
91,94,92,92,Jul 16,@,BAL,"L,5-6",34,30,5,4,2,0,0,5,4,0,9,0,0,0,0,1,0,0,0.251,0.321,0.395,0.716,2,11,R,A.Simon(67)
92,95,93,93,Jul 17,@,BAL,"L,3-8",41,35,3,10,2,0,2,3,4,1,5,1,1,0,0,1,0,0,0.251,0.322,0.396,0.718,11,10,R,M.Atkins(36)
93,96,94,94,Jul 18 (1),@,MIN,"W,5-2",36,35,5,7,0,0,2,5,1,0,6,0,0,0,1,0,1,0,0.251,0.321,0.396,0.716,4,11,R,A.Swarzak(50)
94,97,95,95,Jul 18 (2),@,MIN,"W,6-3",41,37,6,11,2,1,1,6,3,1,3,0,1,0,1,0,1,1,0.251,0.321,0.397,0.718,8,10,L,S.Diamond(44)
95,98,96,96,Jul 19,@,MIN,"L,1-2",36,30,1,5,0,0,0,1,4,0,9,1,0,1,0,0,0,1,0.25,0.321,0.395,0.715,8,10,L,F.Liriano(61)
96,99,97,97,Jul 20,@,MIN,"L,5-7",36,32,5,8,2,0,1,3,2,0,7,0,1,1,1,0,0,2,0.25,0.32,0.395,0.715,4,9,R,N.Blackburn(59)
97,100,98,98,Jul 22,,CHW,"L,0-3",32,31,0,5,1,0,0,0,0,0,7,1,0,0,0,1,0,0,0.249,0.319,0.393,0.712,5,12,R,G.Floyd(76)
98,101,99,99,Jul 24,,CHW,"L,2-4",34,29,2,5,1,0,0,2,4,0,7,0,1,0,0,1,0,0,0.249,0.319,0.391,0.71,5,9,R,E.Jackson(54)
99,102,100,100,Jul 25,,LAA,"W,3-2",35,31,3,6,2,0,0,3,3,0,11,1,0,0,0,0,1,1,0.248,0.318,0.39,0.708,6,13,R,D.Haren(77)
100,103,101,101,Jul 26,,LAA,"L,1-2",35,31,1,7,1,0,1,1,3,0,6,0,1,0,0,3,0,0,0.248,0.318,0.39,0.708,7,11,R,J.Weaver(66)
101,104,102,102,Jul 27,,LAA,"L,1-3",29,28,1,0,0,0,0,0,1,0,10,0,0,0,1,0,1,0,0.246,0.316,0.386,0.702,1,10,R,E.Santana(94)
102,105,103,103,Jul 29,,KCR,"L,0-12",33,31,0,5,2,0,0,0,2,0,7,0,0,0,0,1,0,0,0.245,0.315,0.385,0.7,6,10,L,J.Francis(79)
103,106,104,104,Jul 30,,KCR,"W,5-2",35,29,5,7,3,0,1,5,4,0,4,1,0,1,0,1,1,1,0.245,0.315,0.386,0.701,4,10,R,F.Paulino(66)
104,107,105,105,Jul 31,,KCR,"L,3-5",40,34,3,10,3,1,1,3,6,0,12,0,0,0,0,1,0,2,0.246,0.316,0.387,0.703,10,13,L,D.Duffy(46)
105,109,106,106,Aug 1,@,BOS,"W,9-6",40,39,9,13,3,0,4,9,1,0,7,0,0,0,0,0,0,1,0.247,0.317,0.391,0.707,4,10,R,J.Lackey(43)
106,110,107,107,Aug 2,@,BOS,"L,2-3",34,34,2,7,2,0,2,2,0,0,11,0,0,0,0,0,1,0,0.246,0.316,0.391,0.707,5,9,R,J.Beckett(59)
107,111,108,108,Aug 3,@,BOS,"L,3-4",36,32,3,5,3,0,1,3,3,0,9,0,1,0,1,0,1,0,0.246,0.315,0.391,0.706,6,9,R,T.Wakefield(56)
108,112,109,109,Aug 4,@,BOS,"W,7-3",43,40,7,14,4,0,1,7,2,0,11,1,0,0,0,0,3,0,0.247,0.316,0.392,0.708,9,11,L,E.Bedard(46)
109,113,110,110,Aug 5,@,TEX,"L,7-8",46,40,7,11,1,0,2,7,4,0,8,2,0,0,1,2,1,3,0.247,0.316,0.393,0.709,6,10,L,D.Holland(25)
110,114,111,111,Aug 6,@,TEX,"W,7-5",40,36,7,10,4,0,1,5,3,0,10,0,1,0,1,0,0,0,0.247,0.316,0.394,0.71,6,10,L,C.Wilson(61)
111,115,112,112,Aug 7,@,TEX,"L,3-5",34,31,3,5,0,1,1,3,2,0,5,0,0,1,0,0,1,0,0.247,0.316,0.393,0.709,4,10,R,C.Lewis(58)
112,116,113,113,Aug 9,,DET,"W,3-2",51,43,3,7,2,0,0,3,5,2,13,1,1,1,0,1,0,1,0.246,0.315,0.391,0.706,8,11,R,D.Fister(40)
113,117,114,114,Aug 10,,DET,"W,10-3",42,41,10,18,7,0,1,8,0,0,5,1,0,0,0,0,0,0,0.248,0.316,0.394,0.71,8,12,R,R.Porcello(10)
114,118,115,115,Aug 11,,DET,"L,3-4",33,30,3,3,1,0,1,3,3,0,13,0,0,0,0,0,1,0,0.247,0.315,0.393,0.708,3,9,R,J.Verlander(66)
115,119,116,116,Aug 12,,MIN,"W,3-2",36,35,3,12,2,0,0,2,1,1,5,0,0,0,1,2,0,0,0.247,0.316,0.393,0.708,9,12,R,C.Pavano(56)
116,120,117,117,Aug 13,,MIN,"W,3-1",35,32,3,10,0,1,1,3,2,1,11,0,1,0,1,1,1,1,0.248,0.316,0.393,0.709,8,10,L,B.Duensing(51)
117,121,118,118,Aug 16,@,CHW,"L,7-8",60,49,7,10,1,0,1,7,8,0,19,1,0,2,0,1,0,0,0.247,0.316,0.392,0.708,11,12,R,G.Floyd(47)
118,122,119,119,Aug 17,@,CHW,"W,4-1",39,35,4,12,2,0,0,4,3,0,8,0,0,1,0,2,0,1,0.248,0.317,0.392,0.709,8,9,L,M.Buehrle(39)
119,123,120,120,Aug 18,@,CHW,"W,4-2",42,36,4,9,2,1,1,4,4,1,13,2,0,0,0,0,1,0,0.248,0.317,0.393,0.71,11,10,R,P.Humber(51)
120,124,121,121,Aug 19,@,DET,"L,1-4",33,32,1,5,1,0,0,0,1,0,7,0,0,0,0,0,1,0,0.247,0.316,0.391,0.707,5,9,R,M.Scherzer(68)
121,125,122,122,Aug 20,@,DET,"L,1-10",37,35,1,7,0,0,1,1,1,0,8,1,0,0,1,0,0,0,0.247,0.315,0.39,0.705,9,10,R,D.Fister(67)
122,126,123,123,Aug 21,@,DET,"L,7-8",45,37,7,13,2,0,1,6,6,0,4,1,1,0,0,0,2,0,0.248,0.317,0.391,0.708,11,12,R,R.Porcello(28)
123,127,124,124,Aug 22,,SEA,"L,2-3",36,35,2,9,1,0,0,2,0,0,2,1,0,0,2,2,1,0,0.248,0.316,0.39,0.706,7,10,L,J.Vargas(61)
124,128,125,125,Aug 23 (1),,SEA,"W,7-5",39,34,7,12,7,0,1,7,4,0,4,0,0,1,0,0,1,0,0.249,0.317,0.392,0.709,8,9,R,B.Beavan(47)
125,129,126,126,Aug 23 (2),,SEA,"L,7-12",45,39,7,13,2,1,2,7,5,0,6,1,0,0,0,0,0,1,0.25,0.318,0.394,0.712,11,9,L,A.Vasquez(28)
126,130,127,127,Aug 24,,SEA,"L,2-9",40,38,2,10,1,0,0,2,2,0,16,0,0,0,1,0,1,0,0.25,0.318,0.393,0.711,11,10,R,F.Hernandez(58)
127,131,128,128,Aug 26,,KCR,"W,2-1",34,27,2,7,1,0,0,2,6,1,7,0,1,0,0,2,0,0,0.25,0.319,0.392,0.711,8,10,R,F.Paulino(56)
128,132,129,129,Aug 27,,KCR,"W,8-7",39,35,8,13,2,1,2,8,4,0,11,0,0,0,0,2,1,0,0.251,0.319,0.395,0.714,7,12,L,D.Duffy(45)
129,133,130,130,Aug 28,,KCR,"L,1-2",33,31,1,5,0,0,0,1,2,0,5,0,0,0,1,1,0,1,0.25,0.319,0.393,0.712,5,12,L,B.Chen(66)
130,134,131,131,Aug 29,,OAK,"W,2-1",28,27,2,5,1,0,1,2,1,0,10,0,0,0,0,1,0,1,0.25,0.318,0.393,0.711,2,11,R,B.McCarthy(73)
131,135,132,132,Aug 30,,OAK,"W,6-2",35,32,6,10,2,0,2,6,2,0,3,1,0,0,0,1,0,1,0.25,0.319,0.394,0.712,5,10,R,T.Cahill(34)
132,136,133,133,Aug 31,,OAK,"W,4-3",60,55,4,11,2,1,2,4,3,0,19,0,1,1,0,0,0,0,0.25,0.318,0.394,0.711,10,10,R,R.Harden(52)
133,138,134,134,Sep 1,,OAK,"L,0-7",37,33,0,5,0,0,0,0,4,0,10,0,0,0,1,0,0,0,0.249,0.317,0.392,0.709,10,10,L,G.Gonzalez(72)
134,139,135,135,Sep 2,@,KCR,"W,5-4",38,36,5,9,2,0,2,5,1,0,5,1,0,0,0,0,0,0,0.249,0.317,0.393,0.709,6,11,L,B.Chen(38)
135,140,136,136,Sep 3,@,KCR,"L,1-5",32,30,1,3,2,0,0,1,1,0,9,0,0,1,2,0,1,1,0.248,0.316,0.391,0.707,4,9,R,L.Hochevar(81)
136,141,137,137,Sep 4,@,KCR,"W,9-6",46,39,9,13,5,0,2,9,6,0,2,1,0,0,0,0,2,0,0.249,0.317,0.393,0.71,10,10,L,J.Francis(30)
137,142,138,138,Sep 5,,DET,"L,2-4",34,32,2,4,0,0,1,2,1,0,13,1,0,0,1,0,0,0,0.248,0.316,0.392,0.707,5,9,R,D.Fister(80)
138,143,139,139,Sep 6,,DET,"L,1-10",34,31,1,4,0,0,1,1,3,0,8,0,0,0,0,0,0,0,0.247,0.315,0.391,0.706,6,13,R,R.Porcello(63)
139,144,140,140,Sep 7,,DET,"L,6-8",34,32,6,6,1,0,3,6,2,0,11,0,0,0,0,1,1,0,0.247,0.315,0.391,0.706,1,9,R,J.Verlander(56)
140,145,141,141,Sep 8,@,CHW,"L,1-8",33,31,1,7,1,0,0,1,2,0,10,0,0,0,0,1,1,0,0.247,0.314,0.391,0.705,5,10,R,G.Floyd(57)
141,146,142,142,Sep 9,@,CHW,"W,8-4",41,37,8,11,2,0,2,8,4,0,10,0,0,0,0,1,2,0,0.247,0.315,0.391,0.706,6,9,L,M.Buehrle(27)
142,147,143,143,Sep 10,@,CHW,"L,3-7",37,36,3,8,2,0,1,3,1,0,15,0,0,0,0,0,0,1,0.247,0.314,0.391,0.705,4,9,R,P.Humber(57)
143,148,144,144,Sep 11,@,CHW,"W,7-3",43,39,7,14,2,0,1,7,4,2,6,0,0,0,0,1,1,0,0.248,0.315,0.392,0.707,9,10,R,Z.Stewart(43)
144,149,145,145,Sep 13,@,TEX,"L,4-10",38,36,4,9,3,0,2,3,1,0,7,1,0,0,0,0,0,0,0.248,0.315,0.393,0.708,7,10,L,M.Harrison(44)
145,150,146,146,Sep 14,@,TEX,"L,1-9",35,32,1,6,1,0,1,1,3,0,10,0,0,0,0,1,0,0,0.247,0.314,0.392,0.707,7,10,L,D.Holland(64)
146,151,147,147,Sep 15,@,TEX,"L,4-7",38,35,4,10,4,0,0,4,3,0,6,0,0,0,0,2,0,0,0.248,0.315,0.392,0.707,7,10,R,A.Ogando(70)
147,152,148,148,Sep 16,@,MIN,"W,7-6",41,35,7,10,1,0,2,6,4,1,4,2,0,0,0,1,1,0,0.248,0.315,0.393,0.708,7,10,R,K.Slowey(30)
148,153,149,149,Sep 17,@,MIN,"W,10-4",45,41,10,14,2,2,1,10,4,0,7,0,0,0,0,0,0,0,0.249,0.316,0.394,0.71,8,9,R,A.Swarzak(12)
149,154,150,150,Sep 18,@,MIN,"W,6-5",41,37,6,8,1,0,1,6,4,0,10,0,0,0,2,0,2,0,0.248,0.316,0.394,0.71,8,12,R,C.Pavano(59)
150,155,151,151,Sep 19,,SEA,"L,6-12",31,30,6,11,2,0,2,6,1,0,11,0,0,0,0,1,0,1,0.249,0.316,0.395,0.711,4,10,L,C.Furbush(30)
151,156,152,152,Sep 20 (1),,CHW,"W,4-3",31,31,4,7,1,0,3,4,0,0,7,0,0,0,0,0,2,0,0.249,0.316,0.396,0.712,3,12,R,G.Floyd(51)
152,157,153,153,Sep 20 (2),,CHW,"L,4-5",39,31,4,9,1,0,0,4,6,1,7,0,0,2,0,3,1,0,0.249,0.316,0.396,0.712,8,13,R,D.Axelrod(33)
153,158,154,154,Sep 21,,CHW,"L,4-8",36,32,4,8,2,0,1,4,3,0,4,0,0,1,0,1,0,1,0.249,0.316,0.396,0.712,5,11,L,M.Buehrle(56)
154,159,155,155,Sep 22,,CHW,"W,11-2",40,35,11,12,2,0,3,11,4,0,7,1,0,0,0,1,1,0,0.25,0.317,0.397,0.714,5,11,R,P.Humber(30)
155,160,156,156,Sep 23,,MIN,"W,6-5",36,33,6,11,3,0,2,6,1,0,4,1,1,0,0,1,0,0,0.25,0.317,0.399,0.716,6,11,R,C.Pavano(35)
156,161,157,157,Sep 24 (1),,MIN,"W,8-2",36,31,8,9,2,0,0,8,3,0,7,1,0,1,0,1,0,0,0.251,0.317,0.399,0.716,4,10,L,B.Duensing(56)
157,162,158,158,Sep 24 (2),,MIN,"W,7-6",38,34,7,11,3,0,0,7,4,1,5,0,0,0,0,0,0,0,0.251,0.318,0.399,0.716,7,10,L,S.Diamond(39)
158,163,159,159,Sep 25,,MIN,"L,4-6",40,35,4,9,0,0,1,4,5,0,5,0,0,0,0,4,0,0,0.251,0.318,0.398,0.716,6,11,R,L.Hendriks(44)
159,164,160,160,Sep 26,@,DET,"L,0-14",31,31,0,4,0,0,0,0,0,0,9,0,0,0,0,0,0,0,0.25,0.317,0.397,0.714,4,13,R,D.Fister(85)
160,165,161,161,Sep 27,@,DET,"L,6-9",42,39,6,12,4,0,0,5,3,0,13,0,0,0,1,0,0,0,0.251,0.317,0.397,0.714,9,10,R,M.Scherzer(44)
161,166,162,162,Sep 28,@,DET,"L,4-5",39,33,4,7,2,1,0,4,4,0,7,1,0,1,1,1,1,0,0.25,0.317,0.396,0.714,8,11,R,R.Porcello(52)
