,index,Rk,Gtm,Date,Unnamed: 3,Opp,Rslt,PA,AB,R,H,2B,3B,HR,RBI,BB,IBB,SO,HBP,SH,SF,ROE,GDP,SB,CS,BA,OBP,SLG,OPS,LOB,#,Thr,Opp. Starter (GmeSc)
0,0,1,1,Apr 8,,MIA,"W,6-5",40,33,6,6,1,0,3,5,7,1,7,0,0,0,1,0,1,1,0.182,0.325,0.485,0.81,6,11,R,S.Alcantara(50)
1,1,2,2,Apr 9,,MIA,"L,1-2",33,31,1,5,2,0,0,1,2,0,14,0,0,0,0,1,0,0,0.172,0.274,0.359,0.633,5,10,R,P.López(62)
2,2,3,3,Apr 10,,MIA,"W,3-2",31,29,3,6,2,0,0,3,1,0,5,0,0,1,1,1,0,0,0.183,0.26,0.333,0.593,4,10,L,T.Rogers(47)
3,3,4,4,Apr 11,,SDP,"L,2-4",40,34,2,10,2,0,0,1,4,0,11,1,0,1,0,2,0,0,0.213,0.292,0.339,0.63,11,11,R,N.Martinez(58)
4,4,5,5,Apr 12,,SDP,"W,13-2",43,37,13,15,2,0,3,12,4,0,11,1,0,1,0,1,2,0,0.256,0.332,0.421,0.752,6,12,R,Y.Darvish(3)
5,5,6,6,Apr 13,,SDP,"W,2-1",29,27,2,4,2,0,0,2,2,0,11,0,0,0,0,1,0,0,0.241,0.315,0.393,0.707,3,10,L,S.Manaea(60)
6,6,7,7,Apr 15,@,CLE,"W,4-1",41,36,4,8,2,0,3,4,4,0,9,1,0,0,1,0,0,0,0.238,0.315,0.414,0.729,10,10,R,Z.Plesac(49)
7,7,8,8,Apr 16,@,CLE,"W,4-2",38,33,4,5,1,0,0,3,5,0,9,0,0,0,0,0,2,0,0.227,0.308,0.385,0.693,7,11,R,C.Quantrill(51)
8,8,9,9,Apr 17,@,CLE,"W,8-1",39,37,8,11,4,0,2,7,2,0,9,0,0,0,0,1,2,0,0.236,0.311,0.407,0.719,4,11,R,A.Civale(44)
9,9,10,10,Apr 19 (1),@,NYM,"L,4-5",42,38,4,9,1,0,1,4,4,0,7,0,0,0,0,1,1,1,0.236,0.311,0.4,0.711,9,11,R,T.Megill(44)
10,10,11,11,Apr 19 (2),@,NYM,"L,1-3",32,29,1,2,0,0,0,1,3,0,11,0,0,0,0,0,0,0,0.223,0.299,0.374,0.673,4,9,R,M.Scherzer(78)
11,11,12,12,Apr 20,@,NYM,"W,5-2",37,34,5,8,1,0,1,5,3,0,10,0,0,0,0,0,1,0,0.224,0.299,0.372,0.671,5,10,R,C.Bassitt(41)
12,12,13,13,Apr 21,@,NYM,"L,2-6",32,31,2,4,0,0,1,2,0,0,9,1,0,0,1,1,0,0,0.217,0.289,0.361,0.651,3,10,R,C.Carrasco(70)
13,13,14,14,Apr 22,@,WSN,"W,7-1",42,37,7,12,2,0,1,6,5,0,9,0,0,0,0,0,0,0,0.225,0.299,0.369,0.668,8,10,L,P.Corbin(14)
14,14,15,15,Apr 23,@,WSN,"W,5-2",38,34,5,10,1,0,0,5,2,0,5,1,0,1,0,1,1,1,0.23,0.302,0.366,0.668,6,11,R,A.Sanchez(35)
15,15,16,16,Apr 24,@,WSN,"W,12-3",48,40,12,15,2,1,2,12,4,0,7,2,0,2,0,0,0,0,0.241,0.312,0.385,0.698,9,11,R,J.Adon(32)
16,16,17,17,Apr 25,@,MIL,"W,4-2",36,31,4,6,2,0,2,4,4,1,14,1,0,0,0,1,0,1,0.238,0.312,0.389,0.701,5,11,R,C.Burnes(79)
17,17,18,18,Apr 26,,OAK,"W,8-2",35,31,8,7,1,0,2,8,3,0,6,1,0,0,1,1,0,0,0.238,0.312,0.392,0.704,3,11,R,D.Jefferies(35)
18,18,19,19,Apr 27,,OAK,"L,0-1",32,29,0,3,1,0,0,0,3,0,7,0,0,0,2,2,1,0,0.231,0.306,0.38,0.687,5,10,R,P.Blackburn(64)
19,19,20,20,Apr 29,,WSN,"L,4-14",39,36,4,11,0,0,2,4,2,0,10,0,0,1,0,1,0,0,0.235,0.308,0.385,0.693,8,12,R,A.Sanchez(47)
20,20,21,21,Apr 30,,WSN,"W,9-3",42,34,9,11,1,0,1,7,5,0,7,2,0,1,2,1,2,0,0.24,0.314,0.388,0.702,9,11,R,J.Adon(40)
21,22,22,22,May 1,,WSN,"L,5-11",40,33,5,6,0,0,0,5,7,0,8,0,0,0,0,0,1,0,0.237,0.315,0.379,0.694,8,9,R,J.Gray(69)
22,23,23,23,May 3,@,LAD,"L,1-3",35,31,1,6,1,0,0,1,3,0,8,0,0,1,0,1,0,0,0.235,0.313,0.373,0.685,7,13,L,J.Urías(68)
23,24,24,24,May 4,@,LAD,"L,1-9",33,31,1,6,0,0,1,1,2,0,6,0,0,0,0,2,1,0,0.234,0.31,0.369,0.679,5,10,R,T.Gonsolin(61)
24,25,25,25,May 5,,STL,"L,1-7",38,34,1,10,1,0,0,1,4,0,5,0,0,0,0,2,0,0,0.236,0.312,0.367,0.68,10,9,R,M.Mikolas(51)
25,26,26,26,May 6,,STL,"L,2-3",34,32,2,7,1,0,0,2,2,0,9,0,0,0,0,1,0,1,0.235,0.311,0.363,0.674,5,11,R,J.Hicks(52)
26,27,27,27,May 7,,STL,"W,13-7",44,32,13,9,1,0,3,13,8,0,6,2,0,2,1,1,0,0,0.237,0.316,0.371,0.687,7,10,L,S.Matz(14)
27,28,28,28,May 8,,STL,"W,4-3",38,30,4,7,1,0,2,4,7,0,1,0,0,1,1,1,0,0,0.237,0.318,0.374,0.692,10,11,R,D.Hudson(38)
28,29,29,29,May 9,,COL,"W,8-5",39,31,8,11,0,1,1,7,5,0,3,0,0,3,0,2,2,0,0.241,0.321,0.379,0.7,7,11,L,A.Gomber(39)
29,30,30,30,May 10,,COL,"W,9-2",42,35,9,12,4,0,0,8,5,0,6,1,0,1,0,0,0,0,0.244,0.325,0.382,0.707,9,11,R,A.Senzatela(26)
30,31,31,31,May 11,,COL,"W,7-1",42,35,7,10,0,0,1,7,5,0,12,1,0,1,0,0,3,0,0.246,0.327,0.381,0.709,11,11,R,C.Kuhl(35)
31,32,32,32,May 13,@,STL,"W,8-2",43,34,8,8,2,0,1,8,7,0,8,2,0,0,0,2,0,0,0.246,0.329,0.381,0.711,8,13,R,J.Hicks(50)
32,33,33,33,May 14,@,STL,"L,0-4",37,33,0,8,2,0,0,0,4,0,7,0,0,0,0,1,0,1,0.245,0.329,0.379,0.708,10,12,R,D.Hudson(57)
33,34,34,34,May 15,@,STL,"L,6-15",37,33,6,7,1,0,3,6,4,0,6,0,0,0,0,1,0,0,0.244,0.328,0.383,0.712,4,13,R,A.Wainwright(61)
34,35,35,35,May 16,@,COL,"W,7-6",40,36,7,9,1,0,3,7,3,0,10,0,0,1,1,0,0,0,0.245,0.328,0.388,0.715,6,12,R,A.Senzatela(56)
35,36,36,36,May 17,@,COL,"W,10-7",49,42,10,14,6,1,1,9,7,0,10,0,0,0,1,0,0,0,0.248,0.331,0.395,0.726,12,11,R,C.Kuhl(20)
36,37,37,37,May 18,@,COL,"L,3-5",38,33,3,8,3,0,0,3,2,0,12,1,0,2,0,0,1,0,0.248,0.33,0.393,0.723,8,10,L,K.Freeland(52)
37,38,38,38,May 20,,SDP,"L,7-8",45,39,7,10,2,0,2,7,5,0,9,0,0,1,0,0,0,0,0.248,0.33,0.395,0.725,9,12,L,S.Manaea(49)
38,39,39,39,May 21,,SDP,"L,1-2",35,32,1,6,3,0,1,1,3,0,6,0,0,0,0,1,0,0,0.246,0.328,0.395,0.723,7,12,R,J.Musgrove(70)
39,40,40,40,May 22,,SDP,"L,1-10",33,29,1,4,1,0,0,1,3,0,9,0,0,1,0,1,0,0,0.244,0.326,0.39,0.716,5,11,L,M.Gore(66)
40,41,41,41,May 23,,NYM,"L,3-13",35,33,3,7,1,0,1,3,1,0,8,1,0,0,0,1,0,0,0.243,0.324,0.389,0.713,5,13,L,D.Peterson(63)
41,42,42,42,May 24,,NYM,"W,13-12",50,44,13,19,2,0,4,13,6,0,10,0,0,0,0,1,0,0,0.249,0.33,0.4,0.73,11,11,R,C.Bassitt(16)
42,43,43,43,May 25,,NYM,"W,9-3",35,30,9,8,4,0,4,9,5,0,10,0,0,0,0,1,0,1,0.249,0.331,0.408,0.739,2,9,L,T.Szapucki(3)
43,44,44,44,May 27,@,CIN,"L,1-5",35,31,1,6,0,0,0,1,3,0,3,1,0,0,0,1,0,0,0.248,0.33,0.404,0.733,7,11,R,G.Ashcraft(64)
44,45,45,45,May 28,@,CIN,"L,2-3",40,38,2,12,4,0,1,2,2,0,9,0,0,0,0,0,0,0,0.25,0.33,0.406,0.736,11,12,R,V.Gutiérrez(54)
45,46,46,46,May 29,@,CIN,"W,6-4",39,33,6,6,3,0,1,6,5,0,13,1,0,0,0,0,0,0,0.249,0.33,0.405,0.735,6,12,R,T.Mahle(77)
46,47,47,47,May 30,@,PHI,"W,5-4",39,35,5,6,0,0,3,5,2,0,7,2,0,0,0,0,0,1,0.247,0.328,0.406,0.734,5,11,R,K.Gibson(61)
47,48,48,48,May 31,@,PHI,"W,7-4",49,43,7,12,4,0,1,6,5,1,11,0,0,1,1,1,0,0,0.248,0.329,0.407,0.735,11,13,L,R.Suárez(47)
48,50,49,49,Jun 1,@,PHI,"L,5-6",33,32,5,5,3,0,1,5,0,0,8,1,0,0,0,0,0,0,0.246,0.326,0.405,0.732,1,11,R,A.Nola(47)
49,51,50,50,Jun 2,@,MIA,"L,0-3",32,29,0,3,1,0,0,0,3,0,11,0,0,0,0,1,0,0,0.243,0.324,0.401,0.725,5,10,R,S.Alcantara(77)
50,52,51,51,Jun 3,@,MIA,"W,15-6",48,41,15,14,4,0,5,15,6,0,13,1,0,0,0,0,0,0,0.246,0.327,0.41,0.737,6,11,L,R.Bleier(47)
51,53,52,52,Jun 4,@,MIA,"L,4-5",34,32,4,5,3,1,1,4,2,0,9,0,0,0,0,0,0,0,0.244,0.325,0.41,0.735,3,11,R,P.López(57)
52,54,53,53,Jun 5,@,MIA,"W,5-1",40,35,5,9,1,0,1,5,3,0,9,2,0,0,0,0,3,0,0.244,0.325,0.41,0.735,8,9,L,B.Garrett(38)
53,55,54,54,Jun 7,,COL,"L,3-5",37,32,3,5,0,0,1,3,4,0,11,1,0,0,0,0,0,0,0.243,0.324,0.407,0.731,7,11,R,G.Márquez(55)
54,56,55,55,Jun 8,,COL,"W,2-1",37,34,2,7,2,0,0,1,3,0,8,0,0,0,0,0,1,0,0.242,0.323,0.404,0.727,8,10,R,A.Senzatela(61)
55,57,56,56,Jun 9,,COL,"L,2-4",35,33,2,7,0,2,0,2,1,0,8,1,0,0,0,1,0,0,0.242,0.322,0.403,0.725,6,13,L,A.Gomber(58)
56,58,57,57,Jun 10,,LAD,"W,7-2",34,33,7,10,1,0,2,7,1,1,9,0,0,0,0,0,1,1,0.243,0.322,0.405,0.727,3,11,R,W.Buehler(48)
57,59,58,58,Jun 11,,LAD,"W,3-2",35,30,3,5,0,0,1,2,5,0,9,0,0,0,2,1,1,0,0.242,0.321,0.403,0.724,8,11,L,C.Kershaw(50)
58,60,59,59,Jun 12,,LAD,"W,2-0",31,29,2,5,2,0,2,2,2,0,11,0,0,0,0,0,0,0,0.241,0.32,0.403,0.724,5,11,L,J.Urías(68)
59,61,60,60,Jun 13,,KCR,"W,6-2",38,28,6,5,4,0,0,5,9,0,6,1,0,0,0,1,0,0,0.24,0.321,0.402,0.724,8,11,R,B.Singer(55)
60,62,61,61,Jun 14,,KCR,"W,4-2",33,26,4,5,1,0,0,4,4,0,9,1,0,2,0,1,0,0,0.239,0.321,0.4,0.721,5,12,L,K.Bubic(50)
61,63,62,62,Jun 15,,KCR,"L,2-3",38,33,2,7,1,0,1,2,3,0,8,1,0,1,0,0,1,0,0.239,0.321,0.399,0.72,9,11,R,J.Heasley(46)
62,64,63,63,Jun 17,@,PIT,"W,2-0",34,29,2,6,1,0,2,2,5,0,11,0,0,0,0,2,0,1,0.238,0.321,0.4,0.72,5,11,R,Z.Thompson(44)
63,65,64,64,Jun 18,@,PIT,"W,7-5",46,36,7,10,2,0,2,7,9,1,8,0,0,1,0,0,2,0,0.239,0.322,0.401,0.724,12,12,L,J.Quintana(49)
64,66,65,65,Jun 19,@,PIT,"L,3-4",37,29,3,4,0,1,1,3,5,0,9,3,0,0,1,2,0,0,0.238,0.322,0.4,0.723,7,12,R,M.Keller(61)
65,67,66,66,Jun 20,@,ATL,"L,1-2",35,33,1,8,0,0,0,1,2,0,12,0,0,0,0,1,0,0,0.238,0.322,0.398,0.72,7,13,L,M.Fried(69)
66,68,67,67,Jun 21,@,ATL,"W,12-10",44,37,12,14,3,0,2,12,4,1,10,1,0,2,0,0,0,0,0.24,0.324,0.402,0.725,5,11,R,S.Strider(28)
67,69,68,68,Jun 22,@,ATL,"L,3-4",36,35,3,6,0,0,2,3,0,0,14,1,0,0,2,0,2,0,0.239,0.322,0.401,0.723,6,10,R,C.Morton(74)
68,70,69,69,Jun 23,@,ATL,"L,6-7",41,37,6,14,1,0,2,6,2,0,9,2,0,0,0,4,0,0,0.241,0.324,0.403,0.727,8,11,R,K.Wright(35)
69,71,70,70,Jun 24,,CIN,"L,2-4",34,32,2,6,0,0,1,2,1,0,9,1,0,0,0,1,0,0,0.24,0.323,0.402,0.724,5,10,R,G.Ashcraft(70)
70,72,71,71,Jun 25,,CIN,"W,9-2",36,31,9,9,2,0,4,9,4,0,6,0,0,1,0,1,1,0,0.241,0.323,0.406,0.729,3,10,L,M.Minor(29)
71,73,72,72,Jun 26,,CIN,"L,3-10",34,32,3,5,1,0,1,3,2,0,9,0,0,0,0,0,0,0,0.24,0.322,0.404,0.726,4,11,R,T.Mahle(60)
72,74,73,73,Jun 28,,DET,"W,4-3",36,31,4,7,1,0,0,4,5,0,9,0,0,0,0,0,0,0,0.24,0.322,0.403,0.724,8,10,L,T.Skubal(45)
73,75,74,74,Jun 29,,DET,"L,2-3",38,33,2,7,2,0,1,2,5,0,7,0,0,0,0,1,0,0,0.239,0.322,0.402,0.724,9,13,R,R.García(57)
74,77,75,75,Jul 1,,CHW,"L,0-1",34,29,0,3,1,0,0,0,5,0,7,0,0,0,0,1,0,0,0.238,0.321,0.399,0.72,7,11,R,L.Lynn(69)
75,78,76,76,Jul 2,,CHW,"L,3-5",41,35,3,8,2,0,1,3,5,0,8,1,0,0,0,0,1,0,0.238,0.321,0.399,0.72,11,12,R,D.Cease(56)
76,79,77,77,Jul 3,,CHW,"L,4-13",36,34,4,7,5,0,0,4,2,0,11,0,0,0,0,0,0,0,0.237,0.32,0.398,0.718,5,10,R,L.Giolito(67)
77,80,78,78,Jul 4,@,ARI,"L,3-8",37,32,3,7,2,0,0,3,3,0,8,2,0,0,0,2,1,0,0.237,0.32,0.397,0.717,7,13,L,M.Bumgarner(46)
78,81,79,79,Jul 5,@,ARI,"L,2-6",36,29,2,6,1,0,0,2,5,1,10,0,1,1,0,1,0,0,0.237,0.32,0.395,0.715,7,12,L,T.Gilbert(50)
79,82,80,80,Jul 6,@,ARI,"W,7-5",39,32,7,6,3,0,1,7,5,1,8,1,0,1,0,0,1,0,0.236,0.32,0.395,0.715,5,13,R,M.Kelly(64)
80,83,81,81,Jul 7,@,SDP,"L,1-2",39,32,1,2,1,0,0,1,5,1,12,2,0,0,0,0,1,0,0.234,0.319,0.391,0.71,9,13,R,J.Musgrove(77)
81,84,82,82,Jul 8,@,SDP,"L,3-6",36,32,3,5,0,0,2,3,4,0,14,0,0,0,1,1,0,0,0.233,0.318,0.39,0.709,6,12,L,B.Snell(71)
82,85,83,83,Jul 9,@,SDP,"W,3-1",38,33,3,7,2,0,1,3,3,0,7,1,0,1,0,0,1,0,0.233,0.318,0.39,0.708,8,11,R,Y.Darvish(71)
83,86,84,84,Jul 10,@,SDP,"W,12-0",48,44,12,17,2,1,3,12,4,0,10,0,0,0,0,0,0,0,0.235,0.32,0.395,0.714,9,10,L,M.Gore(13)
84,87,85,85,Jul 11,,ARI,"L,3-4",38,34,3,8,3,0,0,3,4,0,5,0,0,0,0,1,1,0,0.235,0.32,0.394,0.713,8,13,R,M.Kelly(61)
85,88,86,86,Jul 12,,ARI,"W,13-0",41,38,13,14,3,1,4,12,3,0,10,0,0,0,0,0,0,0,0.237,0.321,0.399,0.72,4,11,L,D.Keuchel(14)
86,89,87,87,Jul 13,,ARI,"W,4-3",35,30,4,9,3,0,2,4,3,0,8,1,0,1,0,3,0,0,0.238,0.321,0.402,0.723,6,14,R,Z.Gallen(61)
87,90,88,88,Jul 14,,MIL,"L,2-3",37,33,2,4,1,0,0,1,3,0,13,1,0,0,0,1,2,0,0.236,0.32,0.399,0.719,6,13,R,C.Burnes(71)
88,91,89,89,Jul 15,,MIL,"W,8-5",42,35,8,11,0,1,3,8,5,0,5,2,0,0,0,1,1,0,0.237,0.321,0.401,0.723,9,12,R,B.Woodruff(50)
89,92,90,90,Jul 16,,MIL,"W,2-1",32,28,2,4,1,0,1,1,3,0,6,1,0,0,0,0,0,0,0.236,0.321,0.4,0.721,6,10,L,E.Lauer(70)
90,93,91,91,Jul 17,,MIL,"W,9-5",38,34,9,12,3,0,2,9,3,0,9,0,0,1,1,1,1,0,0.238,0.322,0.403,0.724,5,10,L,A.Ashby(41)
91,94,92,92,Jul 21,@,LAD,"L,6-9",40,33,6,6,1,0,2,6,6,1,7,1,0,0,0,0,0,0,0.237,0.322,0.403,0.724,7,13,R,M.White(64)
92,95,93,93,Jul 22,@,LAD,"L,1-5",37,34,1,7,1,0,0,1,3,0,7,0,0,0,0,0,0,0,0.237,0.321,0.401,0.722,9,13,L,T.Anderson(66)
93,96,94,94,Jul 23,@,LAD,"L,2-4",37,32,2,5,1,0,0,2,5,0,9,0,0,0,1,1,0,0,0.236,0.321,0.399,0.719,8,11,L,J.Urías(71)
94,97,95,95,Jul 24,@,LAD,"L,4-7",37,35,4,7,3,0,1,4,2,0,14,0,0,0,1,0,1,0,0.236,0.32,0.398,0.718,6,12,L,C.Kershaw(41)
95,98,96,96,Jul 25,@,ARI,"L,0-7",28,27,0,3,1,0,0,0,0,0,8,1,0,0,0,1,0,0,0.234,0.318,0.396,0.715,1,11,R,M.Kelly(83)
96,99,97,97,Jul 26,@,ARI,"L,3-7",37,34,3,7,1,0,1,3,2,0,9,1,0,0,0,0,0,0,0.234,0.318,0.395,0.713,7,12,L,T.Gilbert(47)
97,100,98,98,Jul 27,@,ARI,"L,3-5",37,34,3,7,3,0,0,2,3,0,7,0,0,0,0,0,1,0,0.234,0.317,0.394,0.712,7,12,R,Z.Gallen(59)
98,101,99,99,Jul 28,,CHC,"W,4-2",35,32,4,7,2,0,0,4,2,0,12,1,0,0,2,1,1,0,0.234,0.317,0.393,0.71,7,12,L,J.Steele(48)
99,102,100,100,Jul 29,,CHC,"L,2-4",42,39,2,13,5,0,1,2,3,0,6,0,0,0,0,0,0,0,0.235,0.318,0.395,0.713,13,12,R,M.Stroman(58)
100,103,101,101,Jul 30,,CHC,"W,5-4",36,31,5,7,1,0,2,5,4,0,10,1,0,0,0,0,0,0,0.235,0.318,0.396,0.714,7,11,L,D.Smyly(31)
101,104,102,102,Jul 31,,CHC,"W,4-0",39,32,4,9,2,0,0,4,3,0,11,4,0,0,0,1,1,0,0.235,0.319,0.395,0.714,11,10,R,A.Sampson(41)
102,106,103,103,Aug 1,,LAD,"L,2-8",35,32,2,5,0,0,1,2,2,0,8,1,0,0,0,0,0,0,0.235,0.318,0.394,0.712,6,12,L,A.Heaney(55)
103,107,104,104,Aug 2,,LAD,"L,5-9",37,33,5,7,1,0,1,4,4,0,8,0,0,0,0,1,0,0,0.234,0.318,0.393,0.711,5,10,L,T.Anderson(34)
104,108,105,105,Aug 3,,LAD,"L,0-3",37,34,0,8,1,0,0,0,1,0,8,2,0,0,0,0,0,0,0.234,0.318,0.392,0.71,10,13,L,J.Urías(64)
105,109,106,106,Aug 4,,LAD,"L,3-5",33,31,3,5,1,0,1,2,2,0,8,0,0,0,1,2,1,0,0.234,0.317,0.391,0.708,3,12,L,C.Kershaw(53)
106,110,107,107,Aug 6,@,OAK,"W,7-3",44,38,7,11,3,0,3,7,6,0,4,0,0,0,0,0,1,0,0.234,0.318,0.393,0.711,10,13,R,A.Oller(33)
107,111,108,108,Aug 7,@,OAK,"W,6-4",41,36,6,9,1,0,3,6,5,2,11,0,0,0,0,0,1,0,0.234,0.318,0.395,0.712,8,12,R,A.Martinez(51)
108,112,109,109,Aug 8,@,SDP,"W,1-0",36,33,1,7,0,0,0,1,2,0,15,0,0,1,0,0,0,0,0.234,0.317,0.393,0.71,8,9,L,B.Snell(59)
109,113,110,110,Aug 9,@,SDP,"L,4-7",40,34,4,9,1,0,1,4,3,0,6,2,0,1,0,1,0,0,0.235,0.318,0.393,0.71,9,13,R,J.Musgrove(65)
110,114,111,111,Aug 10,@,SDP,"L,7-13",43,35,7,11,2,0,1,4,5,0,4,2,0,1,0,2,0,0,0.235,0.319,0.393,0.712,9,11,L,S.Manaea(44)
111,115,112,112,Aug 12,,PIT,"W,5-3",37,28,5,7,2,0,1,5,6,1,4,1,1,1,0,0,0,0,0.235,0.319,0.394,0.713,8,11,R,B.Wilson(39)
112,116,113,113,Aug 13,,PIT,"W,2-0",35,29,2,5,3,0,1,2,5,0,12,1,0,0,0,0,1,0,0.235,0.319,0.394,0.713,9,11,R,T.Beede(45)
113,117,114,114,Aug 14,,PIT,"W,8-7",42,37,8,13,3,0,2,8,4,0,8,1,0,0,0,1,1,0,0.236,0.32,0.396,0.716,9,12,R,Z.Thompson(31)
114,118,115,115,Aug 15,,ARI,"W,6-1",36,33,6,9,4,0,1,6,3,0,10,0,0,0,0,0,0,0,0.236,0.32,0.396,0.717,6,10,L,M.Bumgarner(33)
115,119,116,116,Aug 16,,ARI,"W,2-1",34,32,2,7,4,1,1,2,2,0,10,0,0,0,0,1,0,0,0.236,0.32,0.397,0.717,6,11,R,M.Kelly(74)
116,120,117,117,Aug 17,,ARI,"L,2-3",37,34,2,8,1,0,2,2,3,0,9,0,0,0,0,1,0,0,0.236,0.32,0.398,0.717,8,12,R,Z.Davies(57)
117,121,118,118,Aug 18,,ARI,"L,0-5",30,30,0,4,1,0,0,0,0,0,12,0,0,0,1,2,0,0,0.235,0.318,0.396,0.714,3,9,R,Z.Gallen(82)
118,122,119,119,Aug 19,@,COL,"L,4-7",37,32,4,5,1,0,1,4,4,0,7,1,0,0,0,0,1,0,0.235,0.318,0.395,0.713,6,11,R,J.Ureña(57)
119,123,120,120,Aug 20,@,COL,"L,3-4",37,35,3,5,1,1,2,3,2,0,9,0,0,0,0,0,1,0,0.234,0.317,0.395,0.712,5,12,R,R.Feltner(67)
120,124,121,121,Aug 21,@,COL,"W,9-8",48,41,9,10,3,0,1,9,4,0,8,0,2,1,2,0,1,0,0.234,0.317,0.395,0.712,8,12,L,K.Freeland(39)
121,125,122,122,Aug 23,@,DET,"W,3-1",35,30,3,5,0,0,1,3,5,0,7,0,0,0,0,1,0,0,0.234,0.317,0.394,0.711,5,10,R,D.Hutchison(56)
122,126,123,123,Aug 24,@,DET,"L,1-6",38,35,1,8,1,0,0,1,2,0,13,1,0,0,0,0,1,0,0.234,0.316,0.393,0.709,10,12,R,M.Manning(70)
123,127,124,124,Aug 26,@,MIN,"L,0-9",32,28,0,4,1,0,0,0,3,0,9,1,0,0,0,3,0,0,0.233,0.316,0.391,0.707,5,9,R,J.Ryan(73)
124,128,125,125,Aug 27,@,MIN,"L,2-3",38,31,2,4,1,0,0,2,4,0,12,1,0,2,0,0,0,0,0.232,0.315,0.39,0.705,7,10,R,S.Gray(61)
125,129,126,126,Aug 28,@,MIN,"L,3-8",40,36,3,10,4,0,0,3,3,0,7,1,0,0,0,0,0,1,0.233,0.316,0.39,0.705,10,10,R,A.Sanchez(42)
126,130,127,127,Aug 29,,SDP,"L,5-6",39,36,5,11,0,0,1,5,3,0,7,0,0,0,0,2,0,0,0.233,0.316,0.39,0.706,7,12,R,M.Clevinger(51)
127,131,128,128,Aug 30,,SDP,"L,3-4",40,34,3,7,1,0,1,3,5,0,11,1,0,0,0,0,0,1,0.233,0.316,0.389,0.705,10,11,L,B.Snell(69)
128,132,129,129,Aug 31,,SDP,"L,4-5",36,32,4,6,2,0,0,4,2,0,14,2,0,0,0,1,0,0,0.233,0.316,0.388,0.704,5,12,R,J.Musgrove(65)
129,134,130,130,Sep 2,,PHI,"W,13-1",46,34,13,11,2,1,1,12,10,0,9,1,0,1,0,0,0,0,0.233,0.317,0.389,0.706,9,13,R,K.Gibson(15)
130,135,131,131,Sep 3,,PHI,"W,5-4",40,35,5,11,4,0,0,4,5,0,10,0,0,0,1,1,0,0,0.234,0.318,0.389,0.707,11,16,R,N.Syndergaard(37)
131,136,132,132,Sep 4,,PHI,"W,5-3",38,33,5,8,1,0,1,5,5,0,12,0,0,0,0,0,0,0,0.234,0.318,0.389,0.707,7,14,L,R.Suárez(44)
132,137,133,133,Sep 5,@,LAD,"W,7-4",40,36,7,9,1,0,5,7,3,0,11,1,0,0,0,0,1,0,0.234,0.318,0.392,0.71,6,10,L,A.Heaney(39)
133,138,134,134,Sep 6,@,LAD,"L,3-6",35,35,3,8,0,0,2,3,0,0,5,0,0,0,0,0,0,0,0.234,0.318,0.392,0.709,5,12,L,T.Anderson(52)
134,139,135,135,Sep 7,@,LAD,"L,3-7",37,33,3,8,0,0,2,3,3,0,12,0,1,0,0,1,0,0,0.234,0.317,0.392,0.71,7,11,L,C.Kershaw(62)
135,140,136,136,Sep 8 (1),@,MIL,"L,1-2",30,29,1,3,1,0,0,1,0,0,14,1,0,0,0,1,0,0,0.233,0.316,0.39,0.707,2,9,R,C.Burnes(86)
136,141,137,137,Sep 8 (2),@,MIL,"L,2-4",35,31,2,4,0,1,1,2,4,0,13,0,0,0,0,0,0,0,0.233,0.316,0.39,0.706,6,13,R,F.Peralta(57)
137,142,138,138,Sep 9,@,CHC,"L,2-4",36,31,2,3,2,0,0,2,4,0,10,1,0,0,1,0,0,0,0.232,0.315,0.388,0.703,7,11,L,D.Smyly(79)
138,143,139,139,Sep 10,@,CHC,"W,5-2",38,36,5,11,3,0,2,4,2,0,9,0,0,0,0,1,0,0,0.232,0.315,0.389,0.705,6,11,R,M.Stroman(35)
139,144,140,140,Sep 11,@,CHC,"W,4-2",36,34,4,8,1,0,2,4,2,0,9,0,0,0,0,0,2,1,0.232,0.315,0.39,0.705,5,9,L,W.Miley(59)
140,145,141,141,Sep 12,,ATL,"W,3-2",34,33,3,10,1,0,0,2,1,0,14,0,0,0,0,0,0,1,0.233,0.315,0.389,0.705,7,11,R,S.Strider(47)
141,146,142,142,Sep 13,,ATL,"L,1-5",34,29,1,4,1,0,0,1,5,0,9,0,0,0,0,2,0,0,0.232,0.315,0.388,0.703,6,12,R,K.Wright(59)
142,147,143,143,Sep 14,,ATL,"W,4-1",34,29,4,5,2,0,0,4,3,0,10,2,0,0,0,0,0,0,0.232,0.315,0.387,0.702,6,11,R,C.Morton(49)
143,148,144,144,Sep 16,,LAD,"L,0-5",29,28,0,2,0,0,0,0,1,0,9,0,0,0,0,1,0,0,0.231,0.314,0.385,0.699,2,11,R,D.May(70)
144,149,145,145,Sep 17,,LAD,"L,2-7",36,33,2,5,0,0,1,2,2,0,13,1,0,0,0,0,1,0,0.23,0.313,0.384,0.697,7,11,L,J.Urías(63)
145,150,146,146,Sep 18,,LAD,"L,3-4",42,36,3,6,3,0,0,2,6,1,17,0,0,0,1,0,0,1,0.23,0.313,0.383,0.696,10,13,L,A.Heaney(65)
146,151,147,147,Sep 19,@,COL,"W,10-7",48,43,10,15,3,0,2,10,3,0,11,1,0,1,1,1,0,1,0.231,0.313,0.385,0.698,9,14,R,C.Kuhl(33)
147,152,148,148,Sep 20,@,COL,"W,6-3",39,35,6,9,4,0,1,6,2,0,9,2,0,0,1,2,0,0,0.231,0.314,0.385,0.699,6,9,L,K.Freeland(55)
148,153,149,149,Sep 21,@,COL,"W,6-1",42,41,6,15,2,1,0,5,1,0,9,0,0,0,2,2,0,0,0.232,0.314,0.386,0.7,9,10,R,G.Márquez(40)
149,154,150,150,Sep 22,@,COL,"W,3-0",38,35,3,10,2,0,1,3,3,0,10,0,0,0,0,1,0,0,0.233,0.314,0.386,0.701,8,10,R,J.Ureña(52)
150,155,151,151,Sep 23,@,ARI,"W,6-5",41,35,6,10,1,0,3,6,5,0,10,0,1,0,0,1,0,0,0.233,0.315,0.388,0.702,8,13,L,T.Henry(35)
151,156,152,152,Sep 24,@,ARI,"L,2-5",32,31,2,4,1,0,1,2,1,0,8,0,0,0,0,0,0,0,0.232,0.314,0.387,0.701,3,11,R,M.Kelly(66)
152,157,153,153,Sep 25,@,ARI,"W,3-2",42,35,3,10,2,0,1,3,6,0,7,1,0,0,0,2,0,0,0.233,0.315,0.387,0.702,12,13,R,D.Jameson(60)
153,158,154,154,Sep 27,,COL,"W,5-2",34,32,5,9,1,1,2,5,1,0,7,0,0,1,0,0,0,0,0.233,0.314,0.388,0.703,5,9,R,G.Márquez(55)
154,159,155,155,Sep 28,,COL,"W,6-3",37,31,6,9,0,1,0,5,4,0,13,0,0,2,0,0,0,0,0.233,0.315,0.388,0.703,7,11,R,J.Ureña(51)
155,160,156,156,Sep 29,,COL,"W,6-4",34,30,6,9,1,0,1,6,3,0,7,0,0,1,0,2,0,0,0.234,0.315,0.388,0.703,4,11,R,R.Feltner(42)
156,161,157,157,Sep 30,,ARI,"W,10-4",39,35,10,12,2,1,4,9,3,0,5,0,0,1,0,0,0,0,0.234,0.315,0.391,0.706,5,9,R,M.Kelly(14)
157,162,158,158,Oct 1,,ARI,"L,4-8",37,33,4,8,1,0,2,4,3,0,8,0,0,1,0,1,2,0,0.235,0.315,0.391,0.707,6,10,R,D.Jameson(57)
158,163,159,159,Oct 2,,ARI,"W,4-3",40,32,4,6,1,0,1,4,7,0,9,0,0,1,0,0,0,0,0.234,0.315,0.391,0.706,10,13,R,Z.Davies(57)
159,164,160,160,Oct 3,@,SDP,"L,4-7",39,31,4,5,0,0,0,4,5,0,10,3,0,0,0,1,0,0,0.234,0.315,0.39,0.705,8,12,R,J.Musgrove(73)
160,165,161,161,Oct 4,@,SDP,"L,2-6",33,30,2,4,0,0,0,1,2,0,11,1,0,0,0,1,0,0,0.233,0.315,0.388,0.703,4,13,L,S.Manaea(75)
161,166,162,162,Oct 5,@,SDP,"W,8-1",44,37,8,12,1,0,3,8,4,0,8,1,0,2,0,0,2,0,0.234,0.315,0.39,0.705,9,11,R,C.Stammen(27)
