,index,Rk,Gtm,Date,Unnamed: 3,Opp,Rslt,PA,AB,R,H,2B,3B,HR,RBI,BB,IBB,SO,HBP,SH,SF,ROE,GDP,SB,CS,BA,OBP,SLG,OPS,LOB,#,Thr,Opp. Starter (GmeSc)
0,0,1,1,Apr 5,@,KCR,"L,7-9",38,36,7,12,2,0,2,7,1,0,7,0,1,0,0,1,1,0,0.333,0.351,0.556,0.907,4,9,L,B.Anderson(38)
1,1,2,2,Apr 7,@,KCR,"W,4-3",36,34,4,8,1,0,3,4,2,0,7,0,0,0,1,0,0,0,0.286,0.315,0.543,0.858,5,9,L,D.May(43)
2,2,3,3,Apr 8,@,NYY,"L,1-3",32,30,1,4,0,0,0,1,2,0,5,0,0,0,0,0,0,0,0.24,0.276,0.42,0.696,4,10,R,J.Vazquez(75)
3,3,4,4,Apr 9,@,NYY,"W,9-3",43,37,9,10,2,0,2,8,5,0,10,0,0,1,0,0,3,0,0.248,0.297,0.438,0.735,7,11,R,J.Contreras(38)
4,4,5,5,Apr 10,@,NYY,"W,7-3",40,38,7,13,5,0,2,7,1,0,1,0,1,0,0,1,0,0,0.269,0.31,0.48,0.79,6,10,R,J.De Paula(37)
5,5,6,6,Apr 11,@,NYY,"L,4-5",38,35,4,9,2,1,1,4,2,0,9,1,0,0,1,2,0,0,0.267,0.311,0.476,0.787,7,12,R,M.Mussina(49)
6,6,7,7,Apr 13,,KCR,"W,12-5",44,36,12,14,3,0,2,11,6,0,5,1,1,0,0,0,0,0,0.285,0.34,0.5,0.84,8,10,L,D.May(20)
7,7,8,8,Apr 14,,KCR,"W,10-9",43,35,10,14,3,0,0,9,6,0,6,1,1,0,2,1,1,2,0.299,0.361,0.498,0.86,9,10,L,J.Affeldt(26)
8,8,9,9,Apr 15,,KCR,"W,6-5",39,33,6,8,2,0,3,6,5,1,2,0,0,1,0,1,0,0,0.293,0.358,0.506,0.865,5,13,L,B.Anderson(36)
9,9,10,10,Apr 16,@,TBD,"L,0-3",34,30,0,4,0,0,0,0,4,0,7,0,0,0,0,1,1,0,0.279,0.347,0.474,0.821,7,10,R,P.Abbott(72)
10,10,11,11,Apr 17,@,TBD,"W,4-1",41,33,4,10,0,0,0,3,5,0,7,2,0,1,0,2,0,0,0.281,0.354,0.459,0.813,10,9,R,V.Zambrano(53)
11,11,12,12,Apr 18,@,TBD,"W,5-0",38,36,5,10,5,1,2,4,2,0,3,0,0,0,0,0,1,0,0.281,0.351,0.475,0.825,6,11,R,G.Gonzalez(29)
12,12,13,13,Apr 20,,NYY,"L,8-11",41,37,8,13,4,1,2,8,3,0,6,0,0,1,0,1,0,1,0.287,0.354,0.491,0.845,6,9,L,A.Graman(22)
13,13,14,14,Apr 21,,NYY,"L,1-3",35,31,1,5,0,0,1,1,3,0,7,0,1,0,0,0,0,0,0.279,0.346,0.476,0.822,7,9,R,J.Vazquez(72)
14,14,15,15,Apr 22,,NYY,"W,4-3",35,32,4,9,1,0,1,4,3,0,5,0,0,0,2,2,3,0,0.279,0.346,0.472,0.818,7,9,R,M.Mussina(50)
15,15,16,16,Apr 23,,TBD,"W,3-2",43,34,3,5,1,0,1,2,5,2,7,3,0,1,1,0,1,0,0.271,0.343,0.459,0.802,11,10,R,V.Zambrano(58)
16,16,17,17,Apr 24,,TBD,"L,1-4",36,33,1,6,0,0,1,1,2,0,8,1,0,0,0,0,0,0,0.266,0.338,0.448,0.786,8,11,R,D.Waechter(65)
17,17,18,18,Apr 25,,TBD,"W,6-5",38,31,6,9,1,0,2,5,6,1,4,0,1,0,0,1,0,0,0.267,0.342,0.452,0.793,6,12,R,G.Gonzalez(61)
18,18,19,19,Apr 27,,CLE,"L,7-11",49,46,7,16,2,0,4,7,3,0,5,0,0,0,0,0,2,0,0.272,0.345,0.466,0.81,12,11,R,J.D'Amico(27)
19,19,20,20,Apr 28,,CLE,"W,9-8",45,41,9,15,4,0,3,8,2,0,0,0,1,1,1,0,1,0,0.278,0.347,0.479,0.826,10,11,R,J.Davis(46)
20,20,21,21,Apr 29,,TOR,"W,6-4",36,32,6,11,2,0,1,6,3,0,4,0,1,0,0,1,0,1,0.281,0.349,0.479,0.829,6,10,R,P.Hentgen(37)
21,22,22,22,May 1 (1),,TOR,"W,4-3",43,30,4,7,2,0,1,4,8,2,4,0,4,1,0,1,0,0,0.279,0.351,0.476,0.827,10,9,R,R.Halladay(56)
22,23,23,23,May 1 (2),,TOR,"L,6-10",41,38,6,11,1,0,2,5,3,0,7,0,0,0,1,1,0,0,0.279,0.35,0.476,0.827,8,10,L,T.Lilly(37)
23,24,24,24,May 2,,TOR,"W,3-2",29,24,3,6,2,0,1,3,1,0,4,0,2,2,0,1,0,1,0.279,0.348,0.476,0.823,2,9,R,M.Batista(61)
24,25,25,25,May 3,@,BAL,"W,5-4",45,36,5,8,0,0,1,4,8,1,10,1,0,0,2,1,2,0,0.276,0.349,0.469,0.818,13,9,R,K.Ainsworth(59)
25,26,26,26,May 4,@,BAL,"L,3-10",39,30,3,5,0,0,2,3,8,0,9,1,0,0,0,2,0,0,0.273,0.35,0.465,0.815,9,10,L,E.DuBose(39)
26,27,27,27,May 5,@,BAL,"W,6-5",40,37,6,11,5,1,0,6,3,0,5,0,0,0,0,0,1,1,0.274,0.35,0.466,0.816,7,11,R,S.Ponson(41)
27,28,28,28,May 7,@,TOR,"L,4-5",40,36,4,9,0,1,1,4,4,0,8,0,0,0,0,0,3,0,0.273,0.349,0.463,0.812,9,11,L,T.Lilly(45)
28,29,29,29,May 8,@,TOR,"L,2-4",35,34,2,8,2,0,1,2,1,0,5,0,0,0,1,0,0,1,0.271,0.346,0.46,0.806,6,10,R,M.Batista(62)
29,30,30,30,May 9,@,TOR,"L,2-5",34,30,2,8,1,0,0,2,2,0,11,1,1,0,0,2,0,2,0.271,0.345,0.456,0.801,5,10,R,J.Miller(60)
30,31,31,31,May 11,,BAL,"W,15-0",47,42,15,19,4,0,2,15,5,0,9,0,0,0,0,1,0,0,0.278,0.352,0.465,0.817,8,11,R,S.Ponson(27)
31,32,32,32,May 13 (1),,BAL,"L,0-1",34,30,0,3,0,0,0,0,4,0,6,0,0,0,0,0,0,0,0.273,0.348,0.455,0.803,7,11,R,D.Cabrera(68)
32,33,33,33,May 13 (2),,BAL,"W,6-5",37,30,6,7,1,0,1,5,6,1,8,0,1,0,0,0,0,0,0.272,0.348,0.453,0.801,7,10,L,E.Bedard(37)
33,34,34,34,May 14,,MIN,"L,2-3",37,31,2,5,2,0,1,2,3,0,6,1,1,1,2,0,0,1,0.269,0.346,0.449,0.795,8,10,R,K.Lohse(54)
34,35,35,35,May 15,,MIN,"L,1-4",32,31,1,4,0,0,1,1,1,0,4,0,0,0,0,0,1,0,0.266,0.341,0.443,0.784,4,10,R,S.Greisinger(66)
35,36,36,36,May 16,,MIN,"W,11-0",43,38,11,15,5,0,2,11,5,0,4,0,0,0,1,2,1,0,0.27,0.345,0.451,0.796,8,12,R,C.Silva(20)
36,37,37,37,May 17,@,CLE,"L,2-7",35,30,2,5,0,0,1,2,5,0,6,0,0,0,0,2,0,0,0.267,0.343,0.446,0.79,6,11,L,C.Lee(59)
37,38,38,38,May 18,@,CLE,"W,4-2",35,32,4,7,1,0,0,4,3,0,5,0,0,0,0,0,0,1,0.266,0.342,0.441,0.783,4,9,R,C.Durbin(32)
38,39,39,39,May 19,@,CLE,"W,15-3",50,44,15,18,5,0,1,14,4,0,6,0,2,0,1,0,1,0,0.271,0.346,0.446,0.792,8,11,R,J.Davis(23)
39,40,40,40,May 20,@,MIN,"W,10-3",43,40,10,16,2,0,3,8,3,0,4,0,0,0,2,2,0,0,0.275,0.348,0.453,0.801,6,9,R,S.Greisinger(21)
40,41,41,41,May 21,@,MIN,"W,8-2",41,40,8,12,2,0,2,6,1,0,3,0,0,0,2,1,0,0,0.275,0.348,0.454,0.802,6,9,R,C.Silva(24)
41,42,42,42,May 22,@,MIN,"L,1-9",34,34,1,7,1,0,0,1,0,0,7,0,0,0,0,0,1,0,0.274,0.345,0.449,0.794,6,10,R,B.Radke(66)
42,43,43,43,May 23,@,MIN,"W,17-7",57,48,17,23,4,1,3,17,8,0,6,0,0,1,0,0,0,0,0.28,0.351,0.46,0.812,13,12,L,J.Santana(11)
43,44,44,44,May 25,,TEX,"L,4-7",40,38,4,12,4,0,1,4,1,0,9,1,0,0,0,1,0,0,0.281,0.351,0.461,0.813,9,11,L,K.Rogers(55)
44,45,45,45,May 26,,TEX,"W,4-0",33,31,4,7,1,0,2,4,2,0,9,0,0,0,0,0,3,0,0.28,0.35,0.461,0.811,5,10,R,J.Benoit(38)
45,46,46,46,May 27,,TEX,"W,9-0",38,34,9,13,2,0,3,9,2,0,2,0,0,2,0,1,0,0,0.282,0.351,0.466,0.817,5,11,R,R.Drese(19)
46,47,47,47,May 28,,ANA,"W,4-3",42,36,4,12,2,2,1,4,6,2,6,0,0,0,0,0,4,0,0.283,0.353,0.469,0.821,13,11,R,K.Escobar(52)
47,48,48,48,May 29,,ANA,"L,1-5",33,30,1,5,0,0,1,1,3,0,9,0,0,0,0,1,1,1,0.281,0.351,0.465,0.816,5,9,R,A.Sele(65)
48,49,49,49,May 30,,ANA,"W,11-2",42,37,11,14,2,1,1,11,5,0,3,0,0,0,1,0,0,0,0.283,0.353,0.467,0.82,7,11,R,J.Lackey(8)
49,51,50,50,Jun 1,@,OAK,"L,4-6",46,42,4,10,2,0,3,4,4,0,9,0,0,0,0,2,0,1,0.282,0.352,0.468,0.82,6,12,L,M.Redman(58)
50,52,51,51,Jun 2,@,OAK,"L,2-3",46,37,2,11,2,0,0,2,6,2,7,0,3,0,1,1,0,1,0.283,0.353,0.466,0.818,14,11,L,M.Mulder(56)
51,53,52,52,Jun 4,@,SEA,"W,4-2",38,33,4,9,4,0,1,4,3,0,7,1,1,0,0,1,0,1,0.282,0.353,0.466,0.819,7,9,R,F.Garcia(53)
52,54,53,53,Jun 5,@,SEA,"L,2-4",37,30,2,6,2,0,0,2,7,0,7,0,0,0,0,1,0,2,0.281,0.353,0.463,0.816,8,14,R,R.Franklin(58)
53,55,54,54,Jun 6,@,SEA,"L,4-5",40,34,4,9,2,0,0,4,3,0,10,1,2,0,0,0,0,0,0.281,0.352,0.46,0.813,9,11,L,J.Moyer(44)
54,56,55,55,Jun 8,,PHI,"W,14-11",44,38,14,15,7,0,6,14,6,0,5,0,0,0,0,1,0,0,0.283,0.355,0.472,0.827,6,10,R,R.Madson(15)
55,57,56,56,Jun 9,,PHI,"L,10-13",45,41,10,14,2,0,5,10,3,0,7,1,0,0,0,0,0,0,0.284,0.356,0.478,0.834,8,10,L,E.Milton(28)
56,58,57,57,Jun 11,,ATL,"L,4-6",35,32,4,6,1,0,1,4,3,0,10,0,0,0,0,1,0,0,0.283,0.354,0.475,0.83,4,11,R,J.Wright(79)
57,59,58,58,Jun 12,,ATL,"W,10-8",41,36,10,14,2,0,2,10,4,0,9,0,0,1,0,1,1,0,0.285,0.356,0.478,0.834,7,10,R,J.Thomson(25)
58,60,59,59,Jun 13,,ATL,"W,10-3",43,37,10,13,5,0,2,10,5,0,12,1,0,0,1,0,0,0,0.286,0.358,0.481,0.838,9,11,R,T.Smith(31)
59,61,60,60,Jun 15,@,FLA,"W,7-5",46,35,7,8,2,0,2,7,10,1,6,0,1,0,0,1,1,0,0.285,0.358,0.48,0.839,9,18,R,A.Burnett(66)
60,62,61,61,Jun 16,@,FLA,"L,0-4",32,31,0,3,3,0,0,0,1,1,8,0,0,0,1,0,0,0,0.282,0.355,0.476,0.831,5,11,R,C.Pavano(88)
61,63,62,62,Jun 17,@,FLA,"L,1-2",42,38,1,7,2,0,0,1,3,0,14,1,0,0,0,1,1,1,0.28,0.354,0.472,0.826,8,14,R,J.Beckett(65)
62,64,63,63,Jun 18,@,MON,"W,11-7",48,43,11,18,7,2,1,11,4,1,9,0,1,0,1,1,2,0,0.283,0.356,0.477,0.833,10,13,R,C.Vargas(35)
63,65,64,64,Jun 19,@,MON,"L,14-17",50,41,14,15,4,0,2,14,7,1,5,2,0,0,0,1,0,1,0.285,0.358,0.48,0.838,9,19,R,T.Armas(24)
64,66,65,65,Jun 20,@,MON,"L,2-4",32,32,2,8,1,0,1,1,0,0,2,0,0,0,0,2,0,0,0.284,0.357,0.478,0.835,3,9,R,Z.Day(62)
65,67,66,66,Jun 21,,CLE,"L,1-5",34,32,1,4,1,0,1,1,1,0,6,1,0,0,1,0,0,0,0.282,0.355,0.475,0.83,6,11,L,C.Sabathia(73)
66,68,67,67,Jun 22,,CLE,"W,11-9",50,42,11,15,5,0,2,11,6,0,6,1,0,1,0,0,1,1,0.283,0.356,0.478,0.834,11,11,R,S.Elarton(37)
67,69,68,68,Jun 23,,CLE,"L,5-9",39,36,5,8,0,1,3,5,3,0,9,0,0,0,2,0,0,0,0.282,0.355,0.478,0.834,7,10,L,C.Lee(53)
68,70,69,69,Jun 24,,CLE,"W,7-1",37,33,7,9,1,0,1,6,4,0,9,0,0,0,1,1,1,0,0.282,0.355,0.477,0.832,6,10,R,J.Westbrook(62)
69,71,70,70,Jun 25,,CHC,"L,4-7",38,32,4,6,1,0,1,3,6,0,9,0,0,0,0,1,1,0,0.281,0.354,0.475,0.83,7,12,R,M.Prior(62)
70,72,71,71,Jun 26,,CHC,"W,6-3",40,34,6,11,1,0,3,6,5,0,8,1,0,0,0,0,0,0,0.282,0.355,0.477,0.833,10,10,R,C.Zambrano(37)
71,73,72,72,Jun 27,,CHC,"W,9-4",39,33,9,11,1,0,2,7,4,0,9,0,1,1,2,0,2,2,0.282,0.356,0.478,0.834,6,11,R,G.Maddux(10)
72,74,73,73,Jun 29,@,MIN,"W,6-2",38,37,6,11,4,0,2,6,0,0,2,0,1,0,0,0,0,0,0.282,0.355,0.479,0.835,5,9,R,C.Silva(40)
73,75,74,74,Jun 30,@,MIN,"W,9-6",40,36,9,13,1,0,4,9,1,0,4,0,1,2,0,1,1,0,0.284,0.355,0.483,0.838,4,10,R,B.Radke(20)
74,77,75,75,Jul 1,@,MIN,"W,2-1",34,31,2,4,1,0,1,2,3,1,13,0,0,0,0,0,2,0,0.282,0.354,0.48,0.834,5,9,L,J.Santana(78)
75,78,76,76,Jul 2,@,CHC,"L,2-6",35,29,2,3,2,0,0,2,4,0,8,1,1,0,1,0,0,0,0.28,0.352,0.477,0.829,6,15,R,C.Zambrano(65)
76,79,77,77,Jul 3,@,CHC,"L,2-4",25,23,2,6,0,0,0,2,1,0,3,0,0,1,0,0,1,0,0.28,0.352,0.475,0.826,5,11,R,G.Maddux(52)
77,80,78,78,Jul 4,@,CHC,"L,1-2",32,30,1,6,1,0,1,1,0,0,7,0,2,0,0,1,0,0,0.279,0.35,0.473,0.823,4,13,L,G.Rusch(78)
78,81,79,79,Jul 6,,ANA,"L,2-6",34,31,2,4,0,0,1,2,3,0,7,0,0,0,0,0,0,0,0.277,0.349,0.47,0.819,5,11,R,J.Lackey(65)
79,82,80,80,Jul 7,,ANA,"L,0-12",33,31,0,4,1,0,0,0,2,0,6,0,0,0,0,1,0,0,0.275,0.347,0.467,0.814,6,9,L,J.Washburn(83)
80,83,81,81,Jul 8,,ANA,"W,9-8",42,39,9,15,2,1,1,8,3,0,4,0,0,0,0,1,0,0,0.277,0.348,0.468,0.816,8,11,R,A.Sele(30)
81,84,82,82,Jul 9,,SEA,"W,6-2",35,33,6,9,1,0,2,6,1,0,8,1,0,0,1,1,1,0,0.277,0.347,0.469,0.816,5,9,R,J.Pineiro(41)
82,85,83,83,Jul 10,,SEA,"W,3-2",34,26,3,3,0,0,1,3,8,0,6,0,0,0,1,1,0,1,0.275,0.347,0.466,0.814,7,9,L,M.Thornton(46)
83,86,84,84,Jul 11,,SEA,"W,4-3",30,29,4,5,0,0,3,4,1,0,7,0,0,0,0,0,0,0,0.274,0.346,0.467,0.812,2,10,L,J.Moyer(62)
84,87,85,85,Jul 15,@,OAK,"L,2-4",31,29,2,4,0,0,1,2,2,0,4,0,0,0,0,2,0,0,0.273,0.344,0.464,0.809,2,9,R,R.Harden(68)
85,88,86,86,Jul 16,@,OAK,"L,1-5",34,33,1,7,1,0,0,1,1,0,6,0,0,0,0,1,0,0,0.272,0.343,0.462,0.805,6,12,L,B.Zito(67)
86,89,87,87,Jul 17,@,OAK,"W,5-2",35,32,5,6,0,0,3,5,3,0,3,0,0,0,0,1,0,0,0.271,0.342,0.462,0.804,3,9,L,M.Redman(45)
87,90,88,88,Jul 18,@,OAK,"L,3-5",32,29,3,3,0,0,2,3,3,0,10,0,0,0,0,1,1,0,0.27,0.341,0.46,0.801,2,9,L,M.Mulder(71)
88,91,89,89,Jul 19,@,TEX,"W,12-6",50,42,12,17,2,0,2,11,6,0,5,1,1,0,1,0,0,0,0.272,0.343,0.462,0.805,11,11,R,J.Benoit(13)
89,92,90,90,Jul 20,@,TEX,"L,4-6",36,32,4,7,1,0,3,4,4,1,10,0,0,0,0,1,0,1,0.271,0.343,0.463,0.806,5,12,R,J.Wasdin(55)
90,93,91,91,Jul 21,@,CLE,"W,14-0",49,41,14,19,4,0,3,13,2,0,9,4,0,2,0,2,0,0,0.274,0.345,0.467,0.812,8,12,L,C.Lee(18)
91,94,92,92,Jul 22,@,CLE,"W,3-0",36,32,3,8,2,0,0,3,3,1,9,0,1,0,0,1,1,0,0.273,0.345,0.466,0.81,6,11,L,C.Sabathia(57)
92,95,93,93,Jul 23,,DET,"W,6-4",35,31,6,9,3,0,2,6,1,0,3,0,2,1,2,0,0,1,0.274,0.344,0.467,0.811,5,9,L,N.Robertson(33)
93,96,94,94,Jul 24,,DET,"W,7-6",35,30,7,7,1,0,3,7,2,0,5,1,0,2,1,1,0,0,0.273,0.344,0.468,0.811,3,9,R,J.Johnson(44)
94,97,95,95,Jul 25,,DET,"L,2-9",35,33,2,10,0,0,1,2,1,0,6,1,0,0,0,3,1,0,0.273,0.344,0.467,0.811,6,13,R,J.Bonderman(52)
95,98,96,96,Jul 26,,MIN,"L,2-6",33,32,2,6,0,0,2,2,0,0,4,1,0,0,1,2,1,0,0.273,0.343,0.466,0.809,4,11,R,B.Radke(70)
96,99,97,97,Jul 27,,MIN,"L,3-7",34,31,3,4,0,0,3,3,2,0,10,1,0,0,0,0,0,0,0.271,0.341,0.466,0.807,4,9,L,J.Santana(68)
97,100,98,98,Jul 28,,MIN,"L,4-5",40,36,4,10,0,0,1,4,4,0,4,0,0,0,0,2,0,2,0.271,0.341,0.464,0.806,6,12,R,C.Silva(43)
98,101,99,99,Jul 29,@,DET,"L,2-3",33,31,2,5,2,0,0,2,1,0,2,0,0,1,1,0,1,1,0.27,0.34,0.462,0.802,4,11,R,J.Johnson(58)
99,102,100,100,Jul 30,@,DET,"L,4-5",37,35,4,9,0,0,0,3,1,0,7,0,0,1,0,0,1,0,0.27,0.339,0.46,0.8,6,13,L,W.Ledezma(62)
100,103,101,101,Jul 31,@,DET,"L,2-3",37,33,2,5,3,0,0,2,2,0,3,0,2,0,1,0,1,0,0.269,0.338,0.458,0.796,5,12,L,M.Maroth(70)
101,105,102,102,Aug 1,@,DET,"W,6-4",39,37,6,14,2,0,2,6,2,0,4,0,0,0,0,1,0,3,0.27,0.339,0.46,0.798,6,10,R,J.Bonderman(43)
102,106,103,103,Aug 3,@,KCR,"W,12-4",44,36,12,11,2,1,4,12,6,0,8,1,1,0,0,1,0,0,0.271,0.34,0.462,0.802,5,10,R,M.Wood(29)
103,107,104,104,Aug 4,@,KCR,"L,0-11",30,29,0,2,2,0,0,0,1,0,7,0,0,0,0,0,0,0,0.269,0.338,0.46,0.798,3,10,L,B.Anderson(89)
104,108,105,105,Aug 5,@,KCR,"L,4-6",39,37,4,8,1,0,2,4,1,0,9,1,0,0,2,0,0,0,0.268,0.337,0.459,0.796,8,10,R,Z.Greinke(73)
105,109,106,106,Aug 6,,CLE,"L,2-3",33,29,2,6,1,0,1,2,2,0,9,0,1,1,0,1,1,0,0.268,0.336,0.458,0.795,4,12,L,C.Sabathia(68)
106,110,107,107,Aug 7,,CLE,"L,5-6",36,33,5,8,2,0,2,5,3,1,7,0,0,0,0,1,0,0,0.268,0.336,0.459,0.795,4,11,L,C.Lee(41)
107,111,108,108,Aug 8,,CLE,"W,3-2",36,33,3,8,2,0,0,3,3,1,8,0,0,0,0,0,1,1,0.267,0.336,0.457,0.793,7,11,R,S.Elarton(58)
108,112,109,109,Aug 9,,CLE,"L,11-13",42,38,11,12,1,0,3,11,3,0,4,1,0,0,0,0,0,1,0.268,0.336,0.458,0.795,4,11,R,J.Westbrook(32)
109,113,110,110,Aug 10,,KCR,"W,9-3",40,37,9,14,5,0,3,9,1,0,4,1,0,1,0,0,0,0,0.269,0.337,0.461,0.798,7,9,R,Z.Greinke(23)
110,114,111,111,Aug 11,,KCR,"L,2-4",36,30,2,4,1,0,0,2,4,0,6,0,0,2,1,0,0,0,0.268,0.336,0.459,0.795,7,10,L,D.May(69)
111,115,112,112,Aug 12,,KCR,"W,3-2",30,27,3,5,0,0,2,3,2,0,8,0,1,0,0,0,0,1,0.267,0.335,0.459,0.794,3,10,R,J.Serrano(56)
112,116,113,113,Aug 13,@,BOS,"W,8-7",40,37,8,11,4,0,2,8,3,1,5,0,0,0,0,1,0,0,0.268,0.335,0.46,0.795,5,11,R,T.Wakefield(39)
113,117,114,114,Aug 14,@,BOS,"L,3-4",36,31,3,5,2,0,2,3,3,0,5,1,0,1,0,0,0,0,0.267,0.335,0.459,0.794,6,11,R,C.Schilling(61)
114,118,115,115,Aug 15,@,BOS,"W,5-4",38,35,5,10,1,0,1,5,1,0,4,0,1,1,0,0,2,0,0.267,0.334,0.459,0.793,6,10,R,B.Arroyo(56)
115,119,116,116,Aug 17,,DET,"L,8-11",43,36,8,12,1,1,2,6,5,0,5,0,1,1,1,1,0,1,0.268,0.335,0.46,0.795,8,10,L,M.Maroth(29)
116,120,117,117,Aug 18,,DET,"W,9-2",38,33,9,9,1,0,2,8,2,0,5,3,0,0,0,0,0,0,0.268,0.335,0.46,0.796,5,11,R,J.Bonderman(27)
117,121,118,118,Aug 19,,DET,"L,4-8",38,35,4,9,1,0,2,4,3,0,7,0,0,0,0,0,0,1,0.268,0.335,0.46,0.795,7,10,L,W.Ledezma(48)
118,122,119,119,Aug 20,,BOS,"L,1-10",32,29,1,5,1,1,0,1,2,0,6,1,0,0,0,1,0,0,0.267,0.335,0.459,0.793,4,13,R,C.Schilling(77)
119,123,120,120,Aug 21,,BOS,"L,7-10",43,37,7,11,3,0,2,7,4,0,10,2,0,0,0,1,0,0,0.267,0.335,0.46,0.795,9,10,R,B.Arroyo(36)
120,124,121,121,Aug 22,,BOS,"L,5-6",39,36,5,8,1,0,2,5,3,0,6,0,0,0,1,0,1,0,0.267,0.335,0.459,0.794,7,13,R,D.Lowe(41)
121,125,122,122,Aug 23,@,DET,"L,0-7",36,34,0,7,1,0,0,0,1,0,14,0,1,0,1,0,0,0,0.266,0.334,0.457,0.791,9,11,R,J.Bonderman(86)
122,126,123,123,Aug 24,@,DET,"W,9-5",39,32,9,11,2,1,1,8,3,0,4,1,1,2,0,2,0,0,0.267,0.334,0.458,0.793,3,10,L,W.Ledezma(39)
123,127,124,124,Aug 25,@,DET,"L,4-5",38,35,4,10,1,0,1,4,2,0,7,0,1,0,0,1,1,0,0.267,0.334,0.458,0.792,7,10,L,N.Robertson(67)
124,128,125,125,Aug 26,@,CLE,"W,14-9",47,42,14,16,4,0,3,14,4,0,11,0,0,1,0,0,0,0,0.268,0.335,0.46,0.795,6,10,R,C.Durbin(17)
125,129,126,126,Aug 27,@,CLE,"L,3-6",38,35,3,9,3,1,0,3,2,0,12,1,0,0,0,0,1,0,0.268,0.335,0.46,0.795,8,11,L,C.Sabathia(59)
126,130,127,127,Aug 28,@,CLE,"W,5-3",36,30,5,8,2,0,1,5,4,0,5,2,0,0,0,4,1,0,0.268,0.335,0.459,0.795,4,9,L,C.Lee(32)
127,131,128,128,Aug 29,@,CLE,"L,0-9",29,27,0,2,0,0,0,0,1,0,6,1,0,0,0,2,0,0,0.267,0.334,0.457,0.791,2,9,R,S.Elarton(88)
128,132,129,129,Aug 30,,PHI,"W,9-8",39,36,9,15,2,0,2,8,2,0,7,0,1,0,0,0,0,0,0.268,0.335,0.458,0.794,6,10,R,B.Myers(35)
129,133,130,130,Aug 31,,OAK,"L,2-7",32,32,2,6,3,0,1,2,0,0,7,0,0,0,0,1,0,0,0.267,0.334,0.458,0.792,3,9,R,R.Harden(70)
130,135,131,131,Sep 1,,OAK,"W,5-4",36,34,5,11,1,0,0,5,1,0,6,0,1,0,0,0,0,1,0.268,0.334,0.457,0.791,6,11,L,B.Zito(49)
131,136,132,132,Sep 2,,OAK,"L,2-4",34,30,2,5,3,0,0,2,1,0,6,1,0,2,0,0,0,0,0.267,0.333,0.456,0.789,5,10,L,M.Redman(63)
132,137,133,133,Sep 3,,SEA,"W,7-5",33,29,7,8,2,1,1,6,2,0,4,1,1,0,0,1,1,0,0.267,0.333,0.456,0.79,2,10,L,B.Madritsch(36)
133,138,134,134,Sep 4,,SEA,"W,8-7",42,38,8,14,3,0,5,7,4,0,4,0,0,0,1,0,1,1,0.268,0.334,0.459,0.794,10,10,R,R.Franklin(13)
134,139,135,135,Sep 5,,SEA,"W,6-2",34,30,6,6,2,0,2,6,3,0,7,0,0,1,1,0,0,1,0.268,0.334,0.459,0.793,4,11,L,J.Moyer(52)
135,140,136,136,Sep 6,@,TEX,"W,7-4",40,34,7,9,1,0,1,4,3,0,6,1,2,0,3,2,1,0,0.268,0.334,0.459,0.793,6,10,R,C.Park(36)
136,141,137,137,Sep 7,@,TEX,"L,3-10",35,34,3,9,4,0,0,3,1,0,5,0,0,0,0,1,0,0,0.268,0.334,0.458,0.792,5,12,L,K.Rogers(51)
137,142,138,138,Sep 8,@,TEX,"W,5-2",36,35,5,8,1,0,1,5,1,0,8,0,0,0,1,0,1,1,0.267,0.333,0.457,0.79,4,10,R,J.Wasdin(42)
138,143,139,139,Sep 9,@,TEX,"W,7-3",42,37,7,10,2,0,2,7,1,0,10,2,2,0,2,0,2,0,0.267,0.333,0.458,0.791,8,10,R,C.Young(28)
139,144,140,140,Sep 10,@,ANA,"L,5-7",40,36,5,12,5,0,0,5,3,0,5,0,1,0,1,1,1,1,0.268,0.333,0.458,0.791,8,9,R,J.Lackey(48)
140,145,141,141,Sep 11,@,ANA,"W,13-6",46,42,13,16,1,0,1,13,3,0,2,1,0,0,0,1,0,1,0.269,0.334,0.458,0.792,6,11,R,A.Sele(18)
141,146,142,142,Sep 12,@,ANA,"L,0-11",34,33,0,6,1,0,0,0,1,0,7,0,0,0,2,2,0,0,0.268,0.333,0.456,0.79,7,11,R,B.Colon(70)
142,147,143,143,Sep 14,@,MIN,"L,2-10",34,31,2,6,0,0,0,2,2,0,8,1,0,0,0,2,0,0,0.268,0.333,0.455,0.788,5,11,L,J.Santana(79)
143,148,144,144,Sep 15,@,MIN,"L,1-6",32,30,1,5,0,0,0,1,2,0,4,0,0,0,0,2,0,0,0.267,0.332,0.453,0.785,4,10,R,C.Silva(66)
144,149,145,145,Sep 16,@,MIN,"L,1-10",31,28,1,4,0,0,0,1,2,0,4,0,0,1,1,1,0,1,0.266,0.331,0.451,0.783,3,11,R,K.Lohse(66)
145,150,146,146,Sep 17,,DET,"L,10-11",50,45,10,16,2,0,4,9,5,1,10,0,0,0,0,1,0,1,0.267,0.332,0.453,0.785,10,14,L,N.Robertson(35)
146,151,147,147,Sep 18,,DET,"W,9-8",55,46,9,12,2,0,2,8,8,0,7,1,0,0,0,1,0,0,0.267,0.333,0.453,0.786,11,13,R,J.Johnson(34)
147,152,148,148,Sep 19,,DET,"W,6-1",36,30,6,7,1,0,2,5,3,0,6,1,1,1,0,0,1,0,0.267,0.333,0.453,0.786,6,9,R,J.Bonderman(46)
148,153,149,149,Sep 20,,MIN,"L,2-8",34,33,2,8,0,0,1,2,1,0,3,0,0,0,0,2,0,0,0.267,0.332,0.452,0.784,5,10,R,C.Silva(54)
149,154,150,150,Sep 21,,MIN,"W,8-6",42,33,8,9,1,0,2,7,8,0,5,0,0,0,1,1,2,0,0.267,0.333,0.452,0.785,10,10,R,K.Lohse(39)
150,155,151,151,Sep 22,,MIN,"W,7-6",39,33,7,12,2,0,0,6,4,0,6,1,1,0,1,1,1,2,0.267,0.334,0.452,0.786,7,9,L,T.Mulholland(29)
151,156,152,152,Sep 23,,KCR,"W,7-6",35,34,7,10,0,0,4,7,1,0,6,0,0,0,0,1,0,0,0.268,0.333,0.453,0.787,3,11,R,M.Wood(55)
152,157,153,153,Sep 24,,KCR,"L,6-8",38,35,6,12,3,0,2,5,3,0,3,0,0,0,1,4,0,0,0.268,0.334,0.454,0.788,5,10,L,J.Gobble(38)
153,158,154,154,Sep 25,,KCR,"W,5-1",36,29,5,7,1,0,2,5,6,0,7,1,0,0,1,1,1,0,0.268,0.334,0.455,0.789,7,9,R,D.Bautista(56)
154,159,155,155,Sep 26,,KCR,"W,5-1",31,31,5,9,2,0,4,5,0,0,6,0,0,0,0,0,0,1,0.268,0.334,0.456,0.79,2,9,L,B.Anderson(43)
155,160,156,156,Sep 27,@,DET,"L,2-4",36,34,2,6,2,0,1,2,2,0,4,0,0,0,1,0,1,0,0.268,0.333,0.455,0.789,7,10,R,G.Knotts(57)
156,161,157,157,Sep 28,@,DET,"L,4-6",35,34,4,7,2,0,2,4,1,0,5,0,0,0,2,1,1,1,0.267,0.333,0.455,0.788,4,11,L,N.Robertson(49)
157,162,158,158,Sep 29,@,DET,"W,11-2",41,40,11,12,0,0,5,11,0,0,8,1,0,0,2,0,0,1,0.267,0.333,0.457,0.79,3,10,R,J.Johnson(37)
158,163,159,159,Sep 30,@,KCR,"W,9-2",44,39,9,12,1,0,3,9,5,1,2,0,0,0,1,0,1,0,0.268,0.333,0.458,0.791,8,10,L,C.George(50)
159,164,160,160,Oct 1,@,KCR,"W,4-2",38,33,4,8,3,0,0,3,5,1,9,0,0,0,0,0,0,1,0.268,0.333,0.457,0.79,7,10,R,D.Bautista(55)
160,165,161,161,Oct 2,@,KCR,"L,2-10",32,31,2,7,1,0,2,2,1,0,4,0,0,0,0,3,0,0,0.267,0.333,0.457,0.79,3,9,L,B.Anderson(68)
161,166,162,162,Oct 3,@,KCR,"W,5-0",41,35,5,11,2,0,1,5,4,0,5,0,1,1,0,0,1,1,0.268,0.333,0.457,0.79,9,9,R,Z.Greinke(43)
