,index,Rk,Gtm,Date,Unnamed: 3,Opp,Rslt,PA,AB,R,H,2B,3B,HR,RBI,BB,IBB,SO,HBP,SH,SF,ROE,GDP,SB,CS,BA,OBP,SLG,OPS,LOB,#,Thr,Opp. Starter (GmeSc)
0,0,1,1,Apr 4,@,PHI,"L,4-8",41,38,4,13,1,0,1,4,3,0,6,0,0,0,0,1,0,0,0.342,0.39,0.447,0.838,10,17,R,J.Lieber(38)
1,1,2,2,Apr 6,@,PHI,"W,7-3",45,42,7,16,5,1,2,6,3,2,9,0,0,0,1,0,0,1,0.363,0.407,0.575,0.982,11,16,R,B.Myers(60)
2,2,3,3,Apr 7,@,PHI,"W,5-4",42,38,5,11,2,1,1,5,2,1,10,0,1,1,0,1,1,0,0.339,0.378,0.542,0.92,7,15,L,R.Wolf(49)
3,3,4,4,Apr 8,@,FLA,"L,0-9",29,28,0,5,0,0,0,0,1,0,3,0,0,0,0,4,0,0,0.308,0.346,0.473,0.819,2,15,L,D.Willis(79)
4,4,5,5,Apr 9,@,FLA,"W,3-2",41,33,3,7,1,0,3,3,6,0,6,0,2,0,0,1,1,1,0.291,0.344,0.48,0.824,8,12,R,B.Moehler(50)
5,5,6,6,Apr 10,@,FLA,"L,0-8",32,31,0,5,2,0,0,0,1,0,11,0,0,0,0,0,0,0,0.271,0.322,0.443,0.764,5,12,R,J.Beckett(87)
6,6,7,7,Apr 11,@,ATL,"L,2-11",35,35,2,8,1,0,1,2,0,0,2,0,0,0,1,1,0,0,0.265,0.309,0.429,0.738,6,15,L,M.Hampton(66)
7,7,8,8,Apr 12,@,ATL,"W,4-3",36,33,4,8,3,1,1,4,2,0,6,0,0,1,0,1,0,0,0.263,0.305,0.435,0.741,5,14,R,T.Hudson(72)
8,8,9,9,Apr 13,@,ATL,"W,11-4",47,38,11,12,2,3,2,11,8,0,4,0,0,1,0,0,0,0,0.269,0.322,0.465,0.787,9,14,R,J.Thomson(42)
9,9,10,10,Apr 14,,ARI,"W,5-3",35,30,5,9,2,1,1,5,2,0,8,2,0,1,0,2,0,0,0.272,0.326,0.471,0.797,6,11,R,J.Vazquez(43)
10,10,11,11,Apr 16,,ARI,"W,9-3",37,32,9,9,3,0,1,9,4,1,4,1,0,0,0,1,0,0,0.272,0.331,0.471,0.802,4,16,R,R.Ortiz(48)
11,11,12,12,Apr 17,,ARI,"W,7-3",34,30,7,11,2,1,0,7,3,1,4,0,0,1,0,3,2,1,0.279,0.337,0.473,0.81,3,15,L,B.Halsey(48)
12,12,13,13,Apr 18,,FLA,"L,4-9",36,32,4,8,3,0,1,3,1,0,6,1,1,1,0,1,0,0,0.277,0.333,0.47,0.804,5,16,L,D.Willis(52)
13,13,14,14,Apr 19,,FLA,"L,3-6",40,36,3,10,1,0,1,3,3,0,7,0,1,0,0,0,1,0,0.277,0.333,0.464,0.798,10,17,R,B.Moehler(53)
14,14,15,15,Apr 20,,ATL,"W,2-0",35,30,2,6,0,0,1,2,4,1,5,1,0,0,1,0,1,0,0.273,0.332,0.455,0.787,9,13,L,H.Ramirez(54)
15,15,16,16,Apr 21,,ATL,"L,1-2",31,30,1,5,1,0,0,1,0,0,10,0,1,0,0,0,0,1,0.267,0.324,0.44,0.764,3,13,R,J.Smoltz(72)
16,16,17,17,Apr 22,@,NYM,"L,1-3",35,31,1,4,3,0,1,1,3,0,8,1,0,0,0,0,0,0,0.259,0.318,0.434,0.752,7,15,L,T.Glavine(73)
17,17,18,18,Apr 23,@,NYM,"L,5-10",41,37,5,12,2,0,0,5,1,0,6,1,0,2,1,1,0,0,0.263,0.32,0.43,0.75,9,18,R,J.Seo(60)
18,18,19,19,Apr 24,@,NYM,"W,11-4",48,40,11,17,4,0,1,10,3,0,7,2,0,3,1,1,4,0,0.273,0.329,0.441,0.77,10,14,R,V.Zambrano(21)
19,19,20,20,Apr 25,,PHI,"L,4-5",39,36,4,12,2,2,0,4,1,1,4,0,1,1,0,1,0,0,0.276,0.33,0.444,0.774,8,16,R,C.Lidle(46)
20,20,21,21,Apr 26,,PHI,"W,3-1",34,29,3,6,1,0,2,3,5,0,4,0,0,0,0,1,0,0,0.274,0.33,0.444,0.774,7,15,R,J.Lieber(51)
21,21,22,22,Apr 27,,PHI,"L,0-3",33,30,0,4,0,0,0,0,3,0,10,0,0,0,0,0,0,0,0.268,0.325,0.432,0.756,6,12,R,B.Myers(73)
22,22,23,23,Apr 29,,NYM,"W,5-1",32,29,5,5,2,0,3,5,2,0,2,1,0,0,0,0,0,0,0.264,0.322,0.436,0.758,3,12,R,J.Seo(50)
23,23,24,24,Apr 30,,NYM,"W,5-3",36,30,5,10,1,0,2,5,4,0,7,2,0,0,0,1,0,0,0.267,0.327,0.441,0.768,10,11,R,V.Zambrano(43)
24,25,25,25,May 1,,NYM,"L,3-6",37,28,3,7,0,1,0,3,6,0,6,0,2,1,0,1,0,2,0.266,0.329,0.437,0.766,7,14,R,A.Heilman(52)
25,26,26,26,May 2,@,LAD,"W,6-2",41,37,6,13,0,0,1,6,4,0,6,0,0,0,0,2,0,0,0.27,0.332,0.437,0.769,8,16,R,S.Erickson(49)
26,27,27,27,May 3,@,LAD,"L,2-4",37,35,2,11,4,0,0,2,2,0,10,0,0,0,0,2,1,0,0.272,0.333,0.437,0.77,8,14,R,J.Weaver(56)
27,28,28,28,May 4,@,LAD,"W,5-2",36,34,5,10,2,0,1,5,1,0,7,0,0,1,0,2,0,0,0.273,0.332,0.437,0.769,4,10,L,O.Perez(43)
28,29,29,29,May 6,@,SFG,"W,9-3",44,37,9,11,2,0,0,9,6,0,7,1,0,0,0,1,1,0,0.273,0.335,0.433,0.769,8,15,L,N.Lowry(47)
29,30,30,30,May 7,@,SFG,"W,11-8",51,37,11,14,3,0,0,11,11,0,5,0,1,2,0,0,1,1,0.277,0.342,0.434,0.777,13,17,R,J.Schmidt(22)
30,31,31,31,May 8,@,SFG,"L,3-4",53,45,3,11,1,0,1,2,6,1,7,0,1,1,1,1,1,2,0.276,0.342,0.43,0.772,11,15,L,K.Rueter(52)
31,32,32,32,May 9,@,ARI,"W,4-3",38,36,4,12,5,0,2,4,2,2,7,0,0,0,0,2,0,1,0.278,0.343,0.437,0.78,7,15,R,B.Webb(53)
32,33,33,33,May 10,@,ARI,"L,2-3",42,36,2,10,2,0,0,2,3,0,13,2,1,0,0,0,0,0,0.278,0.343,0.434,0.777,13,13,L,S.Estes(56)
33,34,34,34,May 11,@,ARI,"L,2-3",35,33,2,6,3,0,0,2,1,0,7,1,0,0,0,0,0,0,0.275,0.34,0.429,0.769,6,12,R,J.Vazquez(64)
34,35,35,35,May 13,,CHC,"L,3-6",39,33,3,9,3,0,0,3,5,0,4,0,1,0,0,1,0,1,0.275,0.341,0.427,0.768,9,16,L,G.Rusch(47)
35,36,36,36,May 14,,CHC,"W,4-3",33,29,4,6,2,0,0,4,1,1,6,2,1,0,0,1,0,0,0.273,0.34,0.424,0.763,5,11,R,C.Zambrano(40)
36,37,37,37,May 15,,CHC,"W,5-4",34,32,5,7,1,0,1,4,1,0,5,0,1,0,2,0,1,0,0.272,0.337,0.422,0.759,5,13,R,G.Maddux(38)
37,38,38,38,May 16,,MIL,"W,5-2",36,32,5,10,2,0,1,5,2,1,6,1,1,0,1,1,0,1,0.273,0.338,0.423,0.761,7,12,L,D.Davis(38)
38,39,39,39,May 17,,MIL,"L,2-8",31,30,2,3,0,0,1,2,1,0,4,0,0,0,0,0,0,0,0.269,0.334,0.418,0.751,2,13,R,W.Obermueller(82)
39,40,40,40,May 18,,MIL,"W,1-0",32,28,1,7,1,0,0,1,1,1,6,1,2,0,0,0,0,2,0.269,0.333,0.415,0.748,6,11,L,C.Capuano(75)
40,41,41,41,May 19,,MIL,"W,3-2",35,30,3,6,2,0,0,2,4,2,8,0,1,0,1,0,0,0,0.267,0.332,0.412,0.744,8,15,R,V.Santos(51)
41,42,42,42,May 20,@,TOR,"L,1-6",34,32,1,6,1,0,0,1,1,0,9,1,0,0,0,1,0,0,0.265,0.33,0.407,0.737,6,9,L,T.Lilly(66)
42,43,43,43,May 21,@,TOR,"L,0-7",32,30,0,4,1,0,0,0,2,0,2,0,0,0,0,1,0,0,0.263,0.327,0.402,0.73,5,9,R,R.Halladay(69)
43,44,44,44,May 22,@,TOR,"W,9-2",45,40,9,13,3,0,1,9,4,1,2,0,0,1,1,0,0,0,0.264,0.329,0.404,0.733,9,11,R,J.Towers(29)
44,45,45,45,May 23,@,CIN,"L,3-5",36,33,3,6,0,0,2,3,2,0,9,0,1,0,1,0,0,0,0.262,0.327,0.403,0.73,6,15,L,E.Milton(67)
45,46,46,46,May 24,@,CIN,"L,3-4",62,52,3,15,4,0,0,3,7,2,9,0,2,1,0,2,0,0,0.263,0.328,0.402,0.73,17,17,L,B.Claussen(50)
46,47,47,47,May 25,@,CIN,"L,3-12",36,32,3,8,3,0,2,3,2,1,8,1,1,0,0,2,0,0,0.263,0.328,0.405,0.732,6,13,R,M.Belisle(58)
47,48,48,48,May 27,@,STL,"L,3-6",35,33,3,6,2,0,0,3,0,0,9,1,1,0,1,0,0,0,0.261,0.325,0.401,0.727,5,14,R,M.Morris(65)
48,49,49,49,May 28,@,STL,"L,1-3",33,28,1,4,0,0,0,1,3,0,3,1,1,0,0,2,0,0,0.259,0.324,0.397,0.721,5,12,R,J.Suppan(64)
49,50,50,50,May 29,@,STL,"W,3-2",34,33,3,9,3,0,0,3,0,0,10,0,1,0,0,0,0,1,0.26,0.323,0.396,0.719,4,12,R,C.Carpenter(57)
50,51,51,51,May 30,,ATL,"W,3-2",35,30,3,9,5,0,0,3,3,1,4,1,1,0,0,0,0,2,0.26,0.324,0.398,0.722,8,13,R,K.Davies(47)
51,52,52,52,May 31,,ATL,"W,5-4",38,34,5,13,2,0,0,4,4,1,4,0,0,0,0,3,0,0,0.263,0.327,0.398,0.725,9,16,L,M.Hampton(51)
52,54,53,53,Jun 1,,ATL,"L,4-5",38,33,4,8,4,0,0,3,5,2,5,0,0,0,0,2,0,0,0.262,0.327,0.398,0.725,7,17,R,J.Smoltz(48)
53,55,54,54,Jun 2,,ATL,"W,8-6",36,31,8,12,4,0,1,8,4,1,2,0,0,1,0,2,0,1,0.264,0.329,0.401,0.73,4,17,L,H.Ramirez(48)
54,56,55,55,Jun 3,,FLA,"W,3-2",42,37,3,4,0,1,0,3,4,0,7,0,0,1,2,0,0,0,0.261,0.326,0.397,0.723,7,12,R,J.Beckett(68)
55,57,56,56,Jun 4,,FLA,"W,7-3",38,30,7,11,3,1,0,7,4,1,6,3,1,0,0,3,0,0,0.263,0.329,0.399,0.728,7,16,L,A.Leiter(39)
56,58,57,57,Jun 5,,FLA,"W,6-3",35,31,6,9,0,0,1,6,2,0,7,1,0,1,1,1,0,0,0.263,0.329,0.399,0.728,5,19,R,A.Burnett(54)
57,59,58,58,Jun 7,,OAK,"W,2-1",32,27,2,5,1,0,1,2,3,0,9,0,2,0,0,0,0,0,0.262,0.328,0.398,0.726,6,15,L,B.Zito(58)
58,60,59,59,Jun 8,,OAK,"W,7-2",39,33,7,12,1,2,3,7,4,0,6,1,1,0,0,1,1,0,0.264,0.33,0.404,0.735,8,13,R,R.Glynn(35)
59,61,60,60,Jun 9,,OAK,"W,4-3",36,31,4,8,3,0,0,4,3,0,8,1,1,0,0,0,0,0,0.264,0.331,0.404,0.734,8,11,R,J.Blanton(45)
60,62,61,61,Jun 10,,SEA,"W,9-3",40,30,9,10,1,1,0,9,8,1,1,0,2,0,0,2,0,0,0.265,0.333,0.404,0.737,7,19,R,J.Pineiro(52)
61,63,62,62,Jun 11,,SEA,"W,2-1",36,26,2,7,1,1,0,2,6,0,6,2,2,0,0,1,1,1,0.265,0.335,0.404,0.738,10,16,L,J.Moyer(61)
62,64,63,63,Jun 12,,SEA,"W,3-2",34,30,3,6,2,0,1,3,4,1,8,0,0,0,1,1,1,0,0.264,0.334,0.403,0.737,7,13,R,R.Franklin(45)
63,65,64,64,Jun 13,@,LAA,"L,1-11",33,32,1,5,2,0,0,1,1,0,8,0,0,0,0,0,0,0,0.263,0.332,0.4,0.732,5,12,R,P.Byrd(62)
64,66,65,65,Jun 14,@,LAA,"W,6-3",41,32,6,7,0,0,1,5,6,1,9,1,1,1,2,0,1,1,0.262,0.332,0.399,0.731,8,11,R,E.Santana(64)
65,67,66,66,Jun 15,@,LAA,"W,1-0",34,33,1,8,0,0,1,1,0,0,2,0,1,0,0,1,0,0,0.262,0.331,0.398,0.729,6,10,R,B.Colon(69)
66,68,67,67,Jun 17,@,TEX,"L,1-8",37,33,1,8,1,0,1,1,4,0,5,0,0,0,0,1,0,0,0.261,0.331,0.398,0.728,9,9,L,K.Rogers(52)
67,69,68,68,Jun 18,@,TEX,"L,4-7",34,34,4,7,1,0,3,4,0,0,3,0,0,0,0,0,0,0,0.26,0.329,0.399,0.728,3,12,R,R.Rodriguez(55)
68,70,69,69,Jun 19,@,TEX,"W,8-2",43,40,8,15,2,0,0,8,1,1,10,2,0,0,0,2,0,0,0.262,0.331,0.4,0.73,8,10,L,C.Wilson(33)
69,71,70,70,Jun 20,@,PIT,"W,7-4",39,34,7,12,2,1,2,7,3,1,6,0,2,0,0,2,0,1,0.264,0.332,0.403,0.735,5,13,L,M.Redman(38)
70,72,71,71,Jun 21,@,PIT,"L,4-11",41,34,4,10,2,0,1,4,5,0,9,0,1,1,0,1,0,0,0.264,0.332,0.404,0.736,10,17,L,O.Perez(48)
71,73,72,72,Jun 22,@,PIT,"W,5-4",39,33,5,10,2,0,2,4,4,0,7,2,0,0,0,1,0,1,0.265,0.334,0.406,0.739,7,13,R,J.Fogg(52)
72,74,73,73,Jun 24,,TOR,"W,3-0",34,33,3,9,3,0,1,3,1,1,7,0,0,0,0,0,0,0,0.265,0.333,0.406,0.739,7,13,R,J.Towers(52)
73,75,74,74,Jun 25,,TOR,"W,5-2",34,30,5,6,2,0,0,4,4,0,4,0,0,0,0,0,1,0,0.264,0.333,0.405,0.737,5,11,L,T.Lilly(37)
74,76,75,75,Jun 26,,TOR,"L,5-9",40,33,5,6,3,0,1,5,7,0,8,0,0,0,0,1,2,0,0.263,0.332,0.404,0.737,8,17,L,G.Chacin(45)
75,77,76,76,Jun 28,,PIT,"W,2-1",31,26,2,5,3,0,0,1,2,1,4,1,1,1,0,0,0,1,0.262,0.332,0.403,0.735,5,11,R,J.Fogg(59)
76,78,77,77,Jun 29,,PIT,"W,3-2",40,31,3,8,4,1,0,3,6,1,11,1,1,1,1,0,1,0,0.262,0.333,0.404,0.736,13,15,L,D.Williams(51)
77,79,78,78,Jun 30,,PIT,"W,7-5",37,31,7,8,1,0,2,7,5,0,10,0,1,0,0,0,1,0,0.262,0.333,0.405,0.738,6,15,R,K.Wells(32)
78,81,79,79,Jul 1,@,CHC,"W,4-3",43,39,4,12,3,0,1,4,4,1,12,0,0,0,0,0,0,0,0.263,0.333,0.406,0.739,12,10,R,M.Prior(50)
79,82,80,80,Jul 2,@,CHC,"W,4-2",34,29,4,5,1,1,1,4,1,0,7,1,1,2,0,0,0,0,0.262,0.332,0.405,0.737,3,15,R,J.Williams(53)
80,83,81,81,Jul 3,@,CHC,"W,5-4",53,45,5,10,2,0,1,5,7,2,14,0,1,0,2,0,0,1,0.261,0.332,0.404,0.736,12,17,R,C.Zambrano(61)
81,84,82,82,Jul 4,,NYM,"L,2-5",34,33,2,5,3,0,0,2,1,0,8,0,0,0,2,0,0,1,0.26,0.33,0.402,0.732,5,12,L,K.Ishii(54)
82,85,83,83,Jul 5,,NYM,"W,3-2",34,31,3,8,2,0,0,3,1,0,7,1,1,0,0,0,0,0,0.26,0.33,0.401,0.731,7,12,R,P.Martinez(54)
83,86,84,84,Jul 6,,NYM,"L,3-5",39,35,3,9,0,0,0,3,3,1,3,0,1,0,2,2,1,0,0.26,0.33,0.399,0.729,9,13,L,T.Glavine(38)
84,87,85,85,Jul 7,,NYM,"L,2-3",44,39,2,8,3,0,0,2,4,1,6,0,1,0,0,1,0,0,0.259,0.329,0.398,0.727,9,15,R,K.Benson(59)
85,88,86,86,Jul 8,@,PHI,"W,8-7",42,34,8,11,3,0,1,8,4,3,12,2,2,0,1,1,0,1,0.26,0.33,0.399,0.729,7,15,R,R.Tejeda(28)
86,89,87,87,Jul 9,@,PHI,"L,0-1",33,32,0,6,0,0,0,0,1,0,9,0,0,0,0,0,0,1,0.259,0.329,0.397,0.726,6,10,R,C.Lidle(78)
87,90,88,88,Jul 10,@,PHI,"L,4-5",52,45,4,12,2,0,1,3,3,2,10,2,2,0,0,0,0,0,0.259,0.329,0.396,0.726,12,17,R,J.Lieber(51)
88,91,89,89,Jul 14,@,MIL,"L,2-4",33,29,2,4,0,0,1,2,3,0,10,0,1,0,1,1,1,1,0.258,0.328,0.395,0.723,4,14,L,D.Davis(68)
89,92,90,90,Jul 15,@,MIL,"L,3-4",39,39,3,11,3,0,1,3,0,0,6,0,0,0,0,1,0,0,0.258,0.328,0.395,0.723,6,13,R,B.Sheets(48)
90,93,91,91,Jul 16,@,MIL,"W,5-3",41,34,5,8,2,1,1,5,7,0,9,0,0,0,0,0,0,0,0.258,0.328,0.396,0.724,9,16,L,C.Capuano(51)
91,94,92,92,Jul 17,@,MIL,"L,3-5",33,32,3,5,1,0,1,3,0,0,8,1,0,0,1,1,0,0,0.257,0.327,0.395,0.721,3,15,R,T.Ohka(63)
92,95,93,93,Jul 18,,COL,"L,4-5",41,33,4,9,2,0,0,3,5,0,6,1,1,1,2,2,0,0,0.257,0.327,0.394,0.721,10,16,R,B.Kim(50)
93,96,94,94,Jul 19,,COL,"W,4-0",35,29,4,10,2,0,0,4,3,0,5,2,1,0,0,3,0,0,0.258,0.328,0.394,0.723,7,13,R,S.Chacon(58)
94,97,95,95,Jul 20,,COL,"L,2-3",36,31,2,8,4,0,0,2,1,0,6,1,2,1,1,0,1,0,0.258,0.328,0.394,0.722,7,15,R,J.Jennings(54)
95,98,96,96,Jul 21,,HOU,"L,2-3",34,32,2,8,0,0,1,2,0,0,7,2,0,0,0,3,0,0,0.258,0.328,0.394,0.721,5,12,R,R.Oswalt(76)
96,99,97,97,Jul 22,,HOU,"L,1-14",37,32,1,6,2,1,0,1,3,0,11,1,1,0,0,0,1,0,0.257,0.327,0.393,0.72,9,14,R,R.Clemens(73)
97,100,98,98,Jul 23,,HOU,"W,4-2",35,29,4,7,3,0,0,4,4,0,2,1,1,0,0,0,0,1,0.257,0.327,0.392,0.72,7,14,R,B.Backe(41)
98,101,99,99,Jul 24,,HOU,"L,1-4",49,45,1,4,2,0,0,1,2,0,13,1,1,0,1,1,0,0,0.255,0.325,0.389,0.714,6,21,L,W.Rodriguez(70)
99,102,100,100,Jul 26,@,ATL,"L,2-3",37,35,2,8,0,0,0,2,2,0,6,0,0,0,0,2,0,0,0.254,0.325,0.387,0.712,5,13,R,J.Smoltz(60)
100,103,101,101,Jul 27,@,ATL,"L,3-4",37,33,3,7,1,1,0,3,4,0,6,0,0,0,1,1,0,0,0.254,0.324,0.386,0.711,7,14,R,T.Hudson(66)
101,104,102,102,Jul 28,@,ATL,"L,4-5",38,35,4,10,2,0,1,4,3,0,6,0,0,0,0,1,0,0,0.254,0.324,0.387,0.711,7,15,R,J.Sosa(47)
102,105,103,103,Jul 29,@,FLA,"L,3-4",34,33,3,7,0,0,1,3,1,0,11,0,0,0,0,1,0,0,0.254,0.324,0.386,0.71,4,15,R,J.Beckett(58)
103,106,104,104,Jul 30,@,FLA,"L,0-3",32,30,0,4,0,0,0,0,1,0,8,1,0,0,0,0,0,1,0.253,0.323,0.384,0.706,5,13,R,A.Burnett(76)
104,107,105,105,Jul 31,@,FLA,"W,4-2",42,36,4,11,4,0,1,4,4,1,7,1,1,0,0,1,0,0,0.253,0.323,0.385,0.708,11,12,R,B.Moehler(33)
105,109,106,106,Aug 2,,LAD,"L,4-5",39,33,4,9,1,1,0,3,3,0,9,1,1,1,0,0,1,0,0.254,0.323,0.385,0.708,8,15,R,J.Weaver(57)
106,110,107,107,Aug 3,,LAD,"W,3-1",33,29,3,8,1,0,2,3,3,0,4,0,1,0,0,1,1,1,0.254,0.324,0.386,0.709,6,13,R,D.Houlton(54)
107,111,108,108,Aug 4,,LAD,"W,7-0",38,34,7,11,2,0,1,7,4,0,8,0,0,0,0,1,1,0,0.254,0.324,0.387,0.711,7,10,R,B.Penny(53)
108,112,109,109,Aug 5,,SDP,"L,5-6",40,33,5,5,1,0,0,4,6,0,11,1,0,0,1,0,0,0,0.254,0.324,0.385,0.709,8,16,R,W.Williams(35)
109,113,110,110,Aug 6,,SDP,"L,2-3",34,31,2,5,3,0,1,2,3,0,8,0,0,0,0,1,0,0,0.253,0.323,0.385,0.708,5,14,R,P.Astacio(57)
110,114,111,111,Aug 7,,SDP,"L,0-3",33,30,0,5,0,0,0,0,2,0,10,1,0,0,0,1,0,0,0.252,0.323,0.383,0.705,6,13,R,J.Peavy(85)
111,115,112,112,Aug 9,@,HOU,"W,6-5",40,32,6,8,1,0,4,6,6,1,7,0,1,1,0,1,0,0,0.252,0.323,0.385,0.708,7,14,R,E.Astacio(30)
112,116,113,113,Aug 10,@,HOU,"L,6-7",42,36,6,11,2,0,2,6,3,0,6,3,0,0,1,1,0,0,0.253,0.324,0.386,0.71,9,14,L,W.Rodriguez(36)
113,117,114,114,Aug 11,@,HOU,"L,3-6",34,31,3,5,2,0,2,3,2,0,7,0,1,0,0,0,0,0,0.252,0.323,0.387,0.71,4,12,L,A.Pettitte(69)
114,118,115,115,Aug 12,@,COL,"W,4-2",37,32,4,7,2,0,0,4,5,0,3,0,0,0,0,1,0,1,0.252,0.323,0.386,0.709,6,13,R,J.Wright(40)
115,119,116,116,Aug 13,@,COL,"W,8-0",41,37,8,13,7,0,0,8,3,0,6,0,0,1,0,0,0,1,0.252,0.324,0.387,0.711,6,15,R,B.Kim(25)
116,120,117,117,Aug 14,@,COL,"W,9-2",39,34,9,10,1,0,2,9,2,1,6,1,1,1,0,0,0,1,0.253,0.324,0.388,0.712,3,14,R,J.Acevedo(26)
117,121,118,118,Aug 15,@,PHI,"W,6-3",38,36,6,10,2,0,4,6,2,0,6,0,0,0,0,1,0,0,0.253,0.324,0.391,0.715,5,11,R,B.Myers(43)
118,122,119,119,Aug 17,@,PHI,"L,3-4",34,31,3,6,2,0,1,3,1,0,6,0,1,1,0,0,0,0,0.253,0.323,0.391,0.713,4,16,R,J.Lieber(61)
119,123,120,120,Aug 18 (1),@,PHI,"L,1-2",35,33,1,7,2,0,0,1,2,0,5,0,0,0,0,1,0,0,0.252,0.322,0.39,0.712,7,14,R,V.Padilla(58)
120,124,121,121,Aug 18 (2),@,PHI,"W,5-4",40,35,5,10,3,0,0,5,4,0,7,0,1,0,0,1,0,0,0.253,0.323,0.389,0.712,8,17,R,C.Lidle(44)
121,125,122,122,Aug 19,@,NYM,"L,0-1",32,28,0,5,2,0,0,0,2,0,6,1,1,0,0,2,0,1,0.252,0.322,0.389,0.711,5,14,R,J.Seo(77)
122,126,123,123,Aug 20,@,NYM,"L,8-9",48,43,8,14,3,0,0,8,3,0,5,1,1,0,1,1,0,0,0.253,0.323,0.389,0.711,10,18,R,P.Martinez(64)
123,127,124,124,Aug 21,@,NYM,"W,7-4",41,38,7,13,5,0,0,7,2,0,3,0,0,1,1,2,0,0,0.254,0.323,0.389,0.713,7,14,R,K.Benson(12)
124,128,125,125,Aug 23,,CIN,"L,2-6",31,30,2,4,0,0,2,2,0,0,7,1,0,0,1,1,1,1,0.253,0.322,0.389,0.711,2,15,R,L.Hudson(66)
125,129,126,126,Aug 24,,CIN,"W,5-3",39,32,5,9,4,0,1,5,4,1,4,2,1,0,0,0,0,0,0.253,0.323,0.39,0.713,10,10,R,R.Ortiz(54)
126,130,127,127,Aug 25,,CIN,"L,3-5",40,36,3,9,1,0,1,3,3,0,7,1,0,0,1,1,0,0,0.253,0.323,0.39,0.712,10,17,L,B.Claussen(58)
127,131,128,128,Aug 26,,STL,"W,4-1",34,28,4,8,1,1,1,4,5,0,5,0,0,1,0,2,0,0,0.253,0.323,0.39,0.713,6,12,R,J.Suppan(40)
128,132,129,129,Aug 27,,STL,"L,0-6",29,29,0,2,0,0,0,0,0,0,3,0,0,0,0,0,0,0,0.252,0.322,0.388,0.71,2,14,R,J.Marquis(86)
129,133,130,130,Aug 28,,STL,"L,0-6",31,29,0,4,0,0,0,0,2,0,4,0,0,0,0,2,0,0,0.251,0.321,0.386,0.707,4,13,R,C.Eldred(56)
130,134,131,131,Aug 30,@,ATL,"W,3-2",39,37,3,11,2,0,1,3,2,1,8,0,0,0,0,0,1,0,0.252,0.321,0.387,0.708,9,14,R,J.Sosa(38)
131,135,132,132,Aug 31 (1),@,ATL,"L,3-5",37,33,3,9,1,0,1,3,3,0,6,0,1,0,1,1,0,1,0.252,0.321,0.387,0.708,7,16,L,H.Ramirez(51)
132,136,133,133,Aug 31 (2),@,ATL,"W,4-3",40,36,4,11,3,0,0,2,3,0,4,0,1,0,0,0,1,1,0.252,0.321,0.387,0.708,9,12,R,J.Thomson(49)
133,138,134,134,Sep 1,@,ATL,"L,7-8",47,41,7,12,1,0,0,7,5,0,7,1,0,0,1,0,0,0,0.253,0.322,0.386,0.708,10,18,R,J.Smoltz(42)
134,139,135,135,Sep 2,,PHI,"L,1-7",36,31,1,5,2,0,0,1,4,0,3,1,0,0,0,1,0,0,0.252,0.322,0.385,0.707,8,17,R,V.Padilla(60)
135,140,136,136,Sep 3,,PHI,"W,5-4",49,44,5,10,3,0,0,5,4,0,6,1,0,0,1,0,0,0,0.252,0.321,0.384,0.706,10,17,L,E.Brito(43)
136,141,137,137,Sep 4,,PHI,"W,6-1",36,29,6,8,1,0,2,6,3,0,7,2,2,0,0,0,0,0,0.252,0.322,0.385,0.707,6,13,R,G.Floyd(53)
137,142,138,138,Sep 5,,FLA,"W,5-2",39,32,5,11,1,1,0,5,5,2,6,0,2,0,0,1,0,0,0.252,0.323,0.386,0.708,10,16,L,J.Vargas(51)
138,143,139,139,Sep 6,,FLA,"L,2-4",35,32,2,5,1,0,1,2,2,0,4,1,0,0,0,0,0,0,0.252,0.322,0.385,0.707,6,20,R,I.Valdez(52)
139,144,140,140,Sep 7,,FLA,"L,1-12",34,31,1,5,3,0,1,1,3,0,8,0,0,0,0,1,0,0,0.251,0.321,0.385,0.706,6,20,L,D.Willis(60)
140,145,141,141,Sep 8,,FLA,"L,4-8",39,36,4,10,3,3,0,4,2,0,9,0,0,1,0,0,0,0,0.251,0.321,0.386,0.707,8,19,R,J.Beckett(60)
141,146,142,142,Sep 9,,ATL,"W,8-6",41,34,8,11,4,0,1,7,6,0,4,0,1,0,1,0,0,1,0.252,0.322,0.387,0.709,9,18,L,H.Ramirez(45)
142,147,143,143,Sep 10,,ATL,"L,0-4",32,31,0,6,0,0,0,0,0,0,3,0,1,0,0,1,0,0,0.252,0.321,0.385,0.707,5,12,R,J.Sosa(73)
143,148,144,144,Sep 11,,ATL,"L,7-9",37,32,7,6,1,0,2,7,3,0,8,1,0,1,0,0,0,0,0.251,0.321,0.386,0.707,3,21,R,J.Smoltz(67)
144,149,145,145,Sep 13,@,NYM,"W,4-2",39,34,4,9,2,0,0,3,1,0,4,1,3,0,1,0,0,0,0.251,0.321,0.385,0.706,8,17,L,T.Glavine(52)
145,150,146,146,Sep 14,@,NYM,"W,6-3",41,37,6,10,2,0,2,6,4,0,7,0,0,0,0,0,0,0,0.251,0.321,0.386,0.707,8,13,R,K.Benson(30)
146,151,147,147,Sep 15,@,NYM,"W,6-5",43,38,6,13,2,0,1,6,2,0,11,1,1,1,1,2,0,0,0.252,0.322,0.387,0.708,7,21,R,J.Seo(36)
147,152,148,148,Sep 16,@,SDP,"W,5-1",38,34,5,9,2,1,0,4,3,0,8,1,0,0,0,1,0,1,0.252,0.322,0.387,0.708,6,11,R,J.Peavy(49)
148,153,149,149,Sep 17,@,SDP,"L,5-8",49,44,5,12,1,0,2,5,3,0,11,0,1,1,0,2,2,0,0.252,0.322,0.387,0.709,8,20,R,A.Eaton(39)
149,154,150,150,Sep 18,@,SDP,"L,1-2",32,28,1,5,1,0,0,1,3,0,3,0,0,1,0,2,1,1,0.252,0.321,0.386,0.707,4,14,R,P.Astacio(67)
150,155,151,151,Sep 20,,SFG,"L,3-4",37,29,3,6,1,0,0,3,5,0,7,0,1,2,0,0,0,1,0.252,0.321,0.385,0.706,7,15,R,M.Cain(66)
151,156,152,152,Sep 21,,SFG,"L,1-5",34,31,1,5,2,0,0,1,2,0,8,1,0,0,0,1,0,0,0.251,0.321,0.384,0.705,6,15,R,B.Hennessey(71)
152,157,153,153,Sep 22,,SFG,"W,2-0",31,29,2,8,2,0,0,2,1,0,5,0,1,0,0,0,0,1,0.251,0.32,0.384,0.704,5,18,R,B.Tomko(53)
153,158,154,154,Sep 23,,NYM,"L,2-5",40,36,2,7,1,0,1,2,3,0,7,1,0,0,0,0,0,0,0.251,0.32,0.383,0.704,8,18,R,S.Trachsel(68)
154,159,155,155,Sep 24,,NYM,"L,2-5",33,31,2,5,1,1,0,2,1,0,6,0,1,0,0,0,0,0,0.25,0.319,0.383,0.702,4,14,L,T.Glavine(71)
155,160,156,156,Sep 25,,NYM,"L,5-6",40,35,5,9,4,0,0,5,5,1,4,0,0,0,2,2,0,0,0.25,0.32,0.383,0.702,8,19,R,K.Benson(35)
156,161,157,157,Sep 26,@,FLA,"W,4-0",39,33,4,10,3,1,0,4,4,1,5,1,1,0,0,1,2,1,0.251,0.32,0.383,0.703,8,15,L,J.Vargas(65)
157,162,158,158,Sep 27,@,FLA,"W,11-1",51,41,11,15,6,0,1,9,8,1,8,0,1,1,1,1,0,0,0.252,0.321,0.385,0.706,13,15,L,D.Willis(16)
158,163,159,159,Sep 28,@,FLA,"W,11-7",47,40,11,15,5,0,2,11,4,1,5,2,1,0,0,1,3,0,0.252,0.322,0.387,0.709,9,13,R,B.Moehler(21)
159,164,160,160,Sep 30,,PHI,"L,3-4",39,34,3,8,2,0,0,2,3,0,11,2,0,0,0,0,3,1,0.252,0.322,0.386,0.708,9,16,R,C.Lidle(63)
160,165,161,161,Oct 1,,PHI,"L,4-8",38,36,4,8,0,0,1,4,1,0,17,1,0,0,1,0,0,0,0.252,0.322,0.385,0.708,7,17,R,B.Myers(61)
161,166,162,162,Oct 2,,PHI,"L,3-9",36,33,3,7,4,0,1,3,3,1,12,0,0,0,0,1,0,0,0.252,0.322,0.386,0.708,6,18,R,J.Lieber(58)
