,index,Rk,Gtm,Date,Unnamed: 3,Opp,Rslt,IP,H,R,ER,UER,BB,SO,HR,HBP,ERA,BF,Pit,Str,IR,IS,SB,CS,AB,2B,3B,IBB,SH,SF,ROE,GDP,#,Umpire,Pitchers Used (Rest-GameScore-Dec)
0,0,1,1,Apr 3,@,ATL,"W,6-4",10.0,9,4,4,0,0,7,1,1,3.6,39,153,95,2.0,1.0,1,0,38,2,0,0,0,0,0,1,5,Chuck Meriwether,"A.Leiter (99-63), J.Franco (99), T.Wendell (99-BSv), D.Cook (99-W), A.Benitez (99-Sv)"
1,1,2,2,Apr 4,@,ATL,"L,2-3",8.1,6,3,3,0,2,6,0,1,3.44,36,143,86,1.0,1.0,0,0,33,2,0,0,0,0,0,0,4,Brian O'Nora,"K.Appier (99-57), D.Cook (0), D.Wall (99-L), T.Wendell (0)"
2,2,3,3,Apr 5,@,ATL,"W,7-1",9.0,3,1,1,0,0,3,0,0,2.63,30,96,71,,,0,0,30,2,0,0,0,0,0,0,1,Bill Welke,R.Reed (99-80-W)
3,3,4,4,Apr 6,@,MON,"L,6-10",8.0,13,10,10,0,4,4,3,0,4.58,39,157,89,1.0,0.0,0,0,33,2,1,2,0,2,0,0,5,Rich Rieker,"G.Rusch (99-30), B.Rose (99-L), D.Cook (1), D.Wall (1), J.Franco (2)"
4,4,5,5,Apr 7,@,MON,"L,0-10",8.0,10,10,10,0,6,8,3,0,5.82,39,140,85,1.0,1.0,0,0,32,1,0,0,0,1,0,1,4,Mark Carlson,"S.Trachsel (99-10-L), T.Wendell (2), D.Wall (0), A.Benitez (3)"
5,5,6,6,Apr 8,@,MON,"L,2-5",8.0,10,5,5,0,3,9,0,1,5.79,39,170,116,0.0,0.0,3,0,34,3,0,1,0,1,0,0,4,Tim Tschida,"A.Leiter (4-35-L), D.Cook (1), T.Wendell (0), J.Franco (1)"
6,6,7,7,Apr 9,,ATL,"W,9-4",9.0,8,4,4,0,3,6,3,1,5.52,37,143,89,0.0,0.0,1,0,33,0,0,0,0,0,0,2,3,Rocky Roe,"K.Appier (4-54-W), J.Franco (0), A.Benitez (1)"
7,7,8,8,Apr 11,,ATL,"L,0-2",9.0,4,2,2,0,0,4,1,0,5.06,31,96,69,,,0,0,30,1,0,0,1,0,0,1,1,Jim Reynolds,R.Reed (5-75-L)
8,8,9,9,Apr 12,,ATL,"W,1-0",10.0,6,0,0,0,3,7,0,2,4.42,41,142,92,0.0,0.0,1,0,36,0,0,1,0,0,1,1,3,Richard Shulock,"G.Rusch (5-74), J.Franco (2), A.Benitez (2-W)"
9,9,10,10,Apr 13,,CIN,"L,2-3",9.0,5,3,2,1,2,8,1,0,4.18,34,112,69,0.0,0.0,1,0,32,2,0,1,0,0,1,1,4,Jeff Kellogg,"S.Trachsel (5-58-L), D.Wall (5), D.Cook (4), A.Benitez (0)"
10,10,11,11,Apr 14,,CIN,"L,0-1",9.0,6,1,1,0,0,9,0,0,3.88,31,116,83,0.0,0.0,0,1,31,0,0,0,0,0,0,1,2,CB Bucknor,"A.Leiter (5-74-L), J.Franco (1)"
11,11,12,12,Apr 15,,CIN,"L,1-3",9.0,13,3,3,0,5,9,0,1,3.81,45,166,103,0.0,0.0,1,1,38,3,1,2,0,1,0,0,4,Brian Runge,"K.Appier (5-39-L), D.Cook (1), T.Wendell (6), D.Wall (1)"
12,12,13,13,Apr 16,,MON,"W,4-3",9.0,7,3,3,0,1,9,0,0,3.75,35,126,90,0.0,0.0,0,0,34,2,0,0,0,0,1,0,3,Terry Craft,"R.Reed (4-58-W), J.Franco (1-H), A.Benitez (2-Sv)"
13,13,14,14,Apr 17,,MON,"W,4-0",9.0,6,0,0,0,3,9,0,0,3.47,37,140,92,0.0,0.0,1,0,34,2,0,0,0,0,1,0,2,Bill Miller,"G.Rusch (4-73-W), T.Wendell (1)"
14,14,15,15,Apr 18,,MON,"L,1-7",9.0,12,7,7,0,2,6,1,1,3.71,41,134,85,0.0,0.0,2,0,38,1,1,0,0,0,0,0,3,Jim McKean,"S.Trachsel (4-11-L), B.Rose (11), D.Wall (2)"
15,15,16,16,Apr 20,@,CIN,"L,5-9",8.0,11,9,9,0,3,7,2,2,4.08,39,140,89,0.0,0.0,0,0,34,1,0,1,0,0,0,1,4,Dale Scott,"A.Leiter (5-18-L), B.Rose (1), D.Wall (1), T.Wendell (2)"
16,16,17,17,Apr 21,@,CIN,"W,5-2",9.0,8,2,2,0,1,7,1,0,3.95,36,126,84,2.0,0.0,0,0,35,0,0,0,0,0,0,0,4,Fieldin Culbreth,"K.Appier (5-59-W), D.Cook (5-H), J.Franco (4-H), A.Benitez (4-Sv)"
17,17,18,18,Apr 22,@,CIN,"W,5-1",9.0,7,1,1,0,2,4,1,0,3.78,35,121,89,2.0,0.0,1,0,33,2,0,0,0,0,0,0,4,Andy Fletcher,"R.Reed (5-59-W), T.Wendell (1-H), D.Cook (0), A.Benitez (0)"
18,18,19,19,Apr 24,@,MIL,"L,4-6",8.0,12,6,6,0,2,9,3,0,3.93,36,152,99,0.0,0.0,0,2,33,1,0,0,1,0,0,0,4,Hunter Wendelstedt,"G.Rusch (6-31), R.White (99), D.Wall (3-L), T.Wendell (1)"
19,19,20,20,Apr 25,@,MIL,"L,2-7",8.0,13,7,4,3,4,5,0,0,3.95,41,128,75,2.0,1.0,0,0,34,0,1,3,1,2,2,0,4,Scott Higgins,"S.Trachsel (6-41-L), R.White (0), D.Cook (2), D.Wall (0)"
20,20,21,21,Apr 26,@,MIL,"L,8-12",8.0,19,12,11,1,2,6,5,1,4.32,47,168,105,2.0,1.0,1,0,42,4,0,0,2,0,1,0,5,Angel Hernandez,"B.Hinchliffe (99-7-L), T.Martin (99), T.Wendell (1), D.Cook (0), J.Franco (4)"
21,21,22,22,Apr 27,@,STL,"L,0-9",8.0,16,9,9,0,6,8,1,0,4.56,44,161,99,0.0,0.0,1,1,37,5,1,1,1,0,0,0,3,Lance Barksdale,"K.Appier (5-28-L), J.Riggan (99), A.Benitez (4)"
22,22,23,23,Apr 28,@,STL,"W,6-5",11.0,8,5,5,0,5,8,4,0,4.54,44,151,92,1.0,0.0,0,1,38,0,0,0,1,0,0,1,7,Ron Kulpa,"R.Reed (5-60), T.Wendell (1), D.Cook (1), J.Franco (1), T.Martin (1), R.White (2), A.Benitez (0-W)"
23,23,24,24,Apr 29,@,STL,"L,1-12",8.0,18,12,11,1,4,6,0,0,4.84,44,147,94,2.0,2.0,0,0,40,4,0,1,0,0,0,1,4,Wally Bell,"G.Rusch (4-9-L), D.Wall (3), J.Riggan (1), T.Martin (0)"
24,24,25,25,Apr 30,,HOU,"W,8-2",9.0,8,2,2,0,2,8,1,0,4.72,37,139,85,0.0,0.0,1,0,35,3,0,0,0,0,0,0,3,Kerwin Danley,"S.Trachsel (4-62-W), R.White (1), T.Wendell (1)"
25,26,26,26,May 1,,HOU,"W,7-5",9.0,10,5,5,0,5,7,2,0,4.73,42,168,103,2.0,2.0,3,0,37,1,0,0,0,0,0,0,4,Greg Gibson,"D.Gonzalez (99-42), T.Martin (1-W), J.Franco (2-H), A.Benitez (2-Sv)"
26,27,27,27,May 2,,HOU,"L,5-6",10.0,9,6,6,0,4,5,5,0,4.76,43,168,108,2.0,0.0,1,0,39,1,0,0,0,0,1,0,4,Dana DeMuth,"K.Appier (4-64), T.Wendell (1-H), D.Cook (3-BSv), A.Benitez (0-L)"
27,28,28,28,May 4,,ARI,"W,4-2",9.0,8,2,2,0,0,8,0,0,4.66,34,133,94,0.0,0.0,0,0,33,2,0,0,1,0,0,0,2,Doug Eddings,"R.Reed (5-68-W), J.Franco (2-Sv)"
28,29,29,29,May 5,,ARI,"W,8-1",9.0,6,1,0,1,0,5,0,1,4.49,34,131,80,0.0,0.0,0,0,31,0,0,0,0,1,0,0,3,Eric Cooper,"G.Rusch (5-70-W), T.Wendell (2), D.Wall (5)"
29,30,30,30,May 6,,ARI,"L,2-8",9.0,12,8,8,0,4,7,2,0,4.61,42,160,98,1.0,0.0,1,0,37,5,0,1,1,0,0,0,5,Brian Gorman,"S.Trachsel (5-42-L), T.Martin (4), J.Riggan (6), D.Wall (0), D.Cook (3)"
30,31,31,31,May 7,@,COL,"W,10-9",9.0,17,9,9,0,0,6,1,0,4.76,45,169,114,2.0,0.0,2,0,44,5,0,0,0,1,2,1,4,Dave Phillips,"D.Gonzalez (5-27-W), D.Cook (0-H), J.Franco (2), A.Benitez (4)"
31,32,32,32,May 8,@,COL,"L,4-12",8.0,18,12,12,0,5,4,0,1,5.0,46,167,100,3.0,0.0,1,0,39,5,1,0,1,0,0,1,5,Derryl Cousins,"K.Appier (5-20-L), T.Martin (1), D.Wall (1), J.Riggan (1), T.Wendell (2)"
32,33,33,33,May 9,@,COL,"L,0-6",8.0,11,6,6,0,0,6,2,0,5.05,34,120,82,0.0,0.0,1,1,34,1,0,0,0,0,0,0,2,Joe Brinkman,"R.Reed (4-38-L), T.Wendell (0)"
33,34,34,34,May 10,@,COL,"L,2-8",8.0,13,8,6,2,2,7,3,1,5.1,42,159,101,2.0,0.0,4,0,39,1,0,2,0,0,2,0,4,Jeff Nelson,"G.Rusch (4-36-L), T.Wendell (0), T.Martin (1), J.Riggan (1)"
34,35,35,35,May 11,@,SFG,"L,2-3",9.2,12,3,3,0,4,7,1,0,5.03,44,163,101,5.0,1.0,1,0,37,2,0,2,2,1,0,1,6,Tim Welke,"S.Trachsel (4-53), D.Cook (3), T.Wendell (0), J.Franco (3), D.Wall (2-L), A.Benitez (3)"
35,36,36,36,May 12,@,SFG,"L,3-10",8.0,10,10,9,1,6,11,1,1,5.16,42,158,97,3.0,3.0,0,0,33,4,0,1,1,1,1,0,5,Angel Hernandez,"D.Gonzalez (4-40-L), T.Martin (1), J.Riggan (1), D.Wall (0), D.Cook (0)"
36,37,37,37,May 13,@,SFG,"L,3-6",8.0,7,6,6,0,2,8,3,0,5.19,33,146,86,0.0,0.0,0,0,30,3,0,0,1,0,0,0,3,Lance Barksdale,"K.Appier (4-40-L), T.Wendell (1), J.Franco (1)"
37,38,38,38,May 15,,SDP,"W,1-0",9.0,6,0,0,0,1,8,0,0,5.05,31,130,93,0.0,0.0,1,2,30,1,0,0,0,0,0,0,2,John Hirschbeck,"R.Reed (5-78-W), A.Benitez (3-Sv)"
38,39,39,39,May 16,,SDP,"L,2-5",9.0,9,5,5,0,7,13,1,0,5.05,44,174,102,5.0,0.0,3,0,37,1,0,0,0,0,2,0,5,Chuck Meriwether,"G.Rusch (5-26-L), J.Riggan (3), T.Wendell (2), D.Cook (3), D.Wall (3)"
39,40,40,40,May 17,,SDP,"L,3-15",9.0,17,15,11,4,5,9,4,0,5.21,52,193,120,1.0,0.0,2,0,46,7,0,1,0,1,3,0,6,Brian O'Nora,"S.Trachsel (5-18-L), D.Gonzalez (4), R.White (16), J.Franco (3), A.Benitez (1), D.Relaford (99)"
40,41,41,41,May 18,,LAD,"W,8-0",9.0,5,0,0,0,1,9,0,0,5.08,32,121,78,0.0,0.0,0,0,31,1,0,0,0,0,0,1,2,Paul Schrieber,"A.Leiter (27-69-W), T.Wendell (1-Sv)"
41,42,42,42,May 19,,LAD,"L,2-10",9.0,13,10,10,0,7,6,3,0,5.2,45,173,104,1.0,1.0,3,0,38,1,2,1,0,0,0,1,3,Tony Randazzo,"K.Appier (5-46-L), R.White (1), D.Cook (2)"
42,43,43,43,May 20,,LAD,"W,6-5",9.0,7,5,3,2,1,4,0,0,5.14,36,112,77,2.0,2.0,0,0,34,3,0,0,0,1,1,0,3,Ed Montague,"R.Reed (4-60), J.Franco (2-BSv), A.Benitez (2-W)"
43,44,44,44,May 21,@,MON,"W,6-3",9.0,9,3,3,0,3,6,1,0,5.09,35,147,87,1.0,0.0,0,1,31,3,0,0,1,0,0,3,4,Ted Barrett,"G.Rusch (4-44-W), D.Cook (1-H), J.Franco (0-H), A.Benitez (0-Sv)"
44,45,45,45,May 22,@,MON,"L,0-3",8.0,10,3,2,1,2,3,1,0,5.04,34,128,82,0.0,0.0,2,1,32,1,0,0,0,0,1,2,2,Alfonso Marquez,"D.Gonzalez (4-45-L), R.White (2)"
45,46,46,46,May 23,@,MON,"W,4-2",9.0,8,2,2,0,2,9,1,0,4.97,35,130,85,0.0,0.0,0,0,33,1,0,0,0,0,0,2,4,Steve Rippley,"A.Leiter (4-56-W), T.Wendell (4-H), J.Franco (1-H), A.Benitez (1-Sv)"
46,47,47,47,May 24,,FLA,"W,11-3",9.0,6,3,3,0,0,13,1,0,4.92,33,135,90,0.0,0.0,1,0,33,2,0,0,0,0,0,0,2,Phil Cuzzi,"K.Appier (4-71-W), D.Wall (7)"
47,48,48,48,May 25,,FLA,"W,4-3",10.0,8,3,3,0,1,12,0,2,4.87,40,147,108,2.0,0.0,0,0,37,2,0,0,0,0,0,0,4,Greg Bonin,"R.Reed (4-54), D.Cook (3), T.Wendell (1), J.Franco (1-W)"
48,49,49,49,May 26,,FLA,"L,3-7",9.0,18,7,7,0,2,5,2,0,4.92,47,175,110,0.0,0.0,0,0,43,4,0,1,2,0,0,0,4,Bruce Froemming,"G.Rusch (4-31-L), R.White (3), D.Wall (1), D.Cook (0)"
49,50,50,50,May 27,,FLA,"W,5-4",9.0,13,4,4,0,1,4,1,1,4.9,38,113,77,0.0,0.0,3,0,35,1,0,0,1,0,0,3,3,Jerry Meals,"D.Gonzalez (4-42), T.Wendell (1-W), A.Benitez (3-Sv)"
50,51,51,51,May 28,,PHI,"L,3-5",10.0,12,5,5,0,2,9,2,0,4.89,44,154,97,2.0,0.0,2,0,41,1,1,0,0,1,0,0,6,Angel Hernandez,"A.Leiter (4-48), D.Cook (1), R.White (1), J.Franco (2), J.Riggan (11), A.Benitez (0-L)"
51,52,52,52,May 29,,PHI,"L,3-7",9.0,8,7,7,0,4,7,1,2,4.93,41,159,93,2.0,2.0,1,0,34,3,0,0,0,1,0,0,4,Hunter Wendelstedt,"K.Appier (4-62), D.Cook (0-L), T.Wendell (1), R.White (0)"
52,53,53,53,May 30,,PHI,"L,3-6",9.0,13,6,6,0,6,7,2,0,4.95,43,170,105,0.0,0.0,1,0,37,1,0,1,0,0,0,3,3,Mike Vanvleet,"R.Reed (4-54), J.Franco (1-L), J.Riggan (1)"
53,54,54,54,May 31,@,FLA,"L,3-5",8.0,7,5,5,0,5,9,2,0,4.96,36,139,88,3.0,2.0,1,0,31,2,0,0,0,0,0,0,3,Marvin Hudson,"G.Rusch (4-54), T.Wendell (1-BL), J.Riggan (0)"
54,56,55,55,Jun 1,@,FLA,"W,11-5",9.0,7,5,5,0,1,4,1,1,4.96,36,110,71,0.0,0.0,2,0,32,4,0,0,1,1,0,0,3,Tim Welke,"D.Gonzalez (4-47-W), R.White (2), A.Benitez (3)"
55,57,56,56,Jun 2,@,FLA,"W,7-1",9.0,6,1,1,0,1,5,1,0,4.89,33,142,88,1.0,0.0,0,0,32,1,0,0,0,0,0,0,3,Gary Cederstrom,"A.Leiter (4-63-W), R.White (0), D.Cook (3)"
56,58,57,57,Jun 3,@,FLA,"L,0-1",8.2,4,1,1,0,2,11,0,1,4.82,31,145,91,2.0,1.0,1,1,28,1,0,0,0,0,0,1,3,Dan Iassogna,"K.Appier (4-80), T.Wendell (2-L), J.Franco (3)"
57,59,58,58,Jun 5,@,PHI,"W,9-0",9.0,4,0,0,0,3,4,0,0,4.74,33,111,73,,,1,0,30,0,0,0,0,0,0,1,1,Greg Gibson,R.Reed (5-80-W)
58,60,59,59,Jun 6,@,PHI,"L,1-6",8.0,10,6,5,1,3,9,0,0,4.75,37,155,97,4.0,3.0,0,0,34,3,0,2,0,0,1,1,4,Dana DeMuth,"G.Rusch (5-37-L), J.Riggan (5), R.White (3), A.Benitez (4)"
59,61,60,60,Jun 7,@,PHI,"W,6-5",9.0,6,5,5,0,3,6,0,1,4.76,37,138,80,1.0,0.0,0,0,31,0,1,1,1,1,0,0,5,Charlie Reliford,"D.Gonzalez (5-35), T.Wendell (3), D.Cook (4), J.Franco (3-W), A.Benitez (0-Sv)"
60,62,61,61,Jun 8,@,TBD,"L,5-7",8.0,11,7,7,0,3,7,2,0,4.8,37,133,82,3.0,3.0,1,0,34,4,0,0,0,0,0,0,2,Jeff Nelson,"S.Trachsel (21-47-L), R.White (1)"
61,63,62,62,Jun 9,@,TBD,"L,2-5",8.0,6,5,2,3,4,3,1,0,4.77,35,137,84,0.0,0.0,1,0,29,2,1,0,1,1,2,1,3,Joe Brinkman,"A.Leiter (6-52-L), T.Wendell (1), J.Franco (1)"
62,64,63,63,Jun 10,@,TBD,"W,10-0",9.0,4,0,0,0,4,11,0,0,4.69,33,142,88,0.0,0.0,1,0,29,0,0,0,0,0,0,2,3,Matt Hollowell,"K.Appier (6-75-W), D.Cook (2), A.Benitez (2)"
63,65,64,64,Jun 12,@,BAL,"W,10-3",9.0,6,3,3,0,3,8,1,0,4.66,36,149,102,0.0,0.0,2,0,33,1,0,0,0,0,0,0,2,Rich Rieker,"R.Reed (6-55-W), R.White (3-Sv)"
64,66,65,65,Jun 13,@,BAL,"W,7-6",10.0,13,6,6,0,6,5,0,0,4.68,45,187,113,2.0,1.0,1,0,39,1,0,0,0,0,0,2,4,Mark Carlson,"G.Rusch (6-15), D.Gonzalez (5), J.Franco (3-W), A.Benitez (2-Sv)"
65,67,66,66,Jun 14,@,BAL,"L,2-5",8.0,8,5,4,1,2,4,1,1,4.67,34,123,78,2.0,0.0,1,0,31,1,0,0,0,0,1,2,2,Tim Tschida,"S.Trachsel (5-54-L), D.Cook (3)"
66,68,67,67,Jun 15,,NYY,"L,4-5",9.0,9,5,5,0,3,9,1,1,4.68,39,164,96,2.0,0.0,4,0,35,1,0,1,0,0,0,1,4,Dana DeMuth,"A.Leiter (5-49-L), T.Wendell (5), R.White (2), J.Franco (1)"
67,69,68,68,Jun 16,,NYY,"L,1-2",9.0,6,2,1,1,3,5,1,1,4.62,37,144,86,0.0,0.0,2,0,33,1,0,0,0,0,1,1,3,Mark Wegner,"K.Appier (5-64-L), D.Cook (1), A.Benitez (2)"
68,70,69,69,Jun 17,,NYY,"W,8-7",9.0,9,7,7,0,3,9,1,0,4.66,39,148,95,2.0,2.0,1,1,34,2,1,0,1,1,1,0,5,Laz Diaz,"R.Reed (4-43), R.White (1), D.Cook (0), T.Wendell (1-W), A.Benitez (0-Sv)"
69,71,70,70,Jun 18,,MON,"W,2-1",9.0,6,1,0,1,3,11,0,1,4.59,35,167,103,0.0,0.0,2,0,31,0,0,0,0,0,1,2,4,Doug Eddings,"G.Rusch (4-67), T.Wendell (0-W), J.Franco (2-H), A.Benitez (0-Sv)"
70,72,71,71,Jun 19,,MON,"W,4-1",9.0,5,1,1,0,1,8,1,0,4.54,33,125,81,0.0,0.0,0,0,32,1,0,0,0,0,0,1,3,Eric Cooper,"S.Trachsel (4-69), R.White (1-W), J.Franco (0-Sv)"
71,73,72,72,Jun 20,,MON,"W,4-3",9.0,5,3,0,3,4,7,0,0,4.47,37,148,93,2.0,0.0,1,0,32,2,0,0,1,0,1,0,4,Brian Gorman,"A.Leiter (4-65-W), R.White (0-H), D.Cook (2-H), A.Benitez (1-Sv)"
72,74,73,73,Jun 21,,MON,"L,3-10",9.0,14,10,8,2,3,5,2,0,4.52,43,139,91,3.0,3.0,2,0,38,2,0,0,0,2,1,2,4,Chris Guccione,"K.Appier (4-21-L), D.Gonzalez (7), T.Wendell (2), R.White (0)"
73,75,74,74,Jun 22,,ATL,"L,1-10",9.0,12,10,10,0,3,3,2,0,4.6,41,122,86,1.0,1.0,0,0,37,3,0,2,1,0,1,1,4,Wally Bell,"R.Reed (4-55-L), D.Cook (1), T.Wendell (0), D.Gonzalez (0)"
74,76,75,75,Jun 23,,ATL,"L,3-9",11.0,16,9,9,0,4,12,1,0,4.64,51,196,125,4.0,2.0,0,0,47,3,0,0,0,0,0,1,7,Marty Foster,"G.Rusch (4-52), D.Cook (0), T.Wendell (0), J.Franco (3), A.Benitez (2), R.White (1-L), D.Gonzalez (0)"
75,77,76,76,Jun 24,,ATL,"L,4-8",9.0,15,8,8,0,3,5,2,0,4.69,43,152,92,2.0,2.0,4,2,38,1,0,2,0,2,1,0,2,Ron Kulpa,"S.Trachsel (4-29-L), J.Riggan (17)"
76,78,77,77,Jun 25,@,CHC,"L,1-2",8.0,7,2,2,0,3,8,1,0,4.66,35,142,89,0.0,0.0,0,0,31,4,0,2,1,0,2,2,2,Marvin Hudson,"A.Leiter (4-58-L), J.Franco (1)"
77,79,78,78,Jun 26,@,CHC,"L,2-4",8.0,7,4,4,0,2,8,0,0,4.66,33,134,87,1.0,0.0,3,0,31,2,0,0,0,0,0,0,3,Tim Welke,"K.Appier (4-48-L), T.Wendell (2), D.Cook (2)"
78,80,79,79,Jun 27,@,CHC,"W,5-4",9.0,9,4,4,0,2,7,2,0,4.65,38,145,91,2.0,0.0,0,1,35,3,0,1,1,0,1,0,5,Gary Cederstrom,"R.Reed (4-30), G.Roberts (99), R.White (3-W), J.Franco (1-H), A.Benitez (3-Sv)"
79,81,80,80,Jun 28,@,ATL,"L,2-6",9.1,9,6,6,0,5,5,2,1,4.67,43,140,90,2.0,0.0,1,0,34,0,0,3,3,0,0,1,5,Bruce Froemming,"G.Rusch (4-50), T.Wendell (1), J.Franco (0), D.Cook (1), A.Benitez (0-L)"
80,82,81,81,Jun 29,@,ATL,"W,3-1",9.0,7,1,0,1,2,6,0,0,4.61,36,141,92,3.0,0.0,1,0,34,1,0,1,0,0,1,1,4,Jerry Meals,"S.Trachsel (4-67-W), T.Wendell (0-H), D.Cook (0-H), A.Benitez (0-Sv)"
81,83,82,82,Jun 30,@,ATL,"L,2-5",8.0,10,5,3,2,1,5,0,0,4.59,35,109,72,0.0,0.0,0,1,34,2,1,0,0,0,1,0,2,Phil Cuzzi,"A.Leiter (4-47-L), R.White (2)"
82,85,83,83,Jul 1,@,ATL,"W,2-1",9.0,4,1,1,0,2,6,0,1,4.55,33,141,89,0.0,0.0,0,0,30,0,0,0,0,0,0,1,2,Mark Barron,"K.Appier (4-82-W), A.Benitez (1-Sv)"
83,86,84,84,Jul 3,,CHC,"L,0-3",9.0,6,3,3,0,2,8,2,0,4.53,34,139,90,1.0,1.0,0,0,31,2,0,0,1,0,0,1,3,Derryl Cousins,"R.Reed (5-71-L), T.Wendell (3), D.Cook (3)"
84,87,85,85,Jul 4,,CHC,"W,2-1",9.0,6,1,1,0,1,5,0,0,4.49,32,120,76,0.0,0.0,0,0,31,1,0,0,0,0,0,2,3,Jeff Nelson,"G.Rusch (5-66-W), J.Franco (5-H), A.Benitez (2-Sv)"
85,88,86,86,Jul 5,,CHC,"L,4-13",9.0,15,13,13,0,5,6,3,0,4.59,46,160,96,1.0,0.0,1,0,40,4,2,2,1,0,0,1,5,Mike Fichter,"S.Trachsel (5-16-L), R.White (4), D.Wall (39), T.Wendell (1), D.Cook (1)"
86,89,87,87,Jul 6,@,NYY,"L,3-8",8.0,10,8,4,4,4,5,2,0,4.59,37,146,87,0.0,0.0,2,0,33,0,0,0,0,0,1,1,3,Larry Young,"A.Leiter (5-30-L), R.White (0), T.Wendell (0)"
87,90,88,88,Jul 7,@,NYY,"W,3-0",10.0,4,0,0,0,4,9,0,0,4.53,36,138,83,0.0,0.0,0,0,31,0,0,0,1,0,0,1,3,Andy Fletcher,"K.Appier (5-79), J.Franco (2-W), A.Benitez (2-Sv)"
88,91,89,89,Jul 8,@,NYY,"L,1-4",8.0,6,4,2,2,3,5,1,0,4.51,34,126,77,5.0,1.0,1,0,29,0,2,1,0,2,1,0,4,Fieldin Culbreth,"G.Rusch (3-61), T.Wendell (1-L), D.Wall (2), D.Cook (2)"
89,92,90,90,Jul 12,,BOS,"W,4-2",9.0,7,2,2,0,0,10,1,0,4.48,33,129,86,1.0,0.0,0,1,32,2,0,0,1,0,0,0,3,Randy Marsh,"A.Leiter (5-66-W), J.Franco (4-H), A.Benitez (4-Sv)"
90,93,91,91,Jul 13,,BOS,"L,1-3",9.0,4,3,2,1,1,9,1,2,4.45,34,129,79,0.0,0.0,0,0,30,0,0,0,1,0,2,2,4,Hunter Wendelstedt,"K.Appier (5-60-L), R.White (6), D.Cook (4), T.Wendell (4)"
91,94,92,92,Jul 14,,BOS,"W,2-0",9.0,1,0,0,0,1,12,0,0,4.4,30,134,90,0.0,0.0,0,0,29,0,0,0,0,0,1,0,2,Jim Wolf,"G.Rusch (5-89-W), A.Benitez (1-Sv)"
92,95,93,93,Jul 15,,TOR,"W,6-2",9.0,7,2,2,0,1,10,1,0,4.37,35,145,103,0.0,0.0,0,0,34,1,0,0,0,0,0,0,3,Angel Hernandez,"R.Reed (11-65-W), J.Franco (2), T.Wendell (1)"
93,96,94,94,Jul 16,,TOR,"W,3-0",9.0,4,0,0,0,3,6,0,0,4.33,33,143,89,1.0,0.0,1,0,29,0,0,0,1,0,0,1,2,Jerry Crawford,"S.Trachsel (10-78-W), A.Benitez (1-Sv)"
94,97,95,95,Jul 17,,TOR,"W,1-0",9.0,10,0,0,0,2,10,0,0,4.28,37,143,93,1.0,0.0,0,1,34,0,0,0,1,0,1,1,4,Brian Gorman,"A.Leiter (4-67-W), T.Wendell (1-H), D.Cook (3-H), A.Benitez (0-Sv)"
95,98,96,96,Jul 18,,FLA,"W,4-3",11.0,7,3,2,1,4,13,0,0,4.25,43,173,112,5.0,0.0,0,0,38,1,0,0,0,1,1,2,4,Rob Drake,"K.Appier (4-58), R.White (4), D.Wall (9), T.Wendell (0-W)"
96,99,97,97,Jul 19,,FLA,"L,3-8",9.0,12,8,8,0,1,4,2,1,4.29,42,142,96,0.0,0.0,0,0,37,2,0,1,3,0,1,0,3,Charlie Reliford,"G.Rusch (4-34-L), R.White (0), J.Franco (3)"
97,100,98,98,Jul 20,@,PHI,"L,1-10",8.0,12,10,10,0,2,7,3,0,4.35,38,135,99,1.0,1.0,1,0,36,2,0,0,0,0,0,0,5,Alfonso Marquez,"R.Reed (4-21-L), R.White (0), D.Wall (1), D.Cook (2), T.Wendell (1)"
98,101,99,99,Jul 21,@,PHI,"W,6-3",9.0,6,3,3,0,0,10,2,0,4.34,33,126,83,0.0,0.0,0,0,31,2,1,0,1,1,0,0,3,Scott Packard,"S.Trachsel (4-61-W), J.Franco (1-H), A.Benitez (3-Sv)"
99,102,100,100,Jul 22,@,PHI,"L,2-3",8.0,7,3,3,0,2,6,2,1,4.33,33,124,82,0.0,0.0,1,1,30,1,0,0,0,0,0,0,2,Mike Winters,"A.Leiter (4-60), J.Franco (0-L)"
100,103,101,101,Jul 24,@,FLA,"L,3-4",8.0,9,4,4,0,1,9,0,0,4.33,33,121,82,0.0,0.0,0,0,32,3,0,0,0,0,0,1,4,Marvin Hudson,"K.Appier (5-30-L), J.Riggan (29), R.White (3), D.Cook (3)"
101,104,102,102,Jul 25,@,FLA,"W,5-2",9.0,8,2,2,0,3,8,1,0,4.31,36,176,116,2.0,0.0,0,0,32,1,1,0,1,0,0,1,4,Tim Welke,"G.Rusch (5-56-W), T.Wendell (4-H), J.Franco (2-H), A.Benitez (3-Sv)"
102,105,103,103,Jul 26,,PHI,"L,2-3",9.0,11,3,3,0,1,6,0,0,4.29,38,125,94,2.0,2.0,1,1,35,2,1,1,1,1,0,0,3,Mike Everitt,"R.Reed (5-48-L), D.Cook (1-BSv), T.Wendell (0)"
103,106,104,104,Jul 27,,PHI,"W,6-1",9.0,7,1,0,1,0,7,0,1,4.25,36,146,95,0.0,0.0,2,0,35,0,0,0,0,0,2,1,2,Mike Fichter,"S.Trachsel (5-74-W), R.White (2)"
104,107,105,105,Jul 28,,PHI,"W,4-3",9.0,12,3,2,1,1,7,1,0,4.23,39,159,102,0.0,0.0,2,1,37,2,0,0,1,0,1,1,4,Richard Shulock,"A.Leiter (5-48), J.Riggan (3-BSv), J.Franco (2), A.Benitez (2-W)"
105,108,106,106,Jul 29,,PHI,"W,6-5",9.0,9,5,5,0,4,5,2,0,4.24,37,120,72,0.0,0.0,1,0,32,1,0,1,0,1,0,2,3,Jim Reynolds,"K.Appier (4-58), J.Franco (0-BSv), A.Benitez (0-BW)"
106,109,107,107,Jul 31,@,HOU,"L,2-3",9.1,8,3,3,0,0,6,2,1,4.22,37,137,96,3.0,0.0,0,0,36,0,0,0,0,0,0,0,3,Wally Bell,"G.Rusch (5-57), R.White (3), J.Riggan (2-L)"
107,111,108,108,Aug 1,@,HOU,"W,8-2",10.0,4,2,2,0,6,6,0,0,4.2,39,143,86,3.0,2.0,0,1,32,0,0,0,0,1,0,1,5,Gerry Davis,"B.Chen (26-59), G.Roberts (34-BSv), J.Franco (2), R.White (0-W), D.Wall (11)"
108,112,109,109,Aug 2,@,HOU,"L,3-4",9.2,8,4,4,0,6,6,0,0,4.19,41,165,96,0.0,0.0,0,0,33,1,0,2,2,0,0,1,4,Mark Carlson,"S.Trachsel (5-70), J.Franco (0-H), A.Benitez (3-BSv), J.Riggan (1-L)"
109,113,110,110,Aug 3,@,ARI,"L,0-7",8.0,14,7,7,0,1,5,2,0,4.22,38,134,91,0.0,0.0,2,0,37,2,0,0,0,0,0,1,3,Dave Phillips,"A.Leiter (5-26-L), G.Roberts (1), D.Wall (1)"
110,114,111,111,Aug 4,@,ARI,"W,4-2",9.0,9,2,2,0,3,6,1,0,4.2,35,142,80,0.0,0.0,0,1,32,1,0,0,0,0,0,1,3,Mark Wegner,"K.Appier (5-60-W), J.Franco (1-H), A.Benitez (1-Sv)"
111,115,112,112,Aug 5,@,ARI,"L,1-2",8.0,7,2,2,0,1,9,2,0,4.19,30,125,78,0.0,0.0,1,0,28,1,0,0,1,0,0,1,2,Lance Barksdale,"G.Rusch (4-69), R.White (3-L)"
112,116,113,113,Aug 7,,MIL,"W,3-0",9.0,2,0,0,0,2,11,0,0,4.15,31,118,86,0.0,0.0,0,0,29,0,0,0,0,0,0,0,3,Brian O'Nora,"B.Chen (5-78-W), J.Franco (2-H), A.Benitez (2-Sv)"
113,117,114,114,Aug 8,,MIL,"W,5-4",9.0,6,4,4,0,3,11,3,1,4.15,37,141,92,0.0,0.0,0,0,32,2,0,0,1,0,0,0,3,Chuck Meriwether,"S.Trachsel (5-69-W), R.White (2-H), A.Benitez (0-Sv)"
114,118,115,115,Aug 9,,MIL,"W,4-3",9.0,5,3,3,0,4,7,1,0,4.14,36,145,89,1.0,0.0,0,0,29,0,1,1,1,2,0,0,2,Bill Welke,"A.Leiter (5-56-W), R.White (0-Sv)"
115,119,116,116,Aug 10,,STL,"L,6-7",10.0,12,7,7,0,3,7,2,1,4.16,43,147,95,1.0,0.0,1,1,35,4,0,0,2,2,0,0,5,Mark Barron,"K.Appier (5-33), J.Riggan (7), J.Franco (2), A.Benitez (1), R.White (0-L)"
116,120,117,117,Aug 11,,STL,"L,3-6",9.0,10,6,3,3,1,8,2,0,4.15,38,131,84,1.0,0.0,1,0,37,2,0,0,0,0,1,0,3,Bruce Froemming,"G.Rusch (5-32-L), G.Roberts (7), D.Wall (7)"
117,121,118,118,Aug 12,,STL,"L,1-4",9.0,8,4,4,0,4,8,2,0,4.15,38,146,89,1.0,0.0,1,0,34,3,0,0,0,0,0,0,3,Jerry Meals,"B.Chen (4-50-L), R.White (1), D.Wall (0)"
118,122,119,119,Aug 14,@,SDP,"L,0-6",8.0,8,6,6,0,3,9,1,0,4.17,34,143,90,0.0,0.0,2,0,31,2,1,1,0,0,0,1,3,Tony Randazzo,"S.Trachsel (5-28-L), G.Roberts (2), J.Riggan (3)"
119,123,120,120,Aug 15,@,SDP,"L,1-2",8.0,9,2,2,0,3,6,0,0,4.15,32,125,72,0.0,0.0,0,1,28,2,0,0,1,0,0,3,2,Paul Schrieber,"A.Leiter (5-57-L), J.Franco (4)"
120,124,121,121,Aug 16,@,SDP,"L,5-6",8.0,10,6,5,1,5,7,2,0,4.16,37,183,106,2.0,0.0,0,2,31,2,0,1,0,1,0,0,3,Jerry Layne,"K.Appier (5-40), J.Riggan (1-H), R.White (3-BL)"
121,125,122,122,Aug 17,@,LAD,"L,3-8",8.0,10,8,8,0,2,4,2,0,4.2,35,125,76,2.0,0.0,2,0,32,3,0,0,1,0,0,0,4,Ted Barrett,"G.Rusch (5-28-L), G.Roberts (2), D.Wall (4), A.Benitez (6)"
122,126,123,123,Aug 18,@,LAD,"W,5-4",9.0,8,4,3,1,2,9,2,0,4.19,35,126,80,0.0,0.0,1,2,33,2,0,0,0,0,1,0,4,Alfonso Marquez,"B.Chen (5-48), J.Riggan (1-W), R.White (1-H), A.Benitez (0-Sv)"
123,127,124,124,Aug 19,@,LAD,"W,6-5",9.0,10,5,5,0,0,7,3,0,4.2,37,128,82,1.0,1.0,2,0,37,3,0,0,0,0,0,0,3,Ron Barnes,"S.Trachsel (4-51-W), R.White (0-H), A.Benitez (0-Sv)"
124,128,125,125,Aug 21,,COL,"W,5-2",9.0,9,2,2,0,0,8,0,1,4.18,35,126,87,2.0,1.0,2,0,34,1,0,0,0,0,0,2,4,Bill Miller,"A.Leiter (5-66-W), J.Riggan (2), J.Franco (5-H), A.Benitez (1-Sv)"
125,129,126,126,Aug 22,,COL,"W,2-1",9.0,2,1,1,0,3,9,1,1,4.15,34,132,88,0.0,0.0,0,0,30,0,0,0,0,0,1,0,3,Tim Timmons,"K.Appier (5-75-W), R.White (2-H), A.Benitez (0-Sv)"
126,130,127,127,Aug 23,,COL,"L,0-10",9.0,17,10,8,2,4,7,1,0,4.18,48,176,124,0.0,0.0,3,0,41,2,0,0,1,2,1,1,3,Matt Hollowell,"G.Rusch (5-34-L), G.Roberts (5), D.Wall (5)"
127,131,128,128,Aug 24,,SFG,"W,4-3",9.0,4,3,3,0,4,7,1,0,4.17,34,138,88,0.0,0.0,0,0,29,0,0,0,0,1,0,1,3,Brian Gorman,"B.Chen (5-68-W), J.Franco (2-H), A.Benitez (1-Sv)"
128,132,129,129,Aug 25,,SFG,"W,3-2",11.0,9,2,2,0,5,15,1,0,4.15,45,176,109,0.0,0.0,1,0,39,1,0,1,1,0,0,2,4,Doug Eddings,"S.Trachsel (5-73), R.White (2-BSv), A.Benitez (0), J.Riggan (3-W)"
129,133,130,130,Aug 26,,SFG,"W,6-5",9.0,7,5,5,0,4,9,1,0,4.16,37,151,94,0.0,0.0,0,0,31,1,2,0,1,1,0,1,2,Eric Cooper,"A.Leiter (4-64-W), A.Benitez (0-Sv)"
130,134,131,131,Aug 27,,SFG,"L,5-6",9.0,12,6,6,0,6,4,3,0,4.17,44,163,93,0.0,0.0,0,0,37,1,0,1,0,1,0,1,4,Jerry Crawford,"K.Appier (4-41), G.Roberts (3), J.Riggan (1), R.White (1-L)"
131,135,132,132,Aug 28,,PHI,"L,6-9",11.0,14,9,9,0,6,9,2,0,4.2,53,204,122,5.0,0.0,1,0,47,5,0,1,0,0,0,0,5,Dale Scott,"G.Rusch (4-31), G.Roberts (0), J.Franco (3-BSv), A.Benitez (1), D.Wall (4-L)"
132,136,133,133,Aug 29,,PHI,"W,7-5",9.0,7,5,5,0,4,9,2,0,4.21,37,159,101,0.0,0.0,0,1,33,2,0,0,0,0,1,1,3,Larry Young,"B.Chen (4-42-W), J.Riggan (1-H), A.Benitez (0-Sv)"
133,137,134,134,Aug 30,,PHI,"W,6-2",9.0,5,2,2,0,0,11,2,0,4.19,32,141,96,0.0,0.0,0,0,32,2,0,0,0,0,0,0,2,Andy Fletcher,"S.Trachsel (4-70-W), R.White (2)"
134,138,135,135,Aug 31,,FLA,"W,6-1",9.0,5,1,1,0,2,8,0,0,4.17,34,125,81,0.0,0.0,0,0,32,2,0,0,0,0,0,0,2,Dave Phillips,"A.Leiter (4-73-W), J.Riggan (1)"
135,140,136,136,Sep 1,,FLA,"W,3-2",11.0,6,2,2,0,4,12,1,1,4.14,44,165,108,0.0,0.0,1,0,37,0,1,0,1,1,0,0,4,Mark Wegner,"K.Appier (4-71), A.Benitez (2), R.White (1), G.Roberts (3-W)"
136,141,137,137,Sep 2,,FLA,"L,1-5",9.0,10,5,5,0,1,7,3,0,4.15,37,133,94,0.0,0.0,0,1,35,0,1,0,1,0,0,0,3,Lance Barksdale,"G.Rusch (4-53-L), T.Martin (99), D.Wall (4)"
137,142,138,138,Sep 3,@,PHI,"W,10-7",9.0,10,7,5,2,4,2,1,0,4.16,39,149,94,1.0,1.0,0,1,33,3,1,1,1,1,1,1,4,Tony Randazzo,"B.Chen (4-37), J.Riggan (2), C.Nitkowski (15-W), A.Benitez (1-Sv)"
138,143,139,139,Sep 4,@,PHI,"W,5-3",9.0,8,3,3,0,2,4,0,0,4.15,36,116,75,1.0,0.0,0,0,33,1,0,0,1,0,0,0,3,Paul Schrieber,"S.Trachsel (4-53-W), R.White (2-H), A.Benitez (0-Sv)"
139,144,140,140,Sep 5,@,PHI,"W,7-4",9.0,5,4,4,0,3,13,3,0,4.15,33,160,100,0.0,0.0,0,0,29,0,0,0,1,0,0,2,3,Jerry Layne,"A.Leiter (4-54-W), J.Riggan (1), R.White (0)"
140,145,141,141,Sep 6,@,FLA,"W,5-2",9.0,10,2,2,0,3,6,1,2,4.13,40,149,97,6.0,0.0,0,0,35,2,0,0,0,0,0,0,5,Bill Miller,"K.Appier (4-50-W), T.Martin (3-H), J.Riggan (0-H), G.Roberts (4-H), A.Benitez (1-Sv)"
141,146,142,142,Sep 7,@,FLA,"W,6-1",9.0,8,1,0,1,0,8,0,0,4.1,32,112,77,,,0,1,32,1,0,0,0,0,0,2,1,Bill Welke,G.Rusch (4-77-W)
142,147,143,143,Sep 8,@,FLA,"W,9-7",9.0,11,7,7,0,9,5,0,0,4.12,44,178,99,9.0,2.0,2,0,34,4,0,2,0,1,0,1,8,John Hirschbeck,"B.Chen (4-31), P.Walker (99), G.Roberts (1), C.Nitkowski (4), J.Riggan (1), R.White (2-H), J.Franco (10-BW), A.Benitez (1-Sv)"
143,148,144,144,Sep 9,@,FLA,"L,2-4",8.0,9,4,4,0,2,4,0,0,4.12,37,162,107,1.0,1.0,1,0,34,1,1,0,0,1,1,0,4,Chuck Meriwether,"S.Trachsel (4-53-L), D.Wall (6), T.Martin (2), R.White (0)"
144,149,145,145,Sep 17,@,PIT,"W,4-1",9.0,5,1,1,0,3,6,0,0,4.1,34,139,86,0.0,0.0,1,0,31,1,0,0,0,0,0,1,3,Ed Rapuano,"A.Leiter (11-65), J.Franco (8-W), A.Benitez (8-Sv)"
145,150,146,146,Sep 18,@,PIT,"W,7-5",9.0,6,5,3,2,2,6,2,0,4.1,35,133,81,0.0,0.0,0,1,31,0,1,0,1,1,2,0,4,Paul Emmel,"K.Appier (11-51), J.Riggan (9-W), R.White (8-H), A.Benitez (0-Sv)"
146,151,147,147,Sep 19,@,PIT,"W,9-2",9.0,11,2,2,0,1,5,0,1,4.08,39,114,78,3.0,0.0,0,0,37,3,0,0,0,0,0,1,4,Jim Wolf,"G.Rusch (11-37), D.Gonzalez (87-W), T.Martin (9), C.Nitkowski (10)"
147,152,148,148,Sep 21,,ATL,"W,3-2",9.0,9,2,1,1,3,7,0,0,4.06,36,139,92,2.0,1.0,2,0,33,2,0,0,0,0,0,2,3,Wally Bell,"B.Chen (12-67), J.Franco (3), A.Benitez (2-W)"
148,153,149,149,Sep 22,,ATL,"W,7-3",9.0,9,3,1,2,5,8,1,0,4.04,40,143,91,2.0,0.0,1,0,35,2,0,0,0,0,0,1,3,Marty Foster,"S.Trachsel (12-63-W), R.White (3-H), A.Benitez (0-Sv)"
149,154,150,150,Sep 23,,ATL,"L,4-5",11.0,8,5,5,0,4,12,2,0,4.04,43,177,113,2.0,0.0,1,0,38,1,0,0,1,0,0,0,4,Mark Hirschbeck,"A.Leiter (5-78), A.Benitez (0-BSv), J.Franco (1), J.Riggan (4-L)"
150,155,151,151,Sep 25,@,MON,"W,2-0",9.0,4,0,0,0,1,3,0,0,4.01,31,119,76,,,1,0,30,1,0,0,0,0,0,1,1,Rick Reed,K.Appier (6-81-W)
151,156,152,152,Sep 26,@,MON,"W,5-2",9.0,9,2,2,0,1,7,0,0,4.0,35,127,88,2.0,1.0,0,0,34,3,0,0,0,0,1,0,3,Dave Phillips,"G.Rusch (6-59-W), R.White (3-H), A.Benitez (2-Sv)"
152,157,153,153,Sep 27,@,MON,"W,12-6",9.0,10,6,5,1,3,6,2,0,4.01,38,143,88,0.0,0.0,0,1,34,2,0,1,0,1,0,1,6,Mark Wegner,"B.Chen (5-21), D.Gonzalez (7), G.Roberts (18), R.White (0-W), J.Franco (3-H), J.Riggan (3)"
153,158,154,154,Sep 28,@,ATL,"L,3-5",8.0,7,5,5,0,4,11,3,0,4.02,35,127,80,0.0,0.0,0,1,31,0,0,0,0,0,1,0,2,Doug Eddings,"S.Trachsel (5-50-L), G.Roberts (0)"
154,159,155,155,Sep 29,@,ATL,"L,5-8",8.2,8,8,8,0,6,7,2,0,4.04,40,163,94,2.0,2.0,0,0,34,1,0,1,0,0,2,1,3,Eric Cooper,"A.Leiter (5-73), A.Benitez (2-L), J.Franco (1-BSv)"
155,160,156,156,Sep 30,@,ATL,"W,9-6",9.0,9,6,6,0,2,9,1,0,4.05,38,157,99,0.0,0.0,1,0,36,2,0,0,0,0,0,0,5,Jerry Crawford,"K.Appier (4-52-W), J.Riggan (2-H), G.Roberts (1), D.Gonzalez (2-H), A.Benitez (0-Sv)"
156,161,157,157,Oct 1,,PIT,"L,1-5",9.0,11,5,5,0,2,9,1,0,4.06,38,130,89,2.0,0.0,1,1,34,1,0,1,0,2,0,1,5,Brian O'Nora,"G.Rusch (4-45-L), D.Gonzalez (0), J.Riggan (0), R.White (3), D.Wall (21)"
157,162,158,158,Oct 2,,PIT,"L,1-10",9.0,15,10,9,1,3,12,1,0,4.09,46,172,112,2.0,1.0,0,0,41,2,1,1,1,1,1,0,5,Fieldin Culbreth,"B.Chen (4-37-L), G.Roberts (1), M.Corey (99), C.Nitkowski (12), T.Martin (12)"
158,163,159,159,Oct 3,,PIT,"W,3-0",9.0,2,0,0,0,2,7,0,0,4.07,31,110,73,,,0,0,29,0,0,0,0,0,0,0,1,Larry Young,S.Trachsel (4-88-W)
159,164,160,160,Oct 5,,MON,"L,6-8",9.0,11,8,8,0,4,6,0,0,4.09,41,158,97,2.0,2.0,2,0,36,4,1,1,0,1,0,1,4,Derryl Cousins,"A.Leiter (5-14-L), M.Corey (2), T.Martin (2), C.Nitkowski (2)"
160,165,161,161,Oct 6,,MON,"W,4-0",9.0,6,0,0,0,2,12,0,0,4.07,33,135,89,0.0,0.0,2,2,31,0,1,0,0,0,0,0,2,Matt Hollowell,"K.Appier (5-79-W), J.Riggan (4)"
161,166,162,162,Oct 7,,MON,"L,0-5",9.0,7,5,5,0,0,10,1,0,4.07,35,121,86,0.0,0.0,1,0,35,1,1,0,0,0,1,0,2,Lance Barksdale,"G.Rusch (5-59-L), P.Walker (28)"
