,index,Rk,Gtm,Date,Unnamed: 3,Opp,Rslt,PA,AB,R,H,2B,3B,HR,RBI,BB,IBB,SO,HBP,SH,SF,ROE,GDP,SB,CS,BA,OBP,SLG,OPS,LOB,#,Thr,Opp. Starter (GmeSc)
0,0,1,1,Apr 6,,SFG,"W,5-4",36,32,5,7,2,0,2,5,2,0,9,1,1,0,3,0,0,0,0.219,0.286,0.469,0.754,7,14,R,T.Lincecum(42)
1,1,2,2,Apr 7,,SFG,"W,5-4",37,32,5,10,2,0,2,5,4,2,7,1,0,0,0,2,0,0,0.266,0.347,0.516,0.863,8,13,L,M.Bumgarner(33)
2,2,3,3,Apr 8,,SFG,"W,7-6",38,33,7,8,3,0,2,6,4,0,5,0,1,0,1,1,1,0,0.258,0.339,0.515,0.855,7,15,R,M.Cain(42)
3,3,4,4,Apr 10,@,SDP,"W,4-2",43,39,4,7,1,0,1,4,3,1,11,1,0,0,0,0,3,1,0.235,0.316,0.449,0.764,6,17,R,E.Volquez(64)
4,4,5,5,Apr 11,@,SDP,"L,1-2",39,32,1,5,0,1,0,1,7,0,10,0,0,0,0,0,1,0,0.22,0.314,0.405,0.719,11,12,L,C.Luebke(57)
5,5,6,6,Apr 12,@,SDP,"W,3-1",36,32,3,6,3,0,1,3,4,0,8,0,0,0,1,1,0,1,0.215,0.308,0.4,0.708,6,14,R,A.Bass(56)
6,6,7,7,Apr 13,@,COL,"L,6-7",42,35,6,9,2,0,1,6,6,0,7,0,0,1,1,0,0,0,0.221,0.316,0.4,0.716,9,14,R,J.Nicasio(22)
7,7,8,8,Apr 14,@,COL,"L,7-8",43,36,7,11,2,0,1,7,5,0,8,0,1,1,2,2,1,1,0.232,0.325,0.406,0.731,9,14,R,J.Chacin(52)
8,8,9,9,Apr 15,@,COL,"W,5-2",40,37,5,10,1,0,1,5,3,0,11,0,0,0,0,0,4,0,0.237,0.325,0.403,0.727,8,13,L,D.Pomeranz(26)
9,9,10,10,Apr 16,,PIT,"W,5-1",35,31,5,8,0,0,3,5,4,0,6,0,0,0,0,1,0,0,0.239,0.326,0.416,0.742,6,13,L,E.Bedard(52)
10,10,11,11,Apr 17,,PIT,"L,4-5",35,33,4,7,3,0,1,4,2,0,6,0,0,0,0,1,1,0,0.237,0.321,0.414,0.735,4,14,R,J.Karstens(39)
11,11,12,12,Apr 18,,PIT,"L,1-2",34,30,1,6,0,2,0,1,4,1,7,0,0,0,0,2,0,1,0.234,0.319,0.408,0.727,6,12,R,J.McDonald(53)
12,12,13,13,Apr 19,,ATL,"L,2-10",34,30,2,5,0,0,0,2,2,0,10,0,1,1,1,0,2,0,0.229,0.311,0.391,0.703,5,13,L,M.Minor(75)
13,13,14,14,Apr 20,,ATL,"L,1-9",33,31,1,6,0,0,0,1,2,0,6,0,0,0,0,1,0,1,0.227,0.307,0.378,0.685,5,14,R,B.Beachy(74)
14,14,15,15,Apr 21,,ATL,"L,2-3",33,31,2,5,1,0,1,2,1,0,13,0,1,0,0,0,0,0,0.223,0.3,0.372,0.673,4,12,R,T.Hanson(65)
15,15,16,16,Apr 22,,ATL,"W,6-4",36,29,6,7,2,0,1,6,5,1,7,2,0,0,0,1,1,1,0.224,0.306,0.375,0.68,6,13,R,R.Delgado(44)
16,16,17,17,Apr 23,,PHI,"W,9-5",42,35,9,16,6,0,2,9,3,0,7,1,1,2,0,1,1,0,0.238,0.317,0.401,0.719,9,16,R,K.Kendrick(9)
17,17,18,18,Apr 24,,PHI,"L,5-8",38,36,5,9,4,0,2,5,1,0,11,1,0,0,0,0,1,0,0.239,0.316,0.409,0.725,6,13,R,V.Worley(63)
18,18,19,19,Apr 25,,PHI,"L,2-7",31,30,2,4,1,0,0,2,1,0,7,0,0,0,0,1,0,1,0.234,0.309,0.397,0.706,2,15,L,C.Hamels(72)
19,19,20,20,Apr 27,@,MIA,"W,5-0",44,37,5,15,1,0,1,5,4,2,4,1,1,1,0,2,1,0,0.244,0.318,0.404,0.722,12,9,R,C.Zambrano(40)
20,20,21,21,Apr 28,@,MIA,"L,2-3",35,30,2,3,2,0,0,2,5,0,15,0,0,0,0,0,0,0,0.237,0.314,0.394,0.708,6,12,R,A.Sanchez(73)
21,21,22,22,Apr 29,@,MIA,"W,8-4",45,39,8,14,3,0,0,8,5,2,11,0,1,0,0,1,2,0,0.244,0.32,0.396,0.716,10,15,R,J.Johnson(34)
22,22,23,23,Apr 30,@,MIA,"W,9-5",44,35,9,10,1,0,2,9,4,0,6,1,2,2,3,1,2,0,0.246,0.322,0.4,0.722,8,13,L,M.Buehrle(31)
23,24,24,24,May 1,@,WSN,"W,5-1",41,35,5,13,3,0,0,5,2,2,7,1,2,1,0,1,2,0,0.251,0.326,0.403,0.728,9,11,R,J.Zimmermann(48)
24,25,25,25,May 2,@,WSN,"L,4-5",37,34,4,11,1,0,1,4,2,1,6,0,0,1,0,1,2,2,0.254,0.327,0.404,0.731,6,13,R,E.Jackson(41)
25,26,26,26,May 3,@,WSN,"L,1-2",32,29,1,3,1,0,0,1,3,0,3,0,0,0,0,1,0,0,0.249,0.322,0.395,0.717,4,11,L,R.Detwiler(62)
26,27,27,27,May 4,@,NYM,"W,5-4",42,36,5,8,2,0,1,5,5,1,9,1,0,0,1,0,0,0,0.248,0.323,0.394,0.717,10,14,R,D.Gee(59)
27,28,28,28,May 5,@,NYM,"L,3-4",39,36,3,10,2,0,1,3,2,0,7,0,1,0,0,0,1,0,0.249,0.323,0.395,0.717,9,15,L,J.Santana(51)
28,29,29,29,May 6,@,NYM,"L,1-3",33,29,1,4,2,0,0,1,4,0,5,0,0,0,0,1,0,0,0.246,0.32,0.389,0.709,5,11,R,R.Dickey(70)
29,30,30,30,May 7,,STL,"L,6-9",43,38,6,12,1,1,1,6,5,0,13,0,0,0,0,0,1,0,0.249,0.323,0.392,0.715,10,18,R,L.Lynn(64)
30,31,31,31,May 8,,STL,"L,1-6",35,32,1,6,1,0,0,1,3,0,11,0,0,0,0,1,0,0,0.247,0.321,0.387,0.708,7,13,R,J.Westbrook(75)
31,32,32,32,May 9,,STL,"L,2-7",38,36,2,12,3,0,0,2,2,0,7,0,0,0,0,2,0,0,0.25,0.323,0.388,0.71,9,16,R,K.Lohse(51)
32,33,33,33,May 11,,SFG,"W,5-1",38,34,5,9,3,0,2,5,3,1,7,0,0,0,1,0,0,0,0.25,0.323,0.392,0.715,9,12,L,M.Bumgarner(43)
33,34,34,34,May 12,,SFG,"L,2-5",36,32,2,6,2,1,0,1,2,0,11,1,0,1,1,0,0,1,0.248,0.321,0.39,0.71,7,15,R,M.Cain(68)
34,35,35,35,May 13,,SFG,"L,3-7",36,29,3,5,3,0,0,3,4,0,9,1,2,0,0,1,0,0,0.246,0.32,0.387,0.707,6,13,L,B.Zito(52)
35,36,36,36,May 14,@,LAD,"L,1-3",34,30,1,5,0,0,1,1,3,0,7,0,1,0,0,0,2,0,0.244,0.318,0.384,0.702,6,11,L,C.Kershaw(72)
36,37,37,37,May 15,@,LAD,"W,5-1",44,37,5,13,1,0,0,5,6,2,7,0,0,1,0,2,0,1,0.248,0.322,0.384,0.705,12,12,R,C.Billingsley(31)
37,38,38,38,May 16,@,COL,"L,1-6",36,33,1,6,3,0,0,1,3,0,7,0,0,0,1,1,1,0,0.246,0.32,0.381,0.701,8,13,L,J.Moyer(60)
38,39,39,39,May 17,@,COL,"W,9-7",49,39,9,13,1,0,1,9,9,1,12,0,1,0,0,0,2,0,0.248,0.324,0.383,0.707,13,17,R,J.Nicasio(58)
39,40,40,40,May 18,@,KCR,"W,6-4",38,34,6,9,3,0,0,6,4,1,7,0,0,0,0,0,0,2,0.249,0.325,0.382,0.707,5,9,R,L.Mendoza(44)
40,41,41,41,May 19,@,KCR,"L,3-7",38,34,3,11,3,0,0,3,3,0,5,0,0,1,0,2,1,0,0.251,0.326,0.383,0.708,8,10,L,B.Chen(51)
41,42,42,42,May 20,@,KCR,"W,2-0",36,30,2,5,1,0,0,2,4,0,5,0,1,1,0,0,2,0,0.249,0.324,0.379,0.703,7,9,R,N.Adcock(55)
42,43,43,43,May 21,,LAD,"L,1-6",33,31,1,6,0,1,0,1,1,0,8,0,1,0,0,0,0,1,0.248,0.322,0.376,0.698,5,14,L,C.Capuano(64)
43,44,44,44,May 22,,LAD,"L,7-8",40,38,7,15,5,0,2,7,0,0,12,0,1,1,0,1,0,1,0.252,0.324,0.384,0.708,6,16,R,A.Harang(31)
44,45,45,45,May 23,,LAD,"W,11-4",46,37,11,14,1,2,2,11,7,0,7,1,0,1,1,1,1,0,0.255,0.328,0.391,0.719,11,12,L,T.Lilly(8)
45,46,46,46,May 25,,MIL,"L,1-7",34,28,1,5,0,0,1,1,6,0,7,0,0,0,0,4,0,0,0.253,0.328,0.389,0.717,6,15,R,Y.Gallardo(66)
46,47,47,47,May 26,,MIL,"W,8-5",42,36,8,15,3,0,1,8,4,0,9,1,1,0,0,0,0,1,0.257,0.331,0.394,0.725,10,13,R,Z.Greinke(9)
47,48,48,48,May 27,,MIL,"W,4-3",34,33,4,10,3,0,1,4,1,0,3,0,0,0,1,0,1,2,0.258,0.331,0.396,0.727,6,16,L,R.Wolf(45)
48,49,49,49,May 28,@,SFG,"L,2-4",35,34,2,9,3,0,1,2,1,0,6,0,0,0,0,1,0,1,0.258,0.33,0.397,0.727,6,12,L,B.Zito(57)
49,50,50,50,May 29,@,SFG,"L,1-3",37,33,1,6,2,0,0,1,3,1,10,1,0,0,0,0,0,0,0.257,0.329,0.394,0.723,9,13,R,R.Vogelsong(66)
50,51,51,51,May 30,@,SFG,"W,4-1",39,33,4,8,2,0,1,3,6,1,7,0,0,0,0,2,0,0,0.256,0.33,0.394,0.723,8,11,R,T.Lincecum(64)
51,53,52,52,Jun 1,@,SDP,"L,1-7",35,33,1,7,1,0,0,1,2,0,5,0,0,0,0,0,0,1,0.255,0.329,0.391,0.719,7,11,L,C.Richard(58)
52,54,53,53,Jun 2,@,SDP,"W,4-2",41,32,4,7,2,0,1,3,8,0,9,0,0,1,0,0,0,1,0.255,0.329,0.39,0.72,10,10,R,E.Volquez(56)
53,55,54,54,Jun 3,@,SDP,"W,6-0",36,33,6,8,0,0,3,6,2,0,7,0,0,1,0,1,0,1,0.255,0.328,0.393,0.721,3,9,L,E.Stults(43)
54,56,55,55,Jun 4,,COL,"L,0-4",35,31,0,6,3,0,0,0,3,0,6,0,1,0,0,1,0,0,0.254,0.327,0.391,0.718,8,13,L,C.Friedrich(71)
55,57,56,56,Jun 5,,COL,"W,10-0",44,39,10,17,1,2,3,10,4,0,10,0,0,1,0,1,0,0,0.257,0.33,0.399,0.73,10,12,R,J.Guthrie(12)
56,58,57,57,Jun 6,,COL,"W,6-1",38,34,6,11,5,0,1,6,3,0,5,0,1,0,0,0,1,0,0.259,0.331,0.402,0.734,8,11,L,J.Outman(24)
57,59,58,58,Jun 8,,OAK,"W,9-8",44,39,9,15,4,0,3,9,4,0,10,0,1,0,0,0,0,1,0.261,0.333,0.409,0.742,9,16,L,T.Milone(36)
58,60,59,59,Jun 9,,OAK,"W,8-3",42,34,8,12,3,0,1,8,7,3,6,0,1,0,0,0,1,1,0.263,0.336,0.411,0.746,10,12,R,J.Parker(26)
59,61,60,60,Jun 10,,OAK,"W,4-3",33,30,4,6,0,0,0,4,3,0,9,0,0,0,0,0,1,1,0.262,0.335,0.407,0.742,5,14,L,T.Blackley(37)
60,62,61,61,Jun 12,@,TEX,"L,1-9",31,30,1,4,1,0,1,1,1,0,7,0,0,0,0,1,0,0,0.26,0.333,0.405,0.738,3,9,R,C.Lewis(81)
61,63,62,62,Jun 13,@,TEX,"L,0-1",33,31,0,6,1,0,0,0,2,0,6,0,0,0,0,1,0,0,0.259,0.331,0.403,0.734,6,9,L,M.Harrison(67)
62,64,63,63,Jun 14,@,TEX,"W,11-3",42,41,11,14,3,0,3,11,1,0,11,0,0,0,1,1,1,0,0.26,0.332,0.407,0.739,4,10,R,S.Feldman(37)
63,65,64,64,Jun 15,@,LAA,"W,5-0",41,38,5,12,4,0,1,5,2,1,9,0,0,0,0,1,0,0,0.261,0.332,0.409,0.741,9,10,R,D.Haren(40)
64,66,65,65,Jun 16,@,LAA,"L,0-2",29,28,0,1,0,0,0,0,1,0,5,0,0,0,0,0,0,0,0.258,0.329,0.404,0.733,2,10,R,E.Santana(89)
65,67,66,66,Jun 17,@,LAA,"L,0-2",34,29,0,4,0,0,0,0,4,0,6,1,0,0,0,1,1,1,0.257,0.328,0.401,0.729,7,9,R,G.Richards(75)
66,68,67,67,Jun 18,,SEA,"W,7-1",36,29,7,11,3,1,1,7,3,0,6,0,0,4,0,1,0,0,0.258,0.329,0.404,0.733,5,12,R,H.Noesi(35)
67,69,68,68,Jun 19,,SEA,"L,9-12",47,43,9,14,3,1,3,9,3,2,14,0,0,1,1,1,1,0,0.26,0.33,0.409,0.738,8,18,R,E.Ramirez(34)
68,70,69,69,Jun 20,,SEA,"W,14-10",41,39,14,16,4,0,6,14,2,0,6,0,0,0,0,1,0,0,0.262,0.331,0.418,0.749,3,15,L,J.Vargas(5)
69,71,70,70,Jun 22,,CHC,"W,6-1",38,34,6,10,1,1,1,6,4,0,9,0,0,0,0,0,0,0,0.263,0.332,0.419,0.751,8,14,R,J.Samardzija(37)
70,72,71,71,Jun 23,,CHC,"W,10-5",46,41,10,16,5,1,2,10,3,0,6,2,0,0,1,0,1,0,0.265,0.334,0.424,0.758,12,16,L,P.Maholm(13)
71,73,72,72,Jun 24,,CHC,"W,5-1",32,30,5,7,0,1,1,5,2,0,8,0,0,0,1,1,0,1,0.265,0.333,0.423,0.757,3,10,R,M.Garza(61)
72,74,73,73,Jun 26,@,ATL,"L,1-8",34,33,1,8,0,0,1,1,1,0,8,0,0,0,0,2,0,0,0.264,0.332,0.422,0.755,6,14,R,T.Hudson(70)
73,75,74,74,Jun 27,@,ATL,"L,4-6",36,34,4,9,2,0,2,4,2,0,10,0,0,0,0,1,1,1,0.264,0.332,0.423,0.755,5,15,R,T.Hanson(51)
74,76,75,75,Jun 28,@,ATL,"W,3-2",37,33,3,8,3,0,1,3,4,0,3,0,0,0,0,0,0,1,0.264,0.332,0.423,0.755,7,14,R,J.Jurrjens(46)
75,77,76,76,Jun 29,@,MIL,"W,9-3",42,41,9,14,5,1,2,9,1,0,10,0,0,0,1,1,1,0,0.265,0.332,0.427,0.759,6,12,L,R.Wolf(20)
76,78,77,77,Jun 30,@,MIL,"L,2-10",37,33,2,6,0,0,1,2,4,0,16,0,0,0,0,0,1,0,0.264,0.332,0.425,0.757,8,14,R,M.Fiers(75)
77,80,78,78,Jul 1,@,MIL,"L,1-2",37,30,1,5,0,0,1,1,6,0,9,0,1,0,1,1,0,1,0.263,0.331,0.423,0.755,9,14,R,Y.Gallardo(69)
78,81,79,79,Jul 2,,SDP,"L,2-6",36,34,2,8,2,0,1,2,1,0,4,0,0,1,0,0,1,0,0.263,0.33,0.423,0.753,7,15,L,C.Richard(62)
79,82,80,80,Jul 3,,SDP,"L,5-9",42,38,5,11,1,0,1,5,3,0,9,1,0,0,0,0,1,0,0.263,0.331,0.422,0.753,10,13,R,A.Cashner(56)
80,83,81,81,Jul 4,,SDP,"L,6-8",39,36,6,10,2,0,1,6,2,0,10,0,1,0,0,0,2,0,0.263,0.33,0.422,0.753,6,13,R,J.Marquis(47)
81,84,82,82,Jul 5,,LAD,"L,1-4",32,29,1,5,1,0,0,1,3,0,8,0,0,0,0,3,0,0,0.262,0.33,0.42,0.75,4,12,R,N.Eovaldi(58)
82,85,83,83,Jul 6,,LAD,"W,5-3",33,28,5,6,1,1,0,4,4,0,7,1,0,0,0,1,1,1,0.262,0.33,0.419,0.749,4,15,L,C.Kershaw(43)
83,86,84,84,Jul 7,,LAD,"W,5-3",32,29,5,7,5,0,1,5,1,0,6,0,0,2,0,0,0,0,0.262,0.329,0.42,0.749,3,12,R,C.Billingsley(49)
84,87,85,85,Jul 8,,LAD,"W,7-1",38,35,7,12,2,1,1,7,2,1,11,0,1,0,0,0,0,0,0.263,0.329,0.422,0.751,7,11,L,C.Capuano(33)
85,88,86,86,Jul 13,@,CHC,"L,1-8",33,32,1,7,2,0,0,0,1,0,6,0,0,0,0,2,0,0,0.262,0.329,0.42,0.749,5,14,L,P.Maholm(65)
86,89,87,87,Jul 14,@,CHC,"L,1-4",36,31,1,7,2,0,1,1,5,0,7,0,0,0,0,3,0,0,0.262,0.329,0.42,0.748,8,13,R,R.Dempster(66)
87,90,88,88,Jul 15,@,CHC,"L,1-3",35,33,1,7,0,0,1,1,2,0,8,0,0,0,0,1,0,0,0.261,0.328,0.418,0.746,7,14,R,M.Garza(73)
88,91,89,89,Jul 16,@,CIN,"W,5-3",42,36,5,13,2,0,1,5,6,0,8,0,0,0,0,1,1,0,0.262,0.329,0.419,0.749,10,13,R,B.Arroyo(24)
89,92,90,90,Jul 17,@,CIN,"L,0-4",39,34,0,8,1,0,0,0,4,0,9,0,1,0,1,0,0,1,0.262,0.329,0.418,0.747,12,14,R,J.Cueto(63)
90,93,91,91,Jul 18,@,CIN,"W,7-1",40,37,7,10,3,0,2,6,3,1,9,0,0,0,0,0,0,0,0.262,0.329,0.419,0.748,6,10,R,M.Latos(33)
91,94,92,92,Jul 19,@,CIN,"L,6-7",40,39,6,14,3,0,2,6,1,0,4,0,0,0,0,0,1,2,0.263,0.33,0.421,0.751,7,15,R,M.Leake(23)
92,95,93,93,Jul 20,,HOU,"W,13-8",43,37,13,14,5,0,1,13,6,0,10,0,0,0,0,0,1,1,0.265,0.331,0.423,0.754,6,14,R,B.Norris(17)
93,96,94,94,Jul 21,,HOU,"W,12-3",44,34,12,14,4,1,3,12,8,0,3,0,1,1,1,2,4,0,0.266,0.334,0.428,0.761,8,14,L,D.Keuchel(17)
94,97,95,95,Jul 22,,HOU,"W,8-2",35,34,8,12,0,1,2,7,0,0,4,1,0,0,1,1,0,2,0.267,0.334,0.429,0.763,3,13,R,J.Lyles(25)
95,98,96,96,Jul 23,,COL,"W,6-3",36,29,6,8,1,1,1,6,6,1,10,0,0,1,0,1,1,0,0.267,0.335,0.43,0.764,6,12,L,J.Sanchez(31)
96,99,97,97,Jul 24,,COL,"W,6-2",40,33,6,9,3,0,1,6,7,2,6,0,0,0,0,0,2,0,0.267,0.335,0.43,0.765,10,12,L,E.Cabrera(44)
97,100,98,98,Jul 25,,COL,"L,2-4",34,31,2,5,0,0,2,2,2,0,8,0,1,0,0,0,0,0,0.266,0.334,0.429,0.763,5,12,L,J.Francis(57)
98,101,99,99,Jul 26,,NYM,"L,1-3",39,31,1,4,2,0,0,1,6,0,16,1,0,1,0,0,0,0,0.265,0.334,0.427,0.761,11,16,R,M.Harvey(70)
99,102,100,100,Jul 27,,NYM,"W,11-5",37,34,11,13,2,0,0,9,1,0,8,0,1,1,0,0,0,1,0.266,0.334,0.427,0.761,2,14,L,J.Niese(30)
100,103,101,101,Jul 28,,NYM,"W,6-3",34,29,6,8,2,0,1,6,4,0,8,0,1,0,0,1,0,0,0.266,0.334,0.427,0.762,4,13,R,C.Young(24)
101,104,102,102,Jul 29,,NYM,"L,1-5",35,30,1,4,0,0,0,1,4,0,10,1,0,0,0,1,0,0,0.265,0.334,0.425,0.759,7,11,R,R.Dickey(72)
102,105,103,103,Jul 30,@,LAD,"W,7-2",40,36,7,11,2,0,2,7,4,1,7,0,0,0,0,1,1,0,0.266,0.334,0.426,0.76,6,13,R,A.Harang(19)
103,106,104,104,Jul 31,@,LAD,"W,8-2",43,35,8,9,2,0,2,8,8,2,8,0,0,0,0,0,0,0,0.266,0.335,0.427,0.761,8,11,L,C.Capuano(43)
104,108,105,105,Aug 1,@,LAD,"W,4-0",39,34,4,10,1,0,2,4,3,0,9,1,1,0,0,1,0,0,0.266,0.335,0.427,0.762,8,13,R,S.Fife(44)
105,109,106,106,Aug 3,@,PHI,"W,4-2",33,31,4,6,1,0,2,4,1,0,8,0,0,1,0,1,0,0,0.265,0.334,0.427,0.761,2,13,R,K.Kendrick(44)
106,110,107,107,Aug 4,@,PHI,"L,0-3",32,30,0,4,1,0,0,0,2,0,9,0,0,0,0,0,0,1,0.264,0.333,0.425,0.758,5,13,R,R.Halladay(75)
107,111,108,108,Aug 5,@,PHI,"L,4-5",36,35,4,9,0,0,3,4,1,0,5,0,0,0,1,2,0,0,0.264,0.332,0.426,0.758,5,14,L,C.Lee(55)
108,112,109,109,Aug 6,@,PIT,"L,0-4",28,28,0,2,1,0,0,0,0,0,7,0,0,0,0,0,0,0,0.263,0.331,0.423,0.754,1,13,L,E.Bedard(78)
109,113,110,110,Aug 7,@,PIT,"W,10-4",44,41,10,15,4,0,3,10,2,0,6,0,1,0,1,0,2,0,0.264,0.331,0.426,0.758,7,16,R,J.Karstens(48)
110,114,111,111,Aug 8,@,PIT,"L,6-7",42,35,6,8,2,0,0,5,4,0,10,0,1,2,4,0,0,0,0.263,0.331,0.425,0.756,9,16,R,K.Correia(48)
111,115,112,112,Aug 9,@,PIT,"W,6-3",39,37,6,10,2,0,3,6,2,0,4,0,0,0,0,0,0,0,0.263,0.331,0.426,0.757,6,12,L,W.Rodriguez(42)
112,116,113,113,Aug 10,,WSN,"L,1-9",34,30,1,3,1,0,0,1,4,0,8,0,0,0,0,0,0,0,0.262,0.33,0.424,0.754,6,15,R,S.Strasburg(68)
113,117,114,114,Aug 11,,WSN,"L,5-6",40,34,5,9,4,1,1,5,5,1,9,0,0,1,0,0,0,1,0.262,0.33,0.425,0.755,8,16,R,E.Jackson(36)
114,118,115,115,Aug 12,,WSN,"W,7-4",35,31,7,6,5,0,0,6,2,0,7,2,0,0,1,0,1,0,0.262,0.33,0.424,0.754,4,12,L,R.Detwiler(41)
115,119,116,116,Aug 14,@,STL,"L,2-8",34,31,2,7,1,1,1,2,2,0,9,0,1,0,0,2,0,0,0.261,0.329,0.424,0.753,5,11,R,J.Kelly(57)
116,120,117,117,Aug 15,@,STL,"L,2-5",32,30,2,5,0,0,1,1,1,0,9,0,1,0,0,1,0,0,0.261,0.328,0.423,0.751,3,12,R,A.Wainwright(58)
117,121,118,118,Aug 16,@,STL,"W,2-1",36,33,2,7,1,0,2,2,3,0,8,0,0,0,0,0,0,1,0.26,0.328,0.423,0.751,7,15,R,K.Lohse(68)
118,122,119,119,Aug 17,@,HOU,"W,3-1",36,31,3,6,3,0,0,3,2,0,5,0,3,0,2,1,1,0,0.26,0.327,0.422,0.749,6,14,L,D.Keuchel(59)
119,123,120,120,Aug 18,@,HOU,"W,12-4",48,41,12,13,4,0,3,10,7,0,10,0,0,0,2,1,0,0,0.26,0.328,0.424,0.752,9,13,R,J.Lyles(23)
120,124,121,121,Aug 19,@,HOU,"W,8-1",43,36,8,10,2,0,2,8,6,0,6,0,0,1,0,0,3,0,0.26,0.328,0.425,0.753,8,15,R,A.Galarraga(28)
121,125,122,122,Aug 20,,MIA,"L,3-12",36,35,3,9,1,0,1,3,0,0,4,0,1,0,0,0,0,0,0.26,0.328,0.425,0.752,6,15,L,M.Buehrle(61)
122,126,123,123,Aug 21,,MIA,"L,5-6",45,36,5,8,1,0,0,5,8,0,8,0,0,1,0,1,2,0,0.26,0.328,0.423,0.751,10,18,R,R.Nolasco(35)
123,127,124,124,Aug 22 (1),,MIA,"W,3-2",28,28,3,5,0,0,1,3,0,0,5,0,0,0,0,0,1,0,0.259,0.327,0.422,0.749,1,13,R,J.Turner(57)
124,128,125,125,Aug 22 (2),,MIA,"W,3-0",32,28,3,7,1,0,0,2,3,1,5,0,1,0,0,0,1,1,0.259,0.327,0.421,0.748,5,10,L,W.LeBlanc(58)
125,129,126,126,Aug 24,,SDP,"L,0-5",32,30,0,4,0,0,0,0,1,0,6,0,1,0,0,0,1,0,0.259,0.326,0.419,0.745,5,13,L,E.Stults(74)
126,130,127,127,Aug 25,,SDP,"L,3-9",33,31,3,7,2,0,2,3,2,0,4,0,0,0,0,1,0,0,0.258,0.326,0.42,0.745,3,15,L,C.Richard(58)
127,131,128,128,Aug 26,,SDP,"L,4-5",37,34,4,7,1,0,1,4,2,0,10,1,0,0,1,0,0,0,0.258,0.325,0.419,0.744,6,16,R,E.Volquez(66)
128,132,129,129,Aug 27,,CIN,"L,2-3",32,30,2,5,1,0,1,2,1,0,5,0,1,0,0,1,0,0,0.257,0.325,0.418,0.743,3,13,R,B.Arroyo(56)
129,133,130,130,Aug 28,,CIN,"L,2-5",33,30,2,4,3,0,0,2,2,0,6,0,0,1,0,0,0,0,0.256,0.324,0.417,0.74,4,12,R,J.Cueto(65)
130,134,131,131,Aug 29,,CIN,"L,2-6",35,32,2,6,1,0,0,1,3,1,10,0,0,0,0,0,0,0,0.256,0.323,0.415,0.738,6,13,R,M.Latos(63)
131,135,132,132,Aug 30,@,LAD,"W,2-0",38,33,2,10,3,0,1,2,4,1,9,0,1,0,0,1,0,2,0.256,0.323,0.416,0.739,9,13,L,C.Kershaw(52)
132,136,133,133,Aug 31,@,LAD,"W,4-3",42,38,4,9,2,1,1,4,3,0,13,1,0,0,0,4,0,0,0.256,0.323,0.416,0.739,5,17,R,A.Harang(46)
133,138,134,134,Sep 1,@,LAD,"L,1-2",34,33,1,7,1,0,1,1,1,0,11,0,0,0,0,0,0,1,0.256,0.323,0.415,0.738,6,13,R,J.Beckett(66)
134,139,135,135,Sep 2,@,LAD,"L,4-5",35,32,4,8,2,0,2,4,1,0,8,0,2,0,0,1,0,0,0.256,0.322,0.416,0.738,4,12,L,C.Capuano(51)
135,140,136,136,Sep 3,@,SFG,"L,8-9",46,41,8,14,4,0,1,8,3,0,9,0,1,1,0,0,1,0,0.256,0.323,0.417,0.74,8,18,L,B.Zito(43)
136,141,137,137,Sep 4,@,SFG,"W,8-6",53,47,8,16,4,1,1,8,6,3,9,0,0,0,0,1,1,0,0.257,0.324,0.418,0.742,12,16,R,R.Vogelsong(23)
137,142,138,138,Sep 5,@,SFG,"W,6-2",44,41,6,14,3,1,0,6,3,2,7,0,0,0,0,0,1,0,0.258,0.324,0.418,0.743,11,13,L,M.Bumgarner(44)
138,143,139,139,Sep 7,@,SDP,"L,5-6",37,36,5,8,4,0,0,5,1,0,8,0,0,0,1,1,0,0,0.258,0.324,0.418,0.741,5,18,R,A.Cashner(56)
139,144,140,140,Sep 8,@,SDP,"W,8-5",45,41,8,15,2,0,4,8,4,0,10,0,0,0,0,0,1,0,0.259,0.325,0.42,0.745,10,14,R,C.Kelly(19)
140,145,141,141,Sep 9,@,SDP,"L,2-8",38,32,2,6,1,0,0,2,6,0,9,0,0,0,0,1,3,0,0.258,0.325,0.419,0.743,9,16,L,A.Werner(64)
141,146,142,142,Sep 11,,LAD,"W,1-0",30,26,1,4,1,0,0,1,3,0,6,1,0,0,1,1,0,0,0.258,0.324,0.418,0.742,5,12,L,C.Kershaw(71)
142,147,143,143,Sep 12,,LAD,"W,3-2",32,27,3,5,0,0,0,3,4,0,5,0,0,1,0,0,1,0,0.257,0.324,0.416,0.74,5,12,R,A.Harang(48)
143,148,144,144,Sep 14,,SFG,"L,2-6",44,34,2,9,1,0,0,2,7,0,6,2,1,0,1,0,0,1,0.257,0.325,0.415,0.74,15,17,R,M.Cain(52)
144,149,145,145,Sep 15,,SFG,"L,2-3",35,33,2,8,1,0,1,2,2,0,6,0,0,0,1,1,0,2,0.257,0.325,0.415,0.74,6,14,L,B.Zito(61)
145,150,146,146,Sep 16,,SFG,"W,10-2",42,33,10,9,3,1,1,9,8,1,11,1,0,0,1,0,0,1,0.257,0.325,0.416,0.741,8,13,R,R.Vogelsong(26)
146,151,147,147,Sep 18,,SDP,"W,3-2",34,27,3,6,2,0,0,3,4,0,8,1,2,0,0,1,1,0,0.257,0.325,0.415,0.74,7,11,L,E.Stults(53)
147,152,148,148,Sep 19,,SDP,"W,6-2",35,32,6,9,4,2,0,4,0,0,7,2,1,0,0,0,0,0,0.257,0.325,0.416,0.741,5,14,R,E.Volquez(45)
148,153,149,149,Sep 20,,SDP,"L,5-6",38,36,5,10,1,1,2,5,2,0,6,0,0,0,1,1,0,0,0.257,0.325,0.417,0.742,6,19,L,C.Richard(42)
149,154,150,150,Sep 21,@,COL,"W,15-5",54,45,15,19,5,0,2,15,8,1,9,0,0,1,1,0,3,0,0.259,0.327,0.419,0.746,12,18,L,D.Pomeranz(34)
150,155,151,151,Sep 22,@,COL,"W,8-7",47,39,8,13,3,2,0,8,7,0,8,0,0,1,0,0,0,0,0.259,0.328,0.42,0.747,12,17,R,J.Chacin(36)
151,156,152,152,Sep 23,@,COL,"W,10-7",46,40,10,16,3,0,1,10,3,0,7,1,2,0,0,0,0,1,0.261,0.329,0.421,0.749,9,19,L,J.Francis(44)
152,157,153,153,Sep 24,@,COL,"L,2-4",35,33,2,5,0,0,1,2,2,0,5,0,0,0,1,0,0,0,0.26,0.328,0.419,0.747,6,13,R,T.Chatwood(56)
153,158,154,154,Sep 25,@,SFG,"W,7-2",38,30,7,6,0,0,1,5,5,0,9,1,0,2,0,0,0,0,0.26,0.328,0.419,0.747,4,15,R,T.Lincecum(23)
154,159,155,155,Sep 26,@,SFG,"L,0-6",36,35,0,7,2,0,0,0,1,0,8,0,0,0,3,2,0,0,0.259,0.327,0.418,0.745,9,16,R,M.Cain(74)
155,160,156,156,Sep 27,@,SFG,"L,3-7",37,33,3,7,3,1,0,3,4,0,6,0,0,0,0,1,2,0,0.259,0.327,0.417,0.744,7,16,L,B.Zito(48)
156,161,157,157,Sep 28,,CHC,"W,8-3",38,31,8,10,4,0,2,7,5,1,5,0,2,0,0,0,1,1,0.259,0.328,0.419,0.746,6,16,L,T.Wood(36)
157,162,158,158,Sep 29,,CHC,"W,8-2",43,37,8,15,3,0,1,8,3,0,9,2,1,0,0,1,0,0,0.26,0.329,0.42,0.748,11,12,R,J.Germano(19)
158,163,159,159,Sep 30,,CHC,"L,2-7",36,33,2,6,0,0,0,1,3,0,9,0,0,0,0,1,0,0,0.26,0.328,0.418,0.746,7,19,L,C.Rusin(57)
159,164,160,160,Oct 1,,COL,"L,5-7",52,44,5,8,0,0,3,5,5,0,15,0,2,1,0,0,0,0,0.259,0.328,0.418,0.746,8,20,L,D.Pomeranz(58)
160,165,161,161,Oct 2,,COL,"W,5-3",38,35,5,11,2,0,2,5,3,0,5,0,0,0,0,2,0,0,0.259,0.328,0.419,0.747,7,14,R,J.Chacin(63)
161,166,162,162,Oct 3,,COL,"L,1-2",38,32,1,7,0,0,1,1,4,1,5,1,1,0,0,1,3,0,0.259,0.328,0.418,0.746,10,13,L,J.Francis(55)
