,index,Rk,Gtm,Date,Unnamed: 3,Opp,Rslt,PA,AB,R,H,2B,3B,HR,RBI,BB,IBB,SO,HBP,SH,SF,ROE,GDP,SB,CS,BA,OBP,SLG,OPS,LOB,#,Thr,Opp. Starter (GmeSc)
0,0,1,1,Mar 29,,SFG,"L,0-1",36,31,0,6,0,0,0,0,5,0,10,0,0,0,0,2,2,0,0.194,0.306,0.194,0.499,9,15,L,T.Blach(61)
1,1,2,2,Mar 30,,SFG,"L,0-1",27,27,0,1,0,0,0,0,0,0,8,0,0,0,0,1,0,0,0.121,0.19,0.121,0.311,0,11,R,J.Cueto(79)
2,2,3,3,Mar 31,,SFG,"W,5-0",31,26,5,4,1,1,0,3,3,0,5,0,0,2,2,2,0,0,0.131,0.202,0.167,0.369,2,13,L,D.Holland(46)
3,3,4,4,Apr 1,,SFG,"W,9-0",37,36,9,13,3,0,1,8,0,0,7,1,0,0,0,0,0,1,0.2,0.252,0.275,0.527,4,14,R,C.Stratton(50)
4,4,5,5,Apr 2,@,ARI,"L,7-8",71,61,7,19,2,0,2,7,8,1,11,0,2,0,0,1,0,0,0.238,0.3,0.331,0.631,19,21,R,T.Walker(41)
5,5,6,6,Apr 3,@,ARI,"L,1-6",32,29,1,4,2,0,0,1,1,0,4,0,1,1,0,0,0,0,0.224,0.281,0.314,0.596,4,13,R,Z.Godley(67)
6,6,7,7,Apr 4,@,ARI,"L,0-3",31,28,0,1,1,0,0,0,3,0,15,0,0,0,0,0,0,0,0.202,0.263,0.286,0.549,4,12,L,P.Corbin(87)
7,7,8,8,Apr 7,@,SFG,"L,5-7",62,53,5,12,1,0,1,4,9,1,10,0,0,0,1,2,0,0,0.206,0.278,0.289,0.566,15,24,R,C.Stratton(48)
8,8,9,9,Apr 8,@,SFG,"W,2-1",41,37,2,10,2,0,0,2,4,1,5,0,0,0,0,2,1,1,0.213,0.285,0.293,0.578,9,17,L,T.Blach(58)
9,9,10,10,Apr 10,,OAK,"W,4-0",35,33,4,11,2,0,3,4,2,0,9,0,0,0,0,1,0,0,0.224,0.293,0.327,0.619,7,14,L,S.Manaea(49)
10,10,11,11,Apr 11,,OAK,"L,6-16",40,39,6,12,3,0,2,6,0,0,5,0,0,1,1,0,0,0,0.233,0.293,0.348,0.641,7,18,R,D.Mengden(44)
11,11,12,12,Apr 13,,ARI,"L,7-8",41,37,7,11,1,0,2,7,3,0,8,1,0,0,0,1,0,0,0.238,0.299,0.359,0.659,7,19,R,Z.Greinke(53)
12,12,13,13,Apr 14,,ARI,"L,1-9",36,34,1,8,3,0,0,1,2,0,5,0,0,0,0,0,0,1,0.238,0.298,0.357,0.655,8,15,R,T.Walker(45)
13,13,14,14,Apr 15,,ARI,"W,7-2",40,32,7,8,2,0,1,7,7,0,13,0,0,1,1,0,0,0,0.239,0.303,0.36,0.663,9,13,R,Z.Godley(28)
14,14,15,15,Apr 16,@,SDP,"W,10-3",43,36,10,9,2,1,2,10,7,1,11,0,0,0,2,1,0,0,0.239,0.308,0.371,0.679,6,14,L,R.Erlin(25)
15,15,16,16,Apr 17,@,SDP,"W,7-3",54,46,7,11,3,1,1,7,6,2,8,1,0,1,1,1,1,0,0.239,0.31,0.374,0.685,11,20,R,B.Mitchell(51)
16,16,17,17,Apr 18,@,SDP,"W,13-4",48,44,13,18,5,0,1,11,3,0,11,0,1,0,0,0,0,0,0.251,0.32,0.39,0.709,8,15,R,L.Perdomo(9)
17,17,18,18,Apr 20,,WSN,"L,2-5",38,32,2,6,1,1,0,2,4,0,12,2,0,0,0,1,0,0,0.248,0.319,0.384,0.704,9,13,R,M.Scherzer(66)
18,18,19,19,Apr 21,,WSN,"W,4-0",33,29,4,7,0,0,3,4,3,1,10,1,0,0,0,1,1,1,0.248,0.32,0.391,0.711,5,13,R,S.Strasburg(67)
19,19,20,20,Apr 22,,WSN,"W,4-3",32,26,4,5,4,0,0,4,4,0,8,1,0,1,0,0,0,2,0.246,0.32,0.39,0.709,4,15,R,J.Hellickson(53)
20,20,21,21,Apr 23,,MIA,"W,2-1",32,29,2,6,2,0,1,2,2,0,11,0,0,1,0,0,0,0,0.244,0.317,0.389,0.706,6,16,L,J.Garcia(66)
21,21,22,22,Apr 24,,MIA,"L,2-3",37,32,2,5,3,0,0,2,5,0,7,0,0,0,0,0,0,0,0.241,0.315,0.384,0.699,8,15,L,D.Peters(58)
22,22,23,23,Apr 25,,MIA,"L,6-8",40,36,6,9,1,1,2,6,4,0,12,0,0,0,0,0,0,0,0.241,0.315,0.389,0.704,7,17,R,T.Richards(69)
23,23,24,24,Apr 27,@,SFG,"L,4-6",41,33,4,8,3,0,0,4,7,0,7,0,1,0,0,0,2,1,0.241,0.318,0.387,0.704,10,16,L,D.Holland(35)
24,24,25,25,Apr 28 (1),@,SFG,"W,15-6",55,46,15,20,6,2,1,14,6,0,8,3,0,0,0,0,1,0,0.251,0.329,0.404,0.733,13,17,R,C.Stratton(17)
25,25,26,26,Apr 28 (2),@,SFG,"L,3-8",36,30,3,5,1,0,1,2,5,0,6,0,1,0,0,1,0,0,0.248,0.328,0.4,0.728,6,13,R,J.Cueto(59)
26,26,27,27,Apr 29,@,SFG,"L,2-4",34,33,2,8,2,0,0,2,1,0,6,0,0,0,0,1,1,0,0.248,0.326,0.397,0.723,5,14,L,T.Blach(55)
27,27,28,28,Apr 30,@,ARI,"L,5-8",37,33,5,7,3,1,1,5,1,0,11,2,0,1,0,0,0,0,0.247,0.324,0.399,0.723,5,17,R,Z.Greinke(65)
28,29,29,29,May 1,@,ARI,"L,3-4",38,30,3,4,1,0,1,3,7,1,7,1,0,0,1,2,0,0,0.244,0.324,0.395,0.719,8,14,R,M.Koch(49)
29,30,30,30,May 2,@,ARI,"W,2-1",34,29,2,6,2,0,0,2,3,0,6,1,0,1,0,3,0,0,0.243,0.323,0.392,0.715,5,17,R,Z.Godley(60)
30,31,31,31,May 3,@,ARI,"W,5-2",38,32,5,7,3,0,1,3,4,1,8,1,0,1,0,1,1,0,0.242,0.323,0.392,0.715,6,17,L,P.Corbin(65)
31,32,32,32,May 4,@,SDP,"W,4-0",37,34,4,9,1,1,2,4,3,0,9,0,0,0,0,1,0,0,0.243,0.323,0.396,0.719,6,15,L,J.Lucchesi(47)
32,33,33,33,May 5,@,SDP,"L,4-7",40,33,4,10,2,0,1,4,5,0,10,1,1,0,0,2,1,0,0.244,0.325,0.398,0.723,9,15,R,B.Mitchell(34)
33,34,34,34,May 6,@,SDP,"L,0-3",40,37,0,9,1,0,0,0,3,0,12,0,0,0,1,0,0,0,0.244,0.325,0.394,0.719,13,18,L,E.Lauer(62)
34,35,35,35,May 8,,ARI,"L,5-8",52,43,5,9,2,0,2,5,7,1,11,1,1,0,0,1,0,0,0.243,0.325,0.394,0.719,11,22,R,Z.Godley(41)
35,36,36,36,May 9,,ARI,"W,6-3",38,30,6,8,1,0,0,4,6,0,10,1,0,1,0,0,1,0,0.244,0.327,0.392,0.719,8,16,L,P.Corbin(60)
36,37,37,37,May 10,,CIN,"L,1-4",36,31,1,4,0,0,0,1,4,0,7,0,1,0,1,1,0,0,0.241,0.324,0.385,0.71,8,16,R,T.Mahle(57)
37,38,38,38,May 11,,CIN,"L,2-6",34,32,2,5,1,2,1,2,1,0,9,1,0,0,0,0,0,0,0.239,0.322,0.386,0.708,5,16,R,M.Harvey(62)
38,39,39,39,May 12,,CIN,"L,3-5",41,37,3,12,2,0,1,3,3,1,7,0,1,0,0,0,0,0,0.241,0.323,0.388,0.711,11,16,R,H.Bailey(37)
39,40,40,40,May 13,,CIN,"L,3-5",32,32,3,5,0,0,2,3,0,0,12,0,0,0,1,1,0,0,0.239,0.32,0.387,0.707,2,16,R,L.Castillo(62)
40,41,41,41,May 15,@,MIA,"L,2-4",35,31,2,5,0,0,2,2,3,0,5,0,1,0,0,0,0,0,0.237,0.318,0.386,0.704,6,15,L,W.Chen(57)
41,42,42,42,May 16,@,MIA,"L,5-6",39,37,5,10,3,0,1,5,1,0,7,1,0,0,1,1,0,0,0.238,0.318,0.387,0.705,7,15,R,E.Hernandez(58)
42,43,43,43,May 17,@,MIA,"W,7-0",44,36,7,10,4,0,1,7,7,0,7,0,1,0,0,0,0,0,0.239,0.32,0.389,0.709,10,12,L,C.Smith(39)
43,44,44,44,May 19 (1),@,WSN,"W,4-1",37,32,4,7,2,1,0,4,2,0,9,1,0,2,1,1,0,0,0.239,0.319,0.388,0.707,6,14,R,T.Roark(60)
44,45,45,45,May 19 (2),@,WSN,"W,5-4",40,36,5,10,3,1,2,5,4,1,15,0,0,0,0,2,1,0,0.24,0.319,0.393,0.712,8,20,R,M.Scherzer(69)
45,46,46,46,May 20,@,WSN,"W,7-2",39,33,7,7,3,0,3,7,6,0,9,0,0,0,0,1,1,0,0.239,0.32,0.397,0.716,5,13,R,S.Strasburg(55)
46,47,47,47,May 21,,COL,"L,1-2",33,29,1,3,1,0,1,1,3,0,7,1,0,0,1,1,0,0,0.237,0.318,0.394,0.712,5,13,R,G.Marquez(72)
47,48,48,48,May 22,,COL,"W,5-3",33,30,5,6,2,0,2,5,3,0,6,0,0,0,0,0,0,0,0.236,0.317,0.395,0.712,4,17,R,C.Bettis(54)
48,49,49,49,May 23,,COL,"W,3-0",32,26,3,6,2,0,0,3,3,1,3,1,1,1,0,1,0,0,0.236,0.317,0.394,0.711,5,14,L,K.Freeland(49)
49,50,50,50,May 25,,SDP,"W,4-1",31,28,4,5,0,0,2,4,3,0,5,0,0,0,1,1,0,0,0.235,0.316,0.394,0.71,3,14,L,C.Richard(49)
50,51,51,51,May 26,,SDP,"L,5-7",40,35,5,8,1,0,2,5,5,0,8,0,0,0,1,1,0,0,0.235,0.316,0.395,0.711,8,17,R,J.Lyles(30)
51,52,52,52,May 27,,SDP,"W,6-1",34,32,6,10,1,0,2,5,2,0,5,0,0,0,0,1,0,1,0.236,0.317,0.397,0.714,4,14,L,M.Strahm(53)
52,53,53,53,May 28,,PHI,"W,5-4",33,31,5,7,2,0,0,5,2,0,11,0,0,0,1,1,1,0,0.236,0.316,0.395,0.711,4,16,R,V.Velasquez(59)
53,54,54,54,May 29,,PHI,"L,1-6",36,34,1,9,1,0,0,1,2,0,7,0,0,0,0,2,0,0,0.237,0.316,0.393,0.709,8,19,R,J.Arrieta(68)
54,55,55,55,May 30,,PHI,"W,8-2",42,35,8,13,2,0,2,8,4,1,10,0,1,2,1,0,1,0,0.239,0.318,0.397,0.715,10,12,R,Z.Eflin(32)
55,56,56,56,May 31,,PHI,"L,1-2",31,30,1,2,1,0,0,1,1,0,9,0,0,0,1,0,0,0,0.236,0.315,0.393,0.707,3,15,R,A.Nola(75)
56,58,57,57,Jun 1,@,COL,"W,11-8",45,35,11,12,3,1,3,11,6,0,6,1,0,3,0,0,0,0,0.238,0.317,0.399,0.716,7,17,L,T.Anderson(34)
57,59,58,58,Jun 2,@,COL,"W,12-4",45,39,12,13,1,1,3,11,6,0,10,0,0,0,0,1,0,0,0.24,0.319,0.404,0.723,6,15,R,G.Marquez(47)
58,60,59,59,Jun 3,@,COL,"W,10-7",41,39,10,11,3,0,3,8,2,0,8,0,0,0,1,0,1,0,0.241,0.319,0.407,0.726,4,20,R,C.Bettis(41)
59,61,60,60,Jun 5,@,PIT,"W,5-0",36,33,5,7,0,0,3,5,2,0,11,0,0,1,0,0,1,0,0.241,0.318,0.408,0.726,4,15,R,J.Musgrove(45)
60,62,61,61,Jun 6,@,PIT,"L,9-11",41,33,9,8,2,0,2,8,8,0,6,0,0,0,0,1,0,0,0.241,0.319,0.41,0.729,5,20,R,T.Williams(35)
61,63,62,62,Jun 7,@,PIT,"W,8-7",43,38,8,13,4,0,3,8,4,0,10,0,1,0,0,0,1,0,0.242,0.321,0.415,0.735,8,20,R,J.Taillon(45)
62,64,63,63,Jun 8,,ATL,"W,7-3",33,30,7,8,1,0,5,7,3,0,9,0,0,0,0,0,2,0,0.243,0.321,0.42,0.741,2,13,R,B.McCarthy(41)
63,65,64,64,Jun 9,,ATL,"L,3-5",34,31,3,6,2,0,1,2,3,0,10,0,0,0,0,2,0,0,0.242,0.32,0.419,0.739,4,18,R,A.Sanchez(57)
64,66,65,65,Jun 10,,ATL,"W,7-2",37,32,7,10,2,0,3,7,4,0,8,0,1,0,0,0,1,1,0.243,0.321,0.423,0.744,6,12,L,S.Newcomb(38)
65,67,66,66,Jun 12,,TEX,"W,12-5",42,39,12,16,6,0,3,11,3,1,9,0,0,0,0,0,0,0,0.246,0.323,0.429,0.752,6,16,R,B.Colon(12)
66,68,67,67,Jun 13,,TEX,"W,3-2",44,35,3,6,2,0,1,1,9,1,13,0,0,0,1,1,2,1,0.245,0.324,0.427,0.751,10,19,L,C.Hamels(58)
67,69,68,68,Jun 15,,SFG,"W,3-2",34,30,3,6,2,0,2,3,3,0,9,0,1,0,1,0,0,0,0.244,0.323,0.428,0.751,7,13,L,D.Holland(52)
68,70,69,69,Jun 16,,SFG,"W,3-1",33,28,3,6,1,0,2,3,4,1,6,0,1,0,0,1,0,0,0.244,0.323,0.428,0.751,6,15,L,M.Bumgarner(49)
69,71,70,70,Jun 17,,SFG,"L,1-4",31,30,1,4,0,0,0,0,1,0,8,0,0,0,0,1,0,0,0.243,0.321,0.424,0.745,3,15,R,C.Stratton(66)
70,72,71,71,Jun 19 (1),@,CHC,"W,4-3",42,30,4,6,3,1,1,4,8,0,10,1,3,0,0,0,0,0,0.242,0.322,0.425,0.747,11,20,R,T.Chatwood(60)
71,73,72,72,Jun 19 (2),@,CHC,"L,1-2",44,37,1,9,2,0,0,1,7,1,9,0,0,0,0,1,1,0,0.242,0.322,0.423,0.745,13,16,L,M.Montgomery(59)
72,74,73,73,Jun 20,@,CHC,"L,0-4",34,31,0,6,3,0,0,0,3,0,2,0,0,0,0,0,0,0,0.241,0.322,0.421,0.743,7,14,L,J.Lester(65)
73,75,74,74,Jun 22,@,NYM,"W,5-2",35,31,5,6,0,0,2,5,3,0,8,0,1,0,0,0,0,0,0.241,0.321,0.421,0.742,3,12,R,Z.Wheeler(55)
74,76,75,75,Jun 23,@,NYM,"W,8-3",43,36,8,9,1,1,2,8,6,1,9,0,1,0,1,0,0,0,0.241,0.322,0.422,0.744,8,15,R,J.deGrom(53)
75,77,76,76,Jun 24,@,NYM,"W,8-7",46,44,8,13,0,0,7,7,2,0,9,0,0,0,0,1,1,1,0.242,0.322,0.428,0.75,5,19,L,J.Blevins(47)
76,78,77,77,Jun 25,,CHC,"W,2-1",30,27,2,5,1,0,2,2,3,0,4,0,0,0,0,1,0,0,0.241,0.321,0.428,0.749,4,13,R,D.Underwood(54)
77,79,78,78,Jun 26,,CHC,"L,4-9",35,32,4,6,0,0,0,3,3,0,11,0,0,0,0,0,3,0,0.241,0.32,0.425,0.746,4,18,L,J.Lester(54)
78,80,79,79,Jun 27,,CHC,"W,7-5",44,36,7,12,1,0,3,7,7,1,6,1,0,0,1,1,0,0,0.242,0.322,0.428,0.75,13,13,R,K.Hendricks(17)
79,81,80,80,Jun 28,,CHC,"L,5-11",42,35,5,9,2,0,2,5,5,0,5,1,1,0,0,0,1,0,0.242,0.323,0.429,0.751,10,15,L,J.Quintana(43)
80,82,81,81,Jun 29,,COL,"L,1-3",31,30,1,5,0,0,1,1,1,0,10,0,0,0,0,2,0,0,0.241,0.322,0.427,0.748,3,12,L,T.Anderson(81)
81,83,82,82,Jun 30,,COL,"L,1-3",30,30,1,3,0,0,1,1,0,0,10,0,0,0,0,0,0,0,0.24,0.319,0.424,0.744,2,13,R,G.Marquez(83)
82,85,83,83,Jul 1,,COL,"W,6-4",36,32,6,11,3,0,1,5,3,0,7,1,0,0,0,1,0,2,0.241,0.321,0.426,0.746,6,16,R,C.Bettis(47)
83,86,84,84,Jul 2,,PIT,"W,17-1",52,46,17,21,5,0,4,15,6,0,7,0,0,0,1,0,0,0,0.244,0.324,0.432,0.756,11,13,R,N.Kingham(18)
84,87,85,85,Jul 3,,PIT,"W,8-3",38,33,8,11,1,2,6,8,4,0,10,1,0,0,0,0,0,1,0.245,0.325,0.439,0.764,6,16,R,I.Nova(22)
85,88,86,86,Jul 4,,PIT,"W,6-4",38,31,6,9,2,0,0,6,6,0,4,1,0,0,0,0,0,0,0.246,0.326,0.438,0.764,8,15,R,C.Holmes(30)
86,89,87,87,Jul 6,@,LAA,"L,2-3",34,31,2,4,1,0,0,2,3,0,12,0,0,0,1,0,0,0,0.245,0.325,0.435,0.76,5,10,R,F.Pena(61)
87,90,88,88,Jul 7,@,LAA,"W,3-1",36,30,3,4,0,0,1,3,5,0,14,0,1,0,0,0,0,0,0.244,0.324,0.433,0.757,6,10,R,D.McGuire(61)
88,91,89,89,Jul 8,@,LAA,"L,3-4",33,30,3,5,0,0,1,3,3,0,11,0,0,0,0,2,0,0,0.243,0.323,0.431,0.755,3,10,L,A.Heaney(66)
89,92,90,90,Jul 9,@,SDP,"W,8-2",43,38,8,14,5,0,0,8,4,1,2,0,0,1,1,2,1,0,0.244,0.325,0.432,0.757,8,13,R,L.Perdomo(30)
90,93,91,91,Jul 10,@,SDP,"L,1-4",32,30,1,4,1,0,1,1,2,0,9,0,0,0,0,0,0,0,0.243,0.323,0.431,0.754,4,11,L,E.Lauer(78)
91,94,92,92,Jul 11,@,SDP,"W,4-2",42,37,4,10,3,0,0,3,5,2,5,0,0,0,2,2,0,0,0.244,0.324,0.43,0.753,11,17,L,J.Lucchesi(43)
92,95,93,93,Jul 12,@,SDP,"W,3-2",36,30,3,5,2,0,0,3,4,0,9,2,0,0,0,0,0,1,0.243,0.323,0.428,0.751,6,16,R,T.Ross(61)
93,96,94,94,Jul 13,,LAA,"W,3-2",37,32,3,9,3,0,1,2,5,1,8,0,0,0,0,1,0,0,0.243,0.324,0.428,0.752,10,14,R,F.Pena(54)
94,97,95,95,Jul 14,,LAA,"L,4-5",45,40,4,10,3,0,1,4,4,1,11,1,0,0,1,1,0,0,0.243,0.324,0.428,0.752,11,16,L,A.Heaney(56)
95,98,96,96,Jul 15,,LAA,"W,5-3",34,30,5,10,0,0,2,5,2,0,6,1,0,1,0,1,0,1,0.244,0.325,0.429,0.753,5,14,R,D.McGuire(39)
96,99,97,97,Jul 20,@,MIL,"W,6-4",42,37,6,11,3,0,1,5,4,1,6,1,0,0,1,0,0,0,0.245,0.325,0.429,0.754,9,17,L,W.Miley(62)
97,100,98,98,Jul 21,@,MIL,"L,2-4",38,35,2,10,1,0,0,2,3,1,13,0,0,0,0,1,0,0,0.245,0.326,0.428,0.753,9,15,R,C.Anderson(46)
98,101,99,99,Jul 22,@,MIL,"W,11-2",45,39,11,14,3,1,2,11,3,0,7,1,1,1,2,2,0,0,0.246,0.326,0.43,0.757,7,12,L,B.Suter(32)
99,102,100,100,Jul 23,@,PHI,"W,7-6",42,35,7,10,1,1,4,6,6,0,8,0,0,1,0,1,0,0,0.247,0.327,0.433,0.76,8,16,R,Z.Eflin(34)
100,103,101,101,Jul 24,@,PHI,"L,4-7",63,57,4,11,3,0,2,3,5,2,17,0,1,0,0,0,0,0,0.246,0.326,0.432,0.758,11,20,R,A.Nola(48)
101,104,102,102,Jul 25,@,PHI,"L,3-7",36,31,3,6,2,0,1,3,4,0,11,0,0,1,1,1,1,0,0.246,0.326,0.431,0.757,6,15,R,J.Arrieta(56)
102,105,103,103,Jul 26,@,ATL,"W,8-2",43,37,8,11,1,0,1,7,4,1,6,1,1,0,0,1,0,0,0.246,0.326,0.431,0.757,8,13,R,A.Sanchez(43)
103,106,104,104,Jul 27,@,ATL,"W,4-1",40,33,4,7,1,0,2,4,7,0,12,0,0,0,0,1,0,0,0.246,0.326,0.431,0.757,9,11,R,M.Foltynewicz(44)
104,107,105,105,Jul 28,@,ATL,"W,5-1",41,30,5,6,0,0,1,5,7,0,13,2,1,1,0,0,0,0,0.245,0.327,0.43,0.757,9,15,L,M.Fried(63)
105,108,106,106,Jul 29,@,ATL,"L,1-4",30,29,1,2,0,0,0,1,1,0,8,0,0,0,0,0,0,0,0.244,0.325,0.427,0.752,2,13,L,S.Newcomb(85)
106,109,107,107,Jul 30,,MIL,"L,2-5",40,31,2,5,1,1,1,2,7,0,13,1,1,0,0,0,0,0,0.243,0.325,0.426,0.752,11,17,R,F.Peralta(54)
107,110,108,108,Jul 31,,MIL,"L,0-1",30,28,0,2,0,0,0,0,2,0,7,0,0,0,0,1,0,0,0.242,0.324,0.424,0.747,3,13,L,W.Miley(76)
108,112,109,109,Aug 1,,MIL,"W,6-4",40,35,6,10,2,0,3,6,4,1,8,0,1,0,0,2,1,0,0.242,0.324,0.425,0.749,7,16,R,C.Anderson(62)
109,113,110,110,Aug 2,,MIL,"W,21-5",49,42,21,18,5,0,7,20,6,0,7,1,0,0,1,1,1,0,0.244,0.326,0.432,0.759,4,14,R,J.Chacin(18)
110,114,111,111,Aug 3,,HOU,"L,1-2",32,31,1,4,0,0,1,1,1,0,16,0,0,0,0,0,1,0,0.244,0.325,0.431,0.756,4,12,R,J.Verlander(80)
111,115,112,112,Aug 4,,HOU,"L,0-14",33,27,0,3,1,0,0,0,6,0,12,0,0,0,0,2,0,1,0.243,0.325,0.429,0.753,6,16,R,L.McCullers(61)
112,116,113,113,Aug 5,,HOU,"W,3-2",32,31,3,7,4,0,0,3,1,0,13,0,0,0,0,0,1,0,0.242,0.324,0.428,0.752,5,13,R,G.Cole(50)
113,117,114,114,Aug 7,@,OAK,"W,4-2",42,34,4,9,3,0,0,4,7,0,7,0,1,0,0,1,1,0,0.243,0.325,0.427,0.752,11,11,L,S.Manaea(34)
114,118,115,115,Aug 8,@,OAK,"L,2-3",36,34,2,7,1,0,1,2,2,0,11,0,0,0,0,0,2,0,0.242,0.324,0.426,0.751,7,9,R,M.Fiers(64)
115,119,116,116,Aug 9,@,COL,"W,8-5",42,39,8,13,2,0,5,8,2,0,11,0,0,1,0,0,2,0,0.243,0.324,0.43,0.754,7,15,L,T.Anderson(65)
116,120,117,117,Aug 10,@,COL,"L,4-5",39,36,4,10,3,0,1,4,1,0,5,2,0,0,0,1,0,0,0.244,0.325,0.43,0.754,8,13,R,J.Gray(40)
117,121,118,118,Aug 11,@,COL,"L,2-3",35,31,2,6,1,1,1,2,3,0,11,0,1,0,0,1,1,0,0.243,0.324,0.43,0.754,6,14,L,K.Freeland(65)
118,122,119,119,Aug 12,@,COL,"L,3-4",38,31,3,7,1,0,0,3,5,0,6,0,1,1,0,1,3,0,0.243,0.324,0.428,0.752,8,13,R,C.Bettis(62)
119,123,120,120,Aug 13,,SFG,"L,2-5",37,34,2,8,1,0,1,2,3,0,7,0,0,0,0,0,2,0,0.243,0.324,0.428,0.752,8,14,L,M.Bumgarner(52)
120,124,121,121,Aug 14,,SFG,"L,1-2",35,32,1,5,3,0,0,1,3,0,8,0,0,0,0,0,2,0,0.242,0.323,0.426,0.749,7,17,L,A.Suarez(69)
121,125,122,122,Aug 15,,SFG,"W,4-3",55,43,4,14,5,0,0,4,10,4,13,0,0,2,0,1,1,1,0.243,0.324,0.426,0.751,17,19,L,D.Holland(55)
122,126,123,123,Aug 17,@,SEA,"W,11-1",42,36,11,11,0,0,5,10,5,0,6,0,0,1,1,2,0,0,0.244,0.325,0.429,0.754,4,9,L,W.LeBlanc(27)
123,127,124,124,Aug 18,@,SEA,"L,4-5",41,35,4,6,0,0,3,4,5,0,8,1,0,0,0,1,1,0,0.243,0.325,0.429,0.754,7,9,R,E.Ramirez(56)
124,128,125,125,Aug 19,@,SEA,"W,12-1",51,45,12,17,3,0,2,12,5,0,3,1,0,0,1,0,5,0,0.244,0.326,0.431,0.757,12,11,L,R.Elias(25)
125,129,126,126,Aug 20,,STL,"L,3-5",44,32,3,7,1,0,0,3,10,1,12,1,0,1,0,0,2,0,0.244,0.327,0.429,0.756,14,17,L,A.Gomber(49)
126,130,127,127,Aug 21,,STL,"L,2-5",40,35,2,9,1,0,1,2,4,0,10,1,0,0,1,1,0,0,0.244,0.327,0.429,0.756,11,16,R,D.Ponce de Leon(55)
127,131,128,128,Aug 22,,STL,"L,1-3",33,30,1,2,0,0,1,1,3,0,13,0,0,0,1,0,0,0,0.243,0.326,0.427,0.753,5,13,R,J.Flaherty(74)
128,132,129,129,Aug 24,,SDP,"W,11-1",42,36,11,13,4,0,3,10,6,0,12,0,0,0,0,1,0,0,0.244,0.327,0.429,0.756,7,13,L,C.Richard(18)
129,133,130,130,Aug 25,,SDP,"W,5-4",47,42,5,11,2,0,2,5,3,0,11,1,1,0,0,0,2,1,0.244,0.327,0.43,0.756,8,15,R,B.Kennedy(48)
130,134,131,131,Aug 26,,SDP,"W,7-3",39,34,7,11,4,0,1,7,5,0,8,0,0,0,1,2,0,0,0.245,0.327,0.43,0.758,8,16,L,R.Erlin(34)
131,135,132,132,Aug 28,@,TEX,"W,8-4",46,40,8,15,2,1,1,7,2,0,6,2,0,2,1,2,0,0,0.246,0.328,0.431,0.76,11,9,R,A.Jurado(35)
132,136,133,133,Aug 29,@,TEX,"W,3-1",33,29,3,4,0,1,3,3,4,0,10,0,0,0,0,1,0,1,0.245,0.328,0.432,0.76,3,10,L,M.Minor(64)
133,137,134,134,Aug 30,,ARI,"L,1-3",34,32,1,8,0,0,1,1,2,0,15,0,0,0,1,2,0,0,0.245,0.327,0.431,0.759,6,15,L,R.Ray(63)
134,138,135,135,Aug 31,,ARI,"W,3-2",32,29,3,6,1,0,2,3,1,0,6,1,1,0,0,0,0,0,0.245,0.327,0.431,0.758,5,12,R,Z.Greinke(58)
135,140,136,136,Sep 1,,ARI,"W,3-2",34,31,3,6,1,0,1,3,2,0,13,1,0,0,1,0,0,0,0.245,0.327,0.431,0.757,7,18,L,P.Corbin(67)
136,141,137,137,Sep 2,,ARI,"W,3-2",36,29,3,5,1,0,1,3,5,0,9,1,1,0,1,0,0,0,0.244,0.327,0.43,0.757,8,18,R,C.Buchholz(57)
137,142,138,138,Sep 3,,NYM,"L,2-4",35,32,2,7,2,0,1,2,2,0,8,0,0,1,2,3,1,0,0.244,0.326,0.43,0.756,6,19,R,J.deGrom(69)
138,143,139,139,Sep 4,,NYM,"W,11-4",41,37,11,13,4,0,2,10,3,0,7,1,0,0,1,1,2,0,0.245,0.327,0.431,0.758,6,22,L,J.Vargas(31)
139,144,140,140,Sep 5,,NYM,"L,3-7",32,30,3,3,0,0,2,3,2,0,10,0,0,0,0,0,0,0,0.244,0.326,0.43,0.756,2,14,R,Z.Wheeler(66)
140,145,141,141,Sep 7,@,COL,"W,4-2",43,33,4,8,2,0,1,3,9,0,9,1,0,0,1,1,0,2,0.244,0.327,0.43,0.757,12,19,R,J.Gray(45)
141,146,142,142,Sep 8,@,COL,"L,2-4",36,32,2,6,1,1,1,2,3,0,14,1,0,0,0,1,1,0,0.244,0.326,0.43,0.756,7,19,L,K.Freeland(66)
142,147,143,143,Sep 9,@,COL,"W,9-6",48,41,9,14,4,2,2,8,7,1,8,0,0,0,1,0,1,0,0.245,0.327,0.432,0.759,12,19,L,T.Anderson(34)
143,148,144,144,Sep 10,@,CIN,"L,6-10",42,36,6,9,2,0,2,6,6,0,9,0,0,0,1,0,2,0,0.245,0.327,0.432,0.759,9,19,L,C.Reed(42)
144,149,145,145,Sep 11,@,CIN,"L,1-3",33,30,1,5,1,0,1,1,3,0,11,0,0,0,0,2,0,0,0.244,0.327,0.431,0.758,5,15,R,L.Castillo(69)
145,150,146,146,Sep 12,@,CIN,"W,8-1",46,39,8,11,4,0,1,7,7,2,8,0,0,0,1,0,1,0,0.244,0.327,0.432,0.759,11,21,R,A.DeSclafani(34)
146,151,147,147,Sep 13,@,STL,"W,9-7",42,38,9,16,3,1,1,9,1,0,7,0,1,2,0,1,0,1,0.246,0.328,0.433,0.761,6,16,L,A.Gomber(15)
147,152,148,148,Sep 14,@,STL,"W,3-0",37,32,3,7,0,0,2,2,4,0,12,1,0,0,0,1,0,0,0.246,0.328,0.433,0.761,7,14,R,J.Flaherty(66)
148,153,149,149,Sep 15,@,STL,"W,17-4",52,41,17,16,1,0,5,16,10,1,9,1,0,0,1,2,0,0,0.247,0.33,0.436,0.765,8,22,R,J.Gant(27)
149,154,150,150,Sep 16,@,STL,"L,0-5",34,29,0,4,1,0,0,0,5,0,12,0,0,0,0,1,0,1,0.246,0.329,0.434,0.764,7,17,R,A.Wainwright(74)
150,155,151,151,Sep 17,,COL,"W,8-2",40,33,8,11,1,0,3,7,6,0,8,1,0,0,0,0,0,0,0.247,0.33,0.435,0.766,8,19,R,J.Gray(17)
151,156,152,152,Sep 18,,COL,"W,3-2",37,32,3,6,1,0,1,2,4,0,7,0,1,0,1,0,1,0,0.246,0.33,0.435,0.765,6,20,L,K.Freeland(56)
152,157,153,153,Sep 19,,COL,"W,5-2",31,28,5,5,2,0,2,5,3,0,5,0,0,0,0,1,1,0,0.246,0.329,0.435,0.764,2,19,L,T.Anderson(60)
153,158,154,154,Sep 21,,SDP,"L,3-5",40,36,3,9,2,0,1,3,4,0,10,0,0,0,0,0,0,0,0.246,0.329,0.435,0.764,10,24,L,E.Lauer(58)
154,159,155,155,Sep 22,,SDP,"W,7-2",36,33,7,9,3,0,3,7,2,0,10,1,0,0,0,0,0,0,0.246,0.329,0.436,0.765,5,15,R,J.Nix(23)
155,160,156,156,Sep 23,,SDP,"W,14-0",45,41,14,16,3,0,3,14,4,0,11,0,0,0,0,0,0,0,0.247,0.33,0.438,0.768,7,19,L,J.Lucchesi(23)
156,161,157,157,Sep 24,@,ARI,"W,7-4",44,36,7,9,2,0,1,5,8,2,11,0,0,0,0,0,1,0,0.247,0.331,0.437,0.768,10,22,L,R.Ray(55)
157,162,158,158,Sep 25,@,ARI,"L,3-4",39,35,3,10,2,1,1,3,4,0,7,0,0,0,0,2,1,0,0.248,0.331,0.438,0.769,9,21,R,M.Koch(48)
158,163,159,159,Sep 26,@,ARI,"L,2-7",37,35,2,9,1,0,0,2,2,1,8,0,0,0,0,1,0,0,0.248,0.331,0.437,0.767,8,21,R,Z.Greinke(52)
159,164,160,160,Sep 28,@,SFG,"W,3-1",36,35,3,9,1,0,1,3,1,0,10,0,0,0,1,1,1,0,0.248,0.33,0.436,0.767,6,18,L,M.Bumgarner(51)
160,165,161,161,Sep 29,@,SFG,"W,10-6",51,44,10,18,3,2,2,10,7,3,6,0,0,0,1,2,2,0,0.249,0.332,0.438,0.77,14,18,R,D.Rodriguez(25)
161,166,162,162,Sep 30,@,SFG,"W,15-0",47,40,15,16,5,1,3,14,5,0,6,1,0,1,0,2,0,0,0.25,0.333,0.441,0.774,5,21,L,A.Suarez(19)
162,167,163,163,Oct 1,,COL,"W,5-2",35,33,5,9,3,0,2,5,2,1,10,0,0,0,0,1,0,0,0.25,0.333,0.442,0.774,6,14,R,G.Marquez(49)
