,index,Rk,Gtm,Date,Unnamed: 3,Opp,Rslt,PA,AB,R,H,2B,3B,HR,RBI,BB,IBB,SO,HBP,SH,SF,ROE,GDP,SB,CS,BA,OBP,SLG,OPS,LOB,#,Thr,Opp. Starter (GmeSc)
0,0,1,1,Apr 1,@,ARI,"L,2-6",31,30,2,5,3,0,0,2,1,0,10,0,0,0,0,1,0,0,0.167,0.194,0.267,0.46,2,13,R,I.Kennedy(66)
1,1,2,2,Apr 2,@,ARI,"W,6-1",40,36,6,10,2,0,3,6,3,0,10,1,0,0,0,0,0,0,0.227,0.282,0.439,0.721,7,13,R,T.Cahill(52)
2,2,3,3,Apr 3,@,ARI,"L,9-10",69,60,9,16,5,0,1,8,4,1,12,1,4,0,0,0,0,0,0.246,0.301,0.421,0.722,12,20,R,B.McCarthy(26)
3,3,4,4,Apr 5,@,SFG,"L,0-1",31,28,0,3,0,0,0,0,3,0,6,0,0,0,0,2,0,0,0.221,0.281,0.364,0.645,4,12,L,B.Zito(72)
4,4,5,5,Apr 6,@,SFG,"W,6-3",39,35,6,11,0,0,0,6,2,0,7,0,2,0,0,1,1,0,0.238,0.294,0.354,0.649,6,14,R,R.Vogelsong(34)
5,5,6,6,Apr 7,@,SFG,"W,14-3",47,41,14,15,2,1,0,14,3,0,9,1,0,2,1,0,0,0,0.261,0.315,0.374,0.689,6,14,R,M.Cain(11)
6,6,7,7,Apr 8,,CIN,"L,4-13",34,32,4,4,1,0,0,1,2,0,8,0,0,0,2,1,0,0,0.244,0.298,0.347,0.646,3,16,R,M.Latos(58)
7,7,8,8,Apr 9,,CIN,"W,5-1",33,32,5,9,3,0,1,4,1,1,3,0,0,0,0,0,0,0,0.248,0.299,0.361,0.659,4,15,R,B.Arroyo(47)
8,8,9,9,Apr 10,,CIN,"W,10-0",41,36,10,14,4,0,4,10,4,0,5,0,1,0,0,1,0,0,0.264,0.316,0.412,0.728,7,11,R,H.Bailey(20)
9,9,10,10,Apr 12,,MIL,"W,2-0",29,28,2,6,1,0,1,2,0,0,2,0,1,0,0,1,0,0,0.26,0.308,0.408,0.716,3,12,R,K.Lohse(59)
10,10,11,11,Apr 13,,MIL,"W,8-0",35,34,8,10,1,0,0,7,0,0,5,1,0,0,1,1,0,0,0.263,0.309,0.401,0.709,3,11,R,Y.Gallardo(35)
11,11,12,12,Apr 14,,MIL,"L,3-4",40,35,3,8,2,0,1,3,4,1,9,0,1,0,0,1,1,0,0.26,0.309,0.398,0.707,7,18,R,M.Estrada(52)
12,12,13,13,Apr 15,@,PIT,"W,10-6",43,36,10,10,5,0,0,9,7,0,2,0,0,0,2,2,0,0,0.261,0.316,0.4,0.716,6,13,R,J.McDonald(15)
13,13,14,14,Apr 17,@,PIT,"L,0-5",29,28,0,1,1,0,0,0,0,0,11,1,0,0,0,0,0,0,0.248,0.303,0.381,0.683,2,14,R,A.Burnett(83)
14,14,15,15,Apr 18,@,PHI,"W,4-3",36,31,4,7,3,0,1,4,3,0,10,0,1,1,0,0,2,1,0.247,0.302,0.383,0.685,5,12,L,C.Hamels(61)
15,15,16,16,Apr 19,@,PHI,"L,2-8",25,23,2,2,0,0,2,2,2,0,6,0,0,0,0,0,0,0,0.24,0.296,0.382,0.677,2,12,R,R.Halladay(69)
16,16,17,17,Apr 20,@,PHI,"W,5-0",38,34,5,8,0,0,1,5,4,0,8,0,0,0,0,1,0,0,0.24,0.297,0.378,0.675,6,12,L,C.Lee(35)
17,17,18,18,Apr 21,@,PHI,"L,3-7",41,36,3,10,1,0,1,3,3,0,9,0,2,0,1,0,0,0,0.242,0.299,0.379,0.678,11,14,R,K.Kendrick(53)
18,18,19,19,Apr 22,@,WSN,"W,3-2",37,30,3,8,1,0,0,3,4,1,6,1,2,0,0,3,0,0,0.243,0.303,0.375,0.678,7,13,R,D.Haren(43)
19,19,20,20,Apr 23,@,WSN,"W,2-0",34,30,2,8,2,0,0,2,3,0,4,0,1,0,0,3,0,0,0.244,0.304,0.373,0.677,5,11,L,R.Detwiler(48)
20,20,21,21,Apr 24,@,WSN,"W,4-2",36,34,4,9,2,0,0,4,2,0,8,0,0,0,1,2,1,0,0.245,0.304,0.371,0.675,5,13,R,S.Strasburg(61)
21,21,22,22,Apr 26,,PIT,"W,9-1",40,33,9,13,1,0,3,9,5,0,7,1,1,0,1,2,0,1,0.252,0.313,0.385,0.698,7,13,L,J.Sanchez(36)
22,22,23,23,Apr 27,,PIT,"L,3-5",39,34,3,8,4,0,0,2,4,1,10,1,0,0,0,1,2,0,0.251,0.314,0.384,0.698,9,17,R,A.Burnett(57)
23,23,24,24,Apr 28,,PIT,"L,0-9",33,29,0,3,0,0,0,0,3,0,4,0,1,0,1,1,0,0,0.246,0.309,0.374,0.683,6,15,L,J.Locke(73)
24,24,25,25,Apr 29,,CIN,"L,1-2",38,33,1,7,2,0,0,1,4,0,5,1,0,0,0,1,1,0,0.245,0.309,0.37,0.679,10,14,R,M.Latos(63)
25,25,26,26,Apr 30,,CIN,"W,2-1",30,29,2,7,0,0,1,2,1,0,0,0,0,0,0,2,0,0,0.245,0.308,0.369,0.677,4,10,R,B.Arroyo(56)
26,27,27,27,May 1,,CIN,"W,4-2",35,33,4,10,2,0,1,4,1,0,4,0,1,0,0,0,0,0,0.247,0.309,0.372,0.681,7,11,R,H.Bailey(36)
27,28,28,28,May 2,@,MIL,"W,6-5",40,37,6,12,0,0,0,6,2,0,6,1,0,0,0,2,0,0,0.25,0.311,0.37,0.682,7,14,R,W.Peralta(18)
28,29,29,29,May 3,@,MIL,"W,6-1",42,39,6,15,4,0,2,5,3,1,6,0,0,0,1,1,0,0,0.255,0.316,0.381,0.697,9,13,R,K.Lohse(31)
29,30,30,30,May 4,@,MIL,"W,7-6",38,36,7,10,1,0,3,7,2,0,9,0,0,0,0,0,1,0,0.256,0.316,0.387,0.703,4,16,R,Y.Gallardo(48)
30,31,31,31,May 5,@,MIL,"W,10-1",47,37,10,11,1,1,1,10,7,0,11,3,0,0,0,1,1,0,0.257,0.321,0.39,0.711,10,13,R,M.Estrada(16)
31,32,32,32,May 7,@,CHC,"L,1-2",37,34,1,8,1,0,1,1,3,0,9,0,0,0,0,0,1,1,0.257,0.32,0.389,0.709,9,11,L,T.Wood(64)
32,33,33,33,May 8,@,CHC,"W,5-4",38,32,5,11,1,0,0,4,4,0,5,1,0,1,0,3,0,1,0.259,0.324,0.388,0.712,6,15,R,C.Villanueva(47)
33,34,34,34,May 10,,COL,"W,3-0",37,33,3,10,1,0,1,3,3,0,7,0,0,1,0,0,0,0,0.26,0.324,0.389,0.714,10,9,R,J.Garland(43)
34,35,35,35,May 11,,COL,"W,3-0",39,35,3,13,0,1,0,3,3,0,10,0,0,1,0,1,0,0,0.264,0.327,0.391,0.717,12,10,R,J.Chacin(45)
35,36,36,36,May 12,,COL,"L,2-8",36,32,2,6,2,0,0,2,3,0,9,0,0,1,0,0,0,0,0.262,0.325,0.387,0.712,7,17,L,J.De La Rosa(77)
36,37,37,37,May 13,,NYM,"W,6-3",37,31,6,11,3,0,1,6,4,0,4,0,1,1,0,1,1,0,0.264,0.327,0.391,0.718,7,15,R,J.Hefner(48)
37,38,38,38,May 14,,NYM,"W,10-4",42,36,10,11,1,0,2,10,6,0,7,0,0,0,1,0,0,0,0.265,0.33,0.394,0.723,8,15,R,D.Gee(24)
38,39,39,39,May 15,,NYM,"W,4-2",34,30,4,6,1,0,0,3,4,1,5,0,0,0,0,0,0,0,0.264,0.329,0.39,0.719,6,16,R,S.Marcum(56)
39,40,40,40,May 16,,NYM,"L,2-5",35,33,2,8,3,0,0,2,2,0,4,0,0,0,0,2,0,0,0.263,0.328,0.389,0.717,6,15,L,J.Niese(59)
40,41,41,41,May 17,,MIL,"W,7-6",38,37,7,13,1,0,1,7,1,0,8,0,0,0,0,0,0,0,0.266,0.329,0.391,0.719,7,13,R,W.Peralta(24)
41,42,42,42,May 18,,MIL,"L,4-6",45,38,4,10,2,0,0,4,6,1,8,0,1,0,0,1,0,0,0.265,0.33,0.389,0.718,11,17,R,M.Estrada(37)
42,43,43,43,May 19,,MIL,"W,4-2",33,32,4,9,1,0,0,4,1,0,6,0,0,0,0,0,1,0,0.266,0.329,0.387,0.716,5,14,R,K.Lohse(44)
43,44,44,44,May 20,@,SDP,"L,2-4",33,28,2,4,1,0,0,0,5,0,3,0,0,0,1,3,0,1,0.264,0.328,0.383,0.711,4,12,R,J.Marquis(59)
44,45,45,45,May 21,@,SDP,"W,10-2",40,35,10,13,3,0,1,10,2,1,8,0,2,1,0,2,0,1,0.266,0.33,0.387,0.716,3,11,R,E.Volquez(40)
45,46,46,46,May 22,@,SDP,"W,5-3",42,38,5,14,1,1,0,4,4,1,8,0,0,0,0,2,0,1,0.269,0.332,0.388,0.72,10,12,R,B.Smith(25)
46,47,47,47,May 24,@,LAD,"W,7-0",41,33,7,6,2,0,2,7,6,0,7,1,0,1,1,0,0,0,0.267,0.332,0.389,0.721,7,15,L,C.Capuano(34)
47,48,48,48,May 25,@,LAD,"L,3-5",38,35,3,7,2,0,0,3,2,1,8,1,0,0,1,0,0,0,0.265,0.33,0.386,0.716,8,17,L,T.Lilly(60)
48,49,49,49,May 26,@,LAD,"W,5-3",40,36,5,10,5,0,0,5,4,1,7,0,0,0,0,1,0,0,0.266,0.331,0.387,0.717,8,15,L,C.Kershaw(49)
49,50,50,50,May 27,@,KCR,"W,6-3",44,36,6,12,3,0,1,6,7,1,7,0,0,1,0,2,1,0,0.267,0.333,0.389,0.722,11,10,R,J.Shields(29)
50,51,51,51,May 28,@,KCR,"W,4-1",34,32,4,8,0,0,3,4,2,0,5,0,0,0,0,3,1,0,0.267,0.332,0.392,0.724,3,10,R,E.Santana(51)
51,52,52,52,May 29,,KCR,"W,5-3",37,33,5,12,1,0,2,5,4,1,8,0,0,0,0,1,0,0,0.268,0.334,0.395,0.73,8,15,R,L.Mendoza(55)
52,53,53,53,May 30,,KCR,"L,2-4",38,35,2,8,1,0,0,2,3,0,7,0,0,0,0,0,1,0,0.268,0.333,0.393,0.726,9,16,R,J.Guthrie(53)
53,55,54,54,Jun 1 (1),,SFG,"W,8-0",35,32,8,10,3,0,0,8,1,0,10,0,1,1,0,0,0,0,0.268,0.333,0.393,0.726,3,12,R,M.Cain(35)
54,56,55,55,Jun 1 (2),,SFG,"W,7-1",36,32,7,9,2,0,0,7,2,0,8,1,0,1,0,1,1,0,0.269,0.333,0.392,0.725,5,9,L,M.Bumgarner(45)
55,57,56,56,Jun 2,,SFG,"L,2-4",33,33,2,6,0,0,1,2,0,0,6,0,0,0,0,0,0,0,0.267,0.331,0.39,0.721,4,15,R,C.Gaudin(61)
56,58,57,57,Jun 3,,ARI,"W,7-1",39,36,7,14,2,0,2,7,3,0,3,0,0,0,0,2,0,0,0.269,0.333,0.394,0.727,8,14,R,T.Cahill(26)
57,59,58,58,Jun 4,,ARI,"L,6-7",62,55,6,14,2,1,2,6,3,1,13,3,0,1,0,0,1,0,0.269,0.332,0.395,0.728,14,20,L,T.Skaggs(41)
58,60,59,59,Jun 5,,ARI,"L,3-10",38,37,3,12,1,0,0,3,1,0,5,0,0,0,1,2,0,0,0.27,0.333,0.394,0.727,8,15,L,W.Miley(42)
59,61,60,60,Jun 6,,ARI,"W,12-8",44,40,12,17,3,0,5,12,4,0,6,0,0,0,0,1,0,0,0.273,0.335,0.404,0.739,8,17,R,I.Kennedy(-2)
60,62,61,61,Jun 7,@,CIN,"W,9-2",43,41,9,16,7,0,0,9,2,0,7,0,0,0,0,2,0,0,0.275,0.337,0.407,0.744,7,14,R,M.Leake(45)
61,63,62,62,Jun 8,@,CIN,"L,2-4",38,36,2,9,3,0,0,2,1,0,6,1,0,0,0,0,0,0,0.275,0.336,0.406,0.742,9,15,R,M.Latos(58)
62,64,63,63,Jun 9,@,CIN,"W,11-4",49,41,11,14,4,0,2,11,6,2,8,0,1,1,0,0,0,1,0.276,0.338,0.409,0.747,8,17,R,B.Arroyo(55)
63,65,64,64,Jun 11,@,NYM,"W,9-2",43,40,9,13,3,0,2,8,3,0,5,0,0,0,1,1,0,0,0.277,0.338,0.412,0.75,7,13,R,J.Hefner(43)
64,66,65,65,Jun 12,@,NYM,"L,1-5",35,33,1,6,2,0,1,1,2,0,7,0,0,0,0,0,0,0,0.276,0.337,0.41,0.747,7,12,R,D.Gee(63)
65,67,66,66,Jun 13,@,NYM,"W,2-1",36,34,2,10,1,1,0,2,1,0,8,0,1,0,0,1,0,1,0.276,0.337,0.41,0.747,7,12,R,M.Harvey(69)
66,68,67,67,Jun 14,@,MIA,"L,4-5",37,35,4,8,2,0,0,4,2,0,13,0,0,0,1,1,0,0,0.275,0.336,0.408,0.744,6,15,R,J.Fernandez(63)
67,69,68,68,Jun 15,@,MIA,"W,13-7",48,42,13,17,2,1,3,12,4,0,7,1,1,0,0,2,0,0,0.278,0.338,0.414,0.752,8,16,R,T.Koehler(13)
68,70,69,69,Jun 16,@,MIA,"L,2-7",36,31,2,5,0,0,0,2,4,0,6,0,1,0,0,0,0,0,0.276,0.337,0.41,0.747,7,15,R,R.Nolasco(70)
69,71,70,70,Jun 17,,CHC,"W,5-2",33,29,5,8,2,0,0,4,0,0,4,1,1,2,0,0,0,0,0.276,0.336,0.41,0.746,4,15,L,T.Wood(53)
70,72,71,71,Jun 18,,CHC,"L,2-4",33,31,2,8,1,0,1,2,1,0,6,1,0,0,0,3,0,0,0.276,0.336,0.409,0.745,4,13,R,J.Samardzija(66)
71,73,72,72,Jun 19,,CHC,"W,4-1",34,30,4,9,0,0,1,4,2,0,3,1,1,0,0,2,0,0,0.276,0.336,0.409,0.745,6,12,R,E.Jackson(39)
72,74,73,73,Jun 20,,CHC,"W,6-1",36,32,6,10,3,0,1,6,4,0,5,0,0,0,0,2,0,0,0.277,0.337,0.41,0.747,6,14,R,S.Feldman(36)
73,75,74,74,Jun 21,,TEX,"L,4-6",38,31,4,6,5,0,0,3,5,1,6,0,2,0,0,0,0,0,0.276,0.336,0.41,0.746,7,14,L,D.Holland(54)
74,76,75,75,Jun 22,,TEX,"L,2-4",33,31,2,7,0,1,0,2,1,0,4,0,0,1,0,2,0,0,0.275,0.335,0.408,0.743,4,14,L,M.Perez(61)
75,77,76,76,Jun 23,,TEX,"L,1-2",35,32,1,7,0,0,1,1,2,0,5,1,0,0,0,1,0,0,0.274,0.335,0.407,0.742,7,15,R,N.Tepesch(59)
76,78,77,77,Jun 25,@,HOU,"W,13-5",46,42,13,15,2,1,3,13,4,0,14,0,0,0,1,1,0,0,0.276,0.336,0.411,0.747,6,13,R,L.Harrell(19)
77,79,78,78,Jun 26,@,HOU,"L,3-4",37,34,3,8,2,0,2,3,3,0,11,0,0,0,0,1,1,0,0.275,0.335,0.412,0.747,7,13,L,E.Bedard(51)
78,80,79,79,Jun 28,@,OAK,"L,1-6",33,32,1,7,0,0,0,1,1,0,6,0,0,0,0,2,0,0,0.274,0.334,0.41,0.744,5,9,R,B.Colon(70)
79,81,80,80,Jun 29,@,OAK,"W,7-1",39,34,7,10,3,0,2,7,1,0,7,2,1,1,0,1,0,0,0.275,0.335,0.411,0.746,5,9,R,J.Parker(60)
80,82,81,81,Jun 30,@,OAK,"L,5-7",37,35,5,8,3,0,3,4,2,0,7,0,0,0,1,0,0,1,0.274,0.334,0.413,0.747,5,12,L,T.Milone(43)
81,84,82,82,Jul 2,@,LAA,"L,1-5",36,35,1,9,3,0,0,1,0,0,7,1,0,0,1,2,0,0,0.274,0.333,0.413,0.746,8,9,R,J.Weaver(66)
82,85,83,83,Jul 3,@,LAA,"W,12-2",47,38,12,13,2,0,2,11,7,0,4,2,0,0,1,1,0,2,0.275,0.335,0.414,0.75,8,14,R,J.Williams(17)
83,86,84,84,Jul 4,@,LAA,"L,5-6",38,35,5,10,1,0,1,5,2,0,12,0,0,1,1,2,1,0,0.275,0.335,0.414,0.749,6,9,R,J.Blanton(39)
84,87,85,85,Jul 5,,MIA,"W,4-1",32,29,4,7,4,0,0,4,2,0,3,0,0,1,0,1,0,0,0.275,0.334,0.414,0.748,4,12,R,J.Turner(44)
85,88,86,86,Jul 6,,MIA,"W,5-4",36,32,5,8,0,1,1,4,4,0,4,0,0,0,0,2,0,0,0.274,0.334,0.414,0.748,5,14,R,N.Eovaldi(52)
86,89,87,87,Jul 7,,MIA,"W,3-2",34,26,3,6,2,0,1,2,5,2,6,2,0,1,0,2,2,0,0.274,0.335,0.414,0.749,7,13,R,J.Fernandez(53)
87,90,88,88,Jul 9,,HOU,"W,9-5",41,34,9,15,5,0,1,9,3,1,5,2,1,1,0,3,0,0,0.276,0.337,0.417,0.754,8,16,R,B.Norris(21)
88,91,89,89,Jul 10,,HOU,"W,5-4",35,30,5,7,1,0,1,5,4,1,4,1,0,0,0,1,1,0,0.275,0.337,0.416,0.753,6,15,R,J.Lyles(45)
89,92,90,90,Jul 11,@,CHC,"L,0-3",34,32,0,4,2,0,0,0,2,0,8,0,0,0,1,0,0,0,0.274,0.335,0.414,0.749,7,12,R,E.Jackson(76)
90,93,91,91,Jul 12,@,CHC,"W,3-2",37,34,3,7,2,2,0,3,3,0,7,0,0,0,0,0,0,0,0.273,0.335,0.414,0.748,7,16,R,C.Villanueva(58)
91,94,92,92,Jul 13,@,CHC,"L,4-6",44,38,4,12,2,0,0,4,5,1,6,0,0,1,1,0,0,1,0.274,0.335,0.413,0.748,13,17,R,M.Garza(48)
92,95,93,93,Jul 14,@,CHC,"W,10-6",52,47,10,21,4,0,1,10,3,0,3,1,1,0,0,0,0,0,0.276,0.337,0.416,0.753,15,13,L,T.Wood(35)
93,96,94,94,Jul 19,,SDP,"W,9-6",40,32,9,14,4,0,0,9,4,0,1,0,2,2,0,2,0,0,0.278,0.339,0.417,0.756,7,14,R,J.Marquis(25)
94,97,95,95,Jul 20,,SDP,"L,3-5",33,30,3,4,0,0,0,3,3,0,3,0,0,0,0,1,0,0,0.276,0.338,0.415,0.752,3,16,R,E.Volquez(47)
95,98,96,96,Jul 21,,SDP,"W,3-2",33,32,3,8,2,0,0,3,1,0,4,0,0,0,1,0,0,0,0.276,0.337,0.414,0.751,6,12,L,E.Stults(45)
96,99,97,97,Jul 23,,PHI,"W,4-1",38,33,4,11,3,1,0,4,4,0,9,0,1,0,0,0,1,0,0.277,0.338,0.414,0.752,10,15,R,J.Pettibone(42)
97,100,98,98,Jul 24,,PHI,"W,11-3",46,38,11,16,4,1,0,11,6,0,5,1,1,0,0,0,1,0,0.278,0.34,0.416,0.756,11,15,L,J.Lannan(31)
98,101,99,99,Jul 25,,PHI,"W,3-1",31,27,3,5,0,1,0,3,2,0,4,0,2,0,1,0,0,0,0.278,0.339,0.415,0.754,4,12,R,K.Kendrick(49)
99,102,100,100,Jul 26,@,ATL,"L,1-4",32,30,1,4,2,0,1,1,1,0,7,0,1,0,0,0,0,0,0.276,0.338,0.414,0.752,4,12,L,M.Minor(70)
100,103,101,101,Jul 27,@,ATL,"L,0-2",30,29,0,2,2,0,0,0,1,0,8,0,0,0,0,0,0,0,0.275,0.336,0.412,0.747,3,13,R,J.Teheran(78)
101,104,102,102,Jul 28,@,ATL,"L,2-5",33,32,2,8,2,0,0,2,1,0,7,0,0,0,0,3,0,0,0.274,0.335,0.411,0.746,4,14,R,K.Medlen(51)
102,105,103,103,Jul 29,@,PIT,"L,2-9",36,33,2,7,0,1,0,2,2,0,10,1,0,0,0,1,0,0,0.274,0.335,0.409,0.744,7,16,L,F.Liriano(71)
103,106,104,104,Jul 30 (1),@,PIT,"L,1-2",43,38,1,6,1,0,0,1,5,0,10,0,0,0,0,1,0,0,0.273,0.334,0.407,0.741,9,17,R,A.Burnett(73)
104,107,105,105,Jul 30 (2),@,PIT,"L,0-6",34,32,0,3,0,0,0,0,2,0,6,0,0,0,1,0,0,0,0.271,0.332,0.404,0.737,7,12,R,B.Cumpton(75)
105,108,106,106,Jul 31,@,PIT,"L,4-5",42,41,4,13,1,0,0,4,1,1,11,0,0,0,1,0,3,0,0.271,0.332,0.403,0.736,11,11,L,J.Locke(31)
106,110,107,107,Aug 1,@,PIT,"W,13-0",50,42,13,17,5,0,0,11,4,0,6,2,1,1,1,1,0,0,0.273,0.334,0.405,0.739,10,17,R,C.Morton(36)
107,111,108,108,Aug 2,@,CIN,"W,13-3",49,41,13,14,5,0,3,13,8,0,13,0,0,0,0,0,0,0,0.274,0.335,0.408,0.743,9,16,R,B.Arroyo(21)
108,112,109,109,Aug 3,@,CIN,"L,3-8",36,30,3,4,3,0,0,3,5,1,13,0,1,0,0,0,0,0,0.273,0.335,0.407,0.741,6,16,L,T.Cingrani(49)
109,113,110,110,Aug 4,@,CIN,"W,15-2",49,46,15,19,7,0,3,14,3,0,7,0,0,0,1,1,0,0,0.274,0.336,0.411,0.747,7,14,R,M.Leake(24)
110,114,111,111,Aug 5,,LAD,"L,2-3",37,32,2,8,3,0,0,2,1,0,5,2,2,0,0,1,0,0,0.274,0.336,0.41,0.746,8,14,R,Z.Greinke(52)
111,115,112,112,Aug 6,,LAD,"W,5-1",33,30,5,8,2,0,2,5,3,0,7,0,0,0,0,1,0,0,0.274,0.336,0.411,0.747,4,17,L,C.Kershaw(55)
112,116,113,113,Aug 7,,LAD,"L,4-13",39,37,4,10,0,0,0,4,2,0,10,0,0,0,2,2,0,0,0.274,0.336,0.41,0.745,8,17,R,R.Nolasco(51)
113,117,114,114,Aug 8,,LAD,"L,1-5",33,33,1,7,0,0,0,0,0,0,9,0,0,0,0,1,0,0,0.274,0.335,0.408,0.743,5,14,L,H.Ryu(72)
114,118,115,115,Aug 9,,CHC,"L,0-3",37,33,0,7,2,0,0,0,3,2,9,1,0,0,0,1,0,0,0.273,0.334,0.407,0.741,10,16,L,C.Rusin(61)
115,119,116,116,Aug 10,,CHC,"L,5-6",33,32,5,9,2,0,2,5,1,0,6,0,0,0,0,2,0,1,0.273,0.334,0.408,0.742,1,15,R,C.Villanueva(45)
116,120,117,117,Aug 11,,CHC,"W,8-4",41,33,8,13,4,0,0,8,6,1,3,0,0,2,1,1,1,1,0.274,0.335,0.409,0.744,9,16,R,E.Jackson(38)
117,121,118,118,Aug 13,,PIT,"W,4-3",61,51,4,14,2,0,0,3,8,4,9,1,1,0,2,2,1,0,0.274,0.336,0.408,0.744,17,20,R,C.Morton(51)
118,122,119,119,Aug 14,,PIT,"L,1-5",30,29,1,4,1,0,0,1,1,0,6,0,0,0,1,2,0,0,0.273,0.335,0.406,0.741,2,13,L,F.Liriano(80)
119,123,120,120,Aug 15,,PIT,"W,6-5",48,45,6,12,3,1,0,6,3,0,7,0,0,0,0,1,0,0,0.273,0.335,0.406,0.74,8,18,R,A.Burnett(30)
120,124,121,121,Aug 16,@,CHC,"L,0-7",32,28,0,2,1,0,0,0,3,0,8,1,0,0,0,1,0,0,0.272,0.334,0.404,0.737,5,11,R,J.Arrieta(78)
121,125,122,122,Aug 17,@,CHC,"W,4-0",36,31,4,5,4,0,1,4,2,0,9,2,0,1,0,0,0,0,0.271,0.333,0.404,0.737,5,14,L,T.Wood(46)
122,126,123,123,Aug 18,@,CHC,"W,6-1",41,36,6,8,4,0,1,6,5,1,4,0,0,0,1,0,0,0,0.27,0.333,0.404,0.737,8,12,R,E.Jackson(51)
123,127,124,124,Aug 19,@,MIL,"W,8-5",44,42,8,16,3,0,2,8,2,0,4,0,0,0,0,1,2,0,0.272,0.333,0.406,0.739,9,17,R,M.Estrada(43)
124,128,125,125,Aug 20,@,MIL,"L,3-6",38,34,3,8,3,0,1,3,3,0,6,1,0,0,0,1,1,0,0.271,0.333,0.406,0.739,8,12,R,K.Lohse(50)
125,129,126,126,Aug 21,@,MIL,"W,8-6",40,36,8,12,2,0,3,8,3,0,9,0,0,1,0,2,2,0,0.272,0.334,0.408,0.741,5,16,L,T.Gorzelanny(17)
126,130,127,127,Aug 22,,ATL,"W,6-2",37,32,6,9,4,0,0,5,4,0,6,0,1,0,0,1,0,0,0.272,0.334,0.408,0.742,7,15,L,P.Maholm(41)
127,131,128,128,Aug 23,,ATL,"W,3-1",32,29,3,8,3,0,1,3,2,0,5,0,0,1,0,0,0,0,0.272,0.334,0.408,0.742,5,11,R,K.Medlen(50)
128,132,129,129,Aug 24,,ATL,"W,6-2",39,34,6,10,1,0,2,6,5,1,10,0,0,0,0,0,1,0,0.272,0.334,0.409,0.743,9,15,R,J.Teheran(49)
129,133,130,130,Aug 25,,ATL,"L,2-5",35,34,2,8,2,0,0,2,1,0,2,0,0,0,0,1,0,0,0.272,0.334,0.408,0.742,6,14,L,M.Minor(62)
130,134,131,131,Aug 26,,CIN,"W,8-6",35,32,8,8,2,0,2,8,3,0,5,0,0,0,0,0,0,0,0.272,0.333,0.409,0.742,3,15,R,M.Leake(41)
131,135,132,132,Aug 27,,CIN,"W,6-1",36,33,6,11,1,0,0,5,1,0,6,1,0,1,0,1,2,0,0.272,0.334,0.408,0.742,6,15,R,M.Latos(42)
132,136,133,133,Aug 28,,CIN,"L,0-10",34,31,0,5,0,0,0,0,3,0,8,0,0,0,1,2,0,0,0.271,0.333,0.407,0.74,7,16,R,H.Bailey(73)
133,137,134,134,Aug 30,@,PIT,"L,0-5",32,30,0,4,0,0,0,0,2,0,6,0,0,0,0,1,0,0,0.27,0.332,0.405,0.737,5,13,L,F.Liriano(82)
134,138,135,135,Aug 31,@,PIT,"L,1-7",33,32,1,6,0,0,0,1,1,0,7,0,0,0,0,0,0,0,0.27,0.331,0.403,0.735,5,17,R,A.Burnett(70)
135,140,136,136,Sep 1,@,PIT,"W,7-2",42,37,7,12,2,0,0,7,3,0,6,1,0,1,0,1,0,0,0.27,0.332,0.403,0.735,8,13,L,K.Johnson(21)
136,141,137,137,Sep 2,@,CIN,"L,2-7",32,29,2,4,2,0,0,2,1,0,2,0,1,1,0,0,0,0,0.269,0.331,0.402,0.733,3,15,R,M.Latos(72)
137,142,138,138,Sep 3,@,CIN,"L,0-1",31,28,0,2,0,0,0,0,2,0,12,1,0,0,0,1,1,0,0.268,0.33,0.4,0.73,4,16,R,H.Bailey(80)
138,143,139,139,Sep 4,@,CIN,"W,5-4",60,56,5,12,1,0,2,4,2,0,12,0,1,1,0,1,0,0,0.268,0.329,0.399,0.728,7,22,R,B.Arroyo(57)
139,144,140,140,Sep 5,@,CIN,"L,2-6",33,28,2,5,0,1,1,1,5,0,10,0,0,0,0,3,0,1,0.267,0.328,0.399,0.727,4,17,L,T.Cingrani(56)
140,145,141,141,Sep 6,,PIT,"W,12-8",41,39,12,16,7,1,1,11,1,0,10,1,0,0,0,0,1,1,0.268,0.329,0.402,0.731,5,19,R,A.Burnett(30)
141,146,142,142,Sep 7,,PIT,"W,5-0",37,29,5,6,3,0,1,5,6,0,5,1,0,1,1,1,0,0,0.268,0.329,0.402,0.731,8,15,L,J.Locke(51)
142,147,143,143,Sep 8,,PIT,"W,9-2",41,35,9,12,4,0,0,8,4,0,7,0,1,1,1,0,0,0,0.268,0.33,0.402,0.732,8,18,R,C.Morton(21)
143,148,144,144,Sep 10,,MIL,"W,4-2",36,31,4,6,0,0,1,4,5,0,10,0,0,0,1,0,0,0,0.268,0.33,0.401,0.731,8,17,R,W.Peralta(61)
144,149,145,145,Sep 11,,MIL,"W,5-1",33,28,5,6,0,0,1,4,4,0,7,0,0,1,0,1,1,0,0.268,0.33,0.401,0.731,4,15,R,M.Estrada(69)
145,150,146,146,Sep 12,,MIL,"L,3-5",34,30,3,6,1,0,1,3,2,0,8,1,0,1,0,0,0,1,0.267,0.329,0.4,0.73,4,15,R,T.Thornburg(62)
146,151,147,147,Sep 13,,SEA,"W,2-1",38,33,2,4,2,0,0,1,5,0,5,0,0,0,1,0,1,1,0.266,0.329,0.399,0.728,7,15,R,H.Iwakuma(70)
147,152,148,148,Sep 14,,SEA,"L,1-4",34,30,1,3,1,0,0,0,4,0,6,0,0,0,0,0,0,0,0.265,0.328,0.397,0.725,6,17,L,J.Paxton(71)
148,153,149,149,Sep 15,,SEA,"W,12-2",45,42,12,19,3,0,2,12,0,0,3,3,0,0,0,1,0,0,0.267,0.329,0.4,0.729,9,19,R,E.Ramirez(27)
149,154,150,150,Sep 16,@,COL,"L,2-6",33,31,2,7,2,0,0,2,0,0,7,1,1,0,0,2,0,0,0.267,0.329,0.399,0.728,4,15,R,C.McHugh(57)
150,155,151,151,Sep 17,@,COL,"W,11-4",50,43,11,18,4,1,1,10,5,0,7,1,1,0,0,1,1,0,0.268,0.33,0.401,0.731,12,16,R,J.Nicasio(9)
151,156,152,152,Sep 18,@,COL,"W,4-3",38,36,4,10,4,0,0,4,2,1,5,0,0,0,0,0,0,0,0.268,0.33,0.401,0.731,7,14,R,T.Chatwood(40)
152,157,153,153,Sep 19,@,COL,"L,6-7",60,52,6,12,2,0,0,6,7,1,11,0,0,1,0,2,1,0,0.268,0.33,0.4,0.729,9,23,R,R.Oswalt(36)
153,158,154,154,Sep 20,@,MIL,"W,7-6",49,39,7,16,3,0,1,7,7,0,6,1,1,1,0,3,0,0,0.269,0.331,0.401,0.732,12,19,R,J.Hellweg(41)
154,159,155,155,Sep 21,@,MIL,"W,7-2",39,34,7,9,2,0,1,7,4,0,9,0,1,0,0,1,1,0,0.269,0.331,0.401,0.732,5,14,R,Y.Gallardo(66)
155,160,156,156,Sep 22,@,MIL,"L,4-6",40,32,4,8,0,0,1,4,5,0,9,1,0,2,0,1,0,0,0.268,0.331,0.4,0.732,9,11,R,W.Peralta(43)
156,161,157,157,Sep 23,,WSN,"W,4-3",35,33,4,11,0,0,1,4,1,0,5,0,1,0,0,1,0,0,0.269,0.332,0.401,0.732,7,14,R,T.Roark(37)
157,162,158,158,Sep 24,,WSN,"W,2-0",29,29,2,6,3,0,0,2,0,0,7,0,0,0,0,0,0,1,0.269,0.331,0.4,0.731,3,10,L,G.Gonzalez(63)
158,163,159,159,Sep 25,,WSN,"W,4-1",31,29,4,6,2,0,1,4,0,0,2,1,1,0,1,1,0,0,0.268,0.331,0.4,0.731,3,15,R,J.Zimmermann(51)
159,164,160,160,Sep 27,,CHC,"W,7-0",40,31,7,10,2,0,2,6,8,1,6,1,0,0,0,2,0,0,0.269,0.331,0.401,0.733,9,15,L,T.Wood(32)
160,165,161,161,Sep 28,,CHC,"W,6-2",37,33,6,10,2,0,1,6,4,1,8,0,0,0,0,0,0,1,0.269,0.332,0.401,0.733,7,20,R,E.Jackson(16)
161,166,162,162,Sep 29,,CHC,"W,4-0",33,31,4,9,4,0,0,4,2,0,8,0,0,0,0,1,0,1,0.269,0.332,0.401,0.733,5,17,R,J.Samardzija(48)
