,Rk,Gtm,Date,Unnamed: 3,Opp,Rslt,PA,AB,R,H,2B,3B,HR,RBI,BB,IBB,SO,HBP,SH,SF,ROE,GDP,SB,CS,BA,OBP,SLG,OPS,LOB,#,Thr,Opp. Starter (GmeSc)
0,1,1,Apr 7,@,LAA,"W,3-1",38,35,3,8,4,0,2,3,3,1,10,0,0,0,0,0,1,0,0.229,0.289,0.514,0.804,8,9,R,S.Ohtani(60)
1,2,2,Apr 8,@,LAA,"W,13-6",43,40,13,14,3,0,6,13,3,0,8,0,0,0,0,1,1,0,0.293,0.346,0.707,1.052,3,12,L,R.Detmers(49)
2,3,3,Apr 9,@,LAA,"L,0-2",32,29,0,2,0,0,0,0,2,0,5,1,0,0,1,1,1,0,0.231,0.292,0.529,0.821,5,10,R,N.Syndergaard(63)
3,4,4,Apr 10,@,LAA,"W,4-1",39,34,4,7,1,0,0,3,5,1,6,0,0,0,0,0,0,0,0.225,0.296,0.457,0.753,8,9,L,J.Suarez(49)
4,5,5,Apr 12,@,ARI,"W,2-1",39,34,2,8,2,0,1,2,5,0,2,0,0,0,1,1,0,1,0.227,0.304,0.442,0.746,10,9,L,M.Bumgarner(53)
5,6,6,Apr 13,@,ARI,"L,2-3",40,34,2,6,0,0,0,2,4,1,8,0,0,2,0,1,1,0,0.218,0.294,0.398,0.692,9,11,R,M.Kelly(66)
6,7,7,Apr 15,@,SEA,"L,1-11",32,31,1,5,1,0,0,1,0,0,8,1,0,0,0,1,0,0,0.211,0.281,0.371,0.653,4,10,L,M.Gonzales(71)
7,8,8,Apr 16,@,SEA,"W,4-0",38,34,4,8,2,1,1,4,3,0,7,0,0,1,0,0,0,0,0.214,0.282,0.38,0.662,7,9,R,C.Flexen(52)
8,9,9,Apr 17,@,SEA,"L,2-7",35,27,2,4,1,0,1,2,7,0,10,1,0,0,0,3,0,1,0.208,0.289,0.372,0.661,6,9,R,M.Brash(55)
9,10,10,Apr 18,,LAA,"W,8-3",40,32,8,9,1,0,2,8,6,0,6,1,1,0,0,0,0,0,0.215,0.301,0.385,0.686,8,10,R,M.Lorenzen(36)
10,11,11,Apr 19,,LAA,"L,2-7",37,33,2,6,2,0,1,2,3,0,6,0,0,0,1,0,0,1,0.212,0.297,0.38,0.677,8,10,L,P.Sandoval(55)
11,12,12,Apr 20,,LAA,"L,0-6",29,28,0,1,0,0,0,0,1,0,15,0,0,0,0,0,0,0,0.199,0.282,0.355,0.637,2,9,R,S.Ohtani(81)
12,13,13,Apr 22,,TOR,"L,3-4",36,34,3,7,1,0,0,3,2,0,10,0,0,0,0,0,0,0,0.2,0.279,0.346,0.625,6,12,R,R.Stripling(41)
13,14,14,Apr 23,,TOR,"L,2-3",35,34,2,8,0,0,1,2,1,0,10,0,0,0,0,0,0,0,0.203,0.278,0.344,0.622,6,10,R,A.Manoah(55)
14,15,15,Apr 24,,TOR,"W,8-7",44,38,8,11,5,0,2,7,5,0,10,0,1,0,1,1,0,0,0.209,0.285,0.362,0.647,9,10,L,Y.Kikuchi(42)
15,16,16,Apr 25,@,TEX,"L,2-6",38,35,2,8,1,0,1,2,3,0,9,0,0,0,0,0,2,0,0.211,0.285,0.361,0.646,9,9,R,D.Dunning(55)
16,17,17,Apr 26,@,TEX,"W,5-1",36,32,5,6,1,0,1,5,4,0,8,0,0,0,0,0,0,2,0.209,0.285,0.358,0.643,4,9,L,T.Hearn(44)
17,18,18,Apr 27,@,TEX,"W,4-3",38,34,4,7,1,0,1,4,4,0,10,0,0,0,1,1,0,0,0.209,0.285,0.356,0.641,7,10,R,G.Otto(50)
18,19,19,Apr 28,@,TEX,"W,3-2",32,30,3,3,1,0,1,3,1,0,6,1,0,0,0,0,0,0,0.204,0.279,0.35,0.63,2,10,L,M.Pérez(73)
19,20,20,Apr 29,@,TOR,"W,11-7",48,38,11,14,5,0,3,11,8,0,11,0,0,2,0,1,0,0,0.213,0.291,0.372,0.663,10,9,L,Y.Kikuchi(35)
20,21,21,Apr 30,@,TOR,"L,1-2",39,36,1,8,1,0,1,1,3,0,8,0,0,0,1,0,0,0,0.214,0.29,0.37,0.661,11,11,R,J.Berríos(54)
21,22,22,May 1,@,TOR,"L,2-3",35,35,2,8,2,1,0,2,0,0,12,0,0,0,1,0,2,0,0.214,0.288,0.369,0.657,6,10,R,K.Gausman(67)
22,23,23,May 2,,SEA,"W,3-0",34,32,3,8,3,0,2,3,2,0,4,0,0,0,0,0,0,0,0.216,0.288,0.376,0.664,7,9,L,M.Gonzales(44)
23,24,24,May 3,,SEA,"W,4-0",34,28,4,5,0,0,2,4,6,0,4,0,0,0,0,0,1,0,0.215,0.289,0.376,0.666,6,9,R,C.Flexen(58)
24,25,25,May 4,,SEA,"W,7-2",37,31,7,10,3,0,0,7,5,0,9,0,0,1,0,1,0,0,0.219,0.294,0.378,0.672,6,10,R,M.Brash(30)
25,26,26,May 5,,DET,"W,3-2",33,31,3,8,1,0,2,3,2,0,11,0,0,0,0,0,0,1,0.22,0.294,0.382,0.676,6,10,L,T.Skubal(61)
26,27,27,May 6,,DET,"W,3-2",36,31,3,7,1,0,2,3,5,0,3,0,0,0,0,0,1,0,0.22,0.296,0.384,0.68,9,9,R,B.Brieske(45)
27,28,28,May 7,,DET,"W,3-2",34,28,3,4,0,1,1,3,6,1,9,0,0,0,0,0,0,0,0.218,0.296,0.382,0.678,7,11,L,E.Rodriguez(73)
28,29,29,May 8,,DET,"W,5-0",34,28,5,5,0,0,2,5,6,0,12,0,0,0,0,1,0,0,0.217,0.297,0.383,0.679,5,10,R,W.Peralta(54)
29,30,30,May 10,@,MIN,"W,5-0",45,33,5,7,1,0,0,5,9,0,7,1,0,2,0,0,2,0,0.217,0.3,0.378,0.678,13,10,R,J.Ryan(36)
30,31,31,May 11,@,MIN,"W,11-3",45,41,11,15,4,0,2,11,3,0,6,0,0,1,0,0,0,0,0.223,0.304,0.387,0.691,7,9,R,C.Archer(30)
31,32,32,May 12,@,MIN,"W,5-0",41,35,5,9,3,0,2,4,6,0,9,0,0,0,0,1,2,0,0.224,0.306,0.391,0.697,9,10,R,J.Winder(33)
32,33,33,May 13,@,WSN,"W,6-1",36,33,6,7,2,0,3,6,2,0,6,1,0,0,0,1,0,0,0.223,0.305,0.396,0.701,3,10,R,J.Gray(39)
33,34,34,May 14,@,WSN,"L,6-13",43,38,6,12,3,1,1,6,4,0,12,1,0,0,1,2,1,0,0.226,0.308,0.401,0.709,10,11,R,E.Fedde(43)
34,35,35,May 15,@,WSN,"W,8-0",40,37,8,11,0,0,4,7,3,0,7,0,0,0,0,1,1,0,0.229,0.309,0.408,0.717,5,10,L,P.Corbin(43)
35,36,36,May 16,@,BOS,"L,3-6",38,31,3,7,3,0,1,3,3,0,7,2,1,1,0,1,0,0,0.229,0.31,0.408,0.718,8,9,R,G.Whitlock(54)
36,37,37,May 17,@,BOS,"W,13-4",45,43,13,15,2,0,6,13,1,0,8,1,0,0,1,1,0,0,0.233,0.312,0.422,0.734,5,11,R,N.Eovaldi(9)
37,38,38,May 18,@,BOS,"L,1-5",29,29,1,2,1,0,1,1,0,0,8,0,0,0,0,0,0,0,0.229,0.307,0.417,0.724,1,10,R,N.Pivetta(87)
38,39,39,May 19,,TEX,"W,5-1",38,31,5,10,3,0,0,5,6,0,6,1,0,0,0,0,3,0,0.231,0.311,0.417,0.728,9,9,R,G.Otto(49)
39,40,40,May 20,,TEX,"L,0-3",32,30,0,8,0,0,0,0,1,0,5,0,1,0,0,3,0,0,0.232,0.31,0.414,0.724,5,11,L,M.Pérez(75)
40,41,41,May 21,,TEX,"W,2-1",31,29,2,6,1,1,0,1,2,0,5,0,0,0,0,1,2,0,0.232,0.309,0.412,0.721,5,9,R,J.Gray(54)
41,42,42,May 22,,TEX,"W,5-2",36,31,5,8,4,0,1,5,5,0,5,0,0,0,0,0,0,0,0.232,0.31,0.413,0.724,7,9,L,T.Hearn(36)
42,43,43,May 23,,CLE,"L,1-6",32,30,1,4,1,0,1,1,2,0,4,0,0,0,0,1,0,0,0.23,0.308,0.41,0.718,4,9,R,T.McKenzie(69)
43,44,44,May 24,,CLE,"W,7-3",35,33,7,9,2,0,1,7,1,0,9,1,0,0,0,0,0,0,0.231,0.308,0.41,0.718,4,9,R,Z.Plesac(22)
44,45,45,May 25,,CLE,"W,2-1",33,27,2,7,1,0,0,2,4,0,7,0,0,2,0,1,1,0,0.232,0.309,0.408,0.717,7,9,R,C.Quantrill(51)
45,46,46,May 27,@,SEA,"L,1-6",37,35,1,9,1,0,0,1,2,0,8,0,0,0,0,1,1,0,0.232,0.308,0.405,0.714,9,10,R,C.Flexen(63)
46,47,47,May 28,@,SEA,"L,0-6",34,32,0,5,1,0,0,0,1,0,6,1,0,0,0,0,0,0,0.231,0.306,0.401,0.707,7,11,R,L.Gilbert(74)
47,48,48,May 29,@,SEA,"W,2-1",35,32,2,6,1,0,1,2,3,1,3,0,0,0,0,1,1,0,0.23,0.305,0.399,0.704,6,11,L,M.Gonzales(61)
48,49,49,May 30,@,OAK,"W,5-1",38,34,5,6,0,1,3,5,2,0,7,2,0,0,1,0,1,0,0.229,0.304,0.401,0.706,6,10,R,P.Blackburn(53)
49,50,50,May 31,@,OAK,"W,3-1",36,32,3,7,0,0,1,3,4,0,9,0,0,0,0,2,0,0,0.228,0.305,0.4,0.704,6,9,R,F.Montas(60)
50,51,51,Jun 1,@,OAK,"W,5-4",42,36,5,11,2,0,0,5,5,0,3,1,0,0,0,1,0,1,0.23,0.307,0.399,0.705,10,11,L,C.Irvin(53)
51,52,52,Jun 3,@,KCR,"W,10-3",42,38,10,14,2,0,3,10,3,0,7,1,0,0,0,2,0,0,0.233,0.309,0.404,0.714,5,10,R,B.Singer(27)
52,53,53,Jun 4,@,KCR,"L,0-6",37,32,0,5,1,0,0,0,5,0,5,0,0,0,1,1,1,0,0.232,0.309,0.4,0.709,10,10,L,K.Bubic(57)
53,54,54,Jun 5,@,KCR,"W,7-4",45,37,7,12,2,1,2,6,5,0,9,2,0,1,0,1,0,0,0.234,0.311,0.404,0.716,11,10,R,J.Heasley(49)
54,55,55,Jun 6,,SEA,"L,4-7",40,35,4,10,1,0,3,4,5,0,7,0,0,0,1,1,2,0,0.235,0.312,0.408,0.72,9,10,L,R.Ray(37)
55,56,56,Jun 7,,SEA,"W,4-1",35,30,4,7,0,0,1,4,5,0,3,0,0,0,0,0,1,0,0.235,0.313,0.406,0.719,7,9,R,C.Flexen(55)
56,57,57,Jun 8,,SEA,"L,3-6",36,33,3,8,3,0,0,3,3,0,7,0,0,0,0,0,0,0,0.235,0.313,0.405,0.718,6,11,R,L.Gilbert(46)
57,58,58,Jun 10,,MIA,"L,4-7",42,37,4,11,2,0,2,4,5,0,10,0,0,0,0,0,1,0,0.236,0.314,0.407,0.721,11,9,R,P.López(46)
58,59,59,Jun 11,,MIA,"L,1-5",37,35,1,8,5,0,0,1,2,0,9,0,0,0,1,0,1,0,0.236,0.313,0.407,0.72,9,9,L,B.Garrett(59)
59,60,60,Jun 12,,MIA,"W,9-4",41,35,9,14,4,0,2,9,4,0,6,1,0,1,0,0,1,1,0.239,0.316,0.412,0.728,8,10,R,E.Cabrera(26)
60,61,61,Jun 13,@,TEX,"L,3-5",36,33,3,7,2,0,0,3,3,0,5,0,0,0,0,0,1,0,0.238,0.316,0.409,0.725,6,10,L,T.Hearn(42)
61,62,62,Jun 14,@,TEX,"W,4-3",37,32,4,5,2,0,1,3,4,0,8,1,0,0,0,1,0,0,0.237,0.315,0.408,0.723,6,10,R,D.Dunning(68)
62,63,63,Jun 15,@,TEX,"W,9-2",39,35,9,9,2,0,2,9,3,0,5,1,0,0,0,1,0,0,0.237,0.315,0.409,0.724,3,12,R,T.Miller(18)
63,64,64,Jun 17,,CHW,"W,13-3",40,35,13,12,1,0,5,12,4,0,7,1,0,0,0,1,0,0,0.239,0.317,0.416,0.733,3,12,R,L.Giolito(21)
64,65,65,Jun 18,,CHW,"L,0-7",30,28,0,3,0,0,0,0,2,0,8,0,0,0,0,1,0,0,0.237,0.315,0.412,0.727,3,11,R,J.Cueto(76)
65,66,66,Jun 19,,CHW,"W,4-3",34,31,4,8,1,0,2,4,3,0,5,0,0,0,0,0,0,1,0.238,0.315,0.413,0.728,6,9,R,M.Kopech(40)
66,67,67,Jun 21,,NYM,"W,8-2",38,31,8,10,2,0,3,8,7,0,5,0,0,0,0,2,1,1,0.239,0.317,0.416,0.734,6,9,R,T.Williams(41)
67,68,68,Jun 22,,NYM,"W,5-3",35,31,5,7,1,0,3,5,2,0,7,2,0,0,0,0,0,0,0.239,0.317,0.418,0.735,6,9,R,C.Carrasco(29)
68,69,69,Jun 23,@,NYY,"L,6-7",40,37,6,11,4,0,2,6,2,0,5,1,0,0,0,1,0,0,0.24,0.318,0.42,0.738,7,9,R,J.Taillon(28)
69,70,70,Jun 24,@,NYY,"W,3-1",35,31,3,5,2,0,1,3,3,0,10,1,0,0,0,1,0,0,0.239,0.317,0.419,0.736,5,9,R,L.Severino(55)
70,71,71,Jun 25,@,NYY,"W,3-0",38,33,3,8,1,0,2,3,5,0,10,0,0,0,0,1,1,0,0.239,0.317,0.42,0.737,8,10,R,G.Cole(71)
71,72,72,Jun 26,@,NYY,"L,3-6",41,36,3,6,1,0,1,3,5,1,14,0,0,0,1,0,3,1,0.238,0.317,0.418,0.734,9,13,L,N.Cortes(50)
72,73,73,Jun 28,@,NYM,"W,9-1",42,37,9,12,0,0,3,9,5,0,10,0,0,0,0,2,1,0,0.239,0.318,0.42,0.738,6,12,R,C.Carrasco(28)
73,74,74,Jun 29,@,NYM,"W,2-0",36,33,2,7,1,0,1,2,2,0,6,1,0,0,0,1,0,0,0.238,0.317,0.419,0.736,7,11,R,T.Walker(71)
74,75,75,Jun 30,,NYY,"W,2-1",29,26,2,3,2,0,0,2,3,0,7,0,0,0,0,0,0,1,0.237,0.316,0.416,0.733,3,9,R,L.Severino(60)
75,76,76,Jul 1,,LAA,"W,8-1",38,33,8,11,2,0,3,8,4,0,6,0,0,1,1,2,0,0,0.238,0.317,0.42,0.737,6,10,R,M.Lorenzen(14)
76,77,77,Jul 2,,LAA,"W,9-1",40,37,9,12,2,0,5,9,2,0,14,1,0,0,0,0,1,0,0.24,0.318,0.425,0.743,7,12,L,P.Sandoval(38)
77,78,78,Jul 3,,LAA,"W,4-2",38,35,4,10,2,0,2,4,3,0,6,0,0,0,0,0,0,0,0.24,0.318,0.426,0.744,8,9,L,J.Suarez(52)
78,79,79,Jul 4,,KCR,"W,7-6",39,32,7,7,0,1,1,7,6,0,5,0,0,1,0,0,0,0,0.24,0.319,0.425,0.744,6,11,R,J.Heasley(61)
79,80,80,Jul 5,,KCR,"W,9-7",40,35,9,13,2,0,4,9,4,0,5,0,0,1,1,0,0,1,0.242,0.32,0.43,0.75,7,9,R,Z.Greinke(23)
80,81,81,Jul 6,,KCR,"L,4-7",38,33,4,7,2,0,1,4,5,0,6,0,0,0,0,1,0,0,0.241,0.32,0.429,0.749,7,10,R,B.Keller(43)
81,82,82,Jul 7,,KCR,"W,5-2",40,29,5,8,2,0,2,5,10,1,8,0,0,1,0,2,0,0,0.242,0.322,0.431,0.752,11,10,L,K.Bubic(47)
82,83,83,Jul 8,@,OAK,"W,8-3",44,41,8,14,5,0,2,8,3,0,13,0,0,0,1,1,0,0,0.243,0.323,0.433,0.756,9,9,R,P.Blackburn(29)
83,84,84,Jul 9,@,OAK,"L,2-3",35,31,2,5,1,0,0,2,2,0,5,1,1,0,0,1,0,0,0.242,0.322,0.431,0.752,6,10,L,Z.Logue(54)
84,85,85,Jul 10,@,OAK,"W,6-1",38,34,6,9,4,0,1,6,3,0,4,0,0,1,0,1,1,0,0.243,0.322,0.431,0.753,5,10,L,C.Irvin(56)
85,86,86,Jul 12,@,LAA,"W,6-5",43,36,6,8,2,0,1,5,7,1,9,0,0,0,1,0,2,0,0.242,0.322,0.43,0.752,10,10,R,N.Syndergaard(43)
86,87,87,Jul 13,@,LAA,"L,1-7",34,31,1,4,1,0,0,1,3,0,15,0,0,0,1,0,2,1,0.241,0.321,0.427,0.748,6,10,R,S.Ohtani(70)
87,88,88,Jul 14,@,LAA,"W,3-2",40,34,3,7,0,0,0,3,4,0,10,2,0,0,0,2,0,1,0.241,0.321,0.425,0.745,8,12,L,R.Detmers(57)
88,89,89,Jul 15,,OAK,"L,1-5",33,29,1,4,1,0,0,1,3,0,8,0,0,1,0,1,0,0,0.24,0.32,0.422,0.742,5,9,L,C.Irvin(65)
89,90,90,Jul 16,,OAK,"W,5-0",32,30,5,6,0,0,1,5,2,0,4,0,0,0,0,0,0,0,0.239,0.319,0.421,0.74,3,9,L,J.Koenig(46)
90,91,91,Jul 17,,OAK,"L,3-4",37,36,3,8,1,0,2,3,1,0,8,0,0,0,1,0,0,0,0.239,0.318,0.421,0.739,7,10,R,A.Oller(41)
91,92,92,Jul 21 (1),,NYY,"W,3-2",36,34,3,10,2,0,0,3,2,1,10,0,0,0,0,2,0,0,0.24,0.318,0.42,0.739,7,11,L,J.Montgomery(58)
92,93,93,Jul 21 (2),,NYY,"W,7-5",36,32,7,7,2,0,3,7,1,0,5,2,0,0,1,0,1,0,0.24,0.318,0.422,0.74,5,9,R,D.Germán(28)
93,94,94,Jul 22,@,SEA,"W,5-2",37,35,5,10,2,0,3,5,1,0,4,0,0,1,0,1,1,0,0.24,0.318,0.424,0.741,5,9,L,M.Gonzales(32)
94,95,95,Jul 23,@,SEA,"W,3-1",36,32,3,7,3,0,0,2,2,0,10,1,1,0,0,0,0,0,0.24,0.318,0.422,0.74,6,10,R,L.Gilbert(61)
95,96,96,Jul 24,@,SEA,"W,8-5",40,37,8,12,3,0,2,8,3,0,7,0,0,0,0,2,0,0,0.241,0.318,0.424,0.742,5,9,L,R.Ray(16)
96,97,97,Jul 25,@,OAK,"L,5-7",38,34,5,7,3,0,2,3,3,0,7,1,0,0,0,1,2,0,0.24,0.318,0.425,0.743,6,10,R,A.Oller(47)
97,98,98,Jul 26,@,OAK,"L,3-5",36,33,3,7,2,0,1,2,3,2,8,0,0,0,0,1,0,0,0.24,0.317,0.424,0.741,6,11,R,F.Montas(44)
98,99,99,Jul 27,@,OAK,"L,2-4",34,32,2,5,2,1,1,2,2,1,5,0,0,0,0,0,0,0,0.239,0.316,0.424,0.74,5,9,L,C.Irvin(64)
99,100,100,Jul 28,,SEA,"W,4-2",33,30,4,6,3,0,1,3,2,0,8,1,0,0,0,0,1,0,0.239,0.316,0.423,0.739,5,9,R,L.Gilbert(58)
100,101,101,Jul 29,,SEA,"W,11-1",47,38,11,15,2,0,4,11,7,0,5,1,0,1,0,0,0,0,0.241,0.318,0.427,0.745,12,13,L,R.Ray(31)
101,102,102,Jul 30,,SEA,"L,4-5",39,35,4,9,3,0,1,4,4,0,3,0,0,0,0,0,0,0,0.241,0.318,0.427,0.746,8,10,R,C.Flexen(51)
102,103,103,Jul 31,,SEA,"W,3-2",39,35,3,7,1,0,0,2,3,1,11,1,0,0,0,0,2,0,0.241,0.318,0.425,0.743,9,13,R,G.Kirby(52)
103,104,104,Aug 1,,BOS,"L,2-3",36,32,2,6,2,0,0,2,3,0,9,0,0,1,0,1,0,0,0.24,0.317,0.424,0.741,7,11,R,N.Eovaldi(63)
104,105,105,Aug 2,,BOS,"L,1-2",37,35,1,9,2,0,0,1,2,0,8,0,0,0,0,0,1,1,0.24,0.317,0.422,0.74,9,11,R,K.Crawford(59)
105,106,106,Aug 3,,BOS,"W,6-1",36,34,6,12,4,0,1,6,0,0,6,1,0,1,0,0,0,0,0.241,0.318,0.424,0.741,6,9,L,R.Hill(32)
106,107,107,Aug 4,@,CLE,"W,6-0",44,38,6,11,2,0,2,6,6,0,6,0,0,0,0,1,0,0,0.242,0.318,0.425,0.743,11,11,R,Z.Plesac(32)
107,108,108,Aug 5,@,CLE,"W,9-3",41,38,9,14,2,0,2,9,2,0,4,0,0,1,0,2,0,0,0.243,0.319,0.426,0.745,5,10,R,H.Gaddis(14)
108,109,109,Aug 6,@,CLE,"L,1-4",33,32,1,6,4,0,0,1,1,0,8,0,0,0,0,1,0,0,0.243,0.318,0.425,0.743,5,9,R,C.Quantrill(69)
109,110,110,Aug 7,@,CLE,"L,0-1",29,28,0,2,0,0,0,0,1,0,10,0,0,0,0,1,0,0,0.241,0.317,0.423,0.739,2,12,R,T.McKenzie(85)
110,111,111,Aug 9,,TEX,"W,7-5",33,29,7,7,2,0,1,7,3,0,4,0,0,1,0,1,1,0,0.241,0.317,0.422,0.739,2,10,L,M.Pérez(26)
111,112,112,Aug 10,,TEX,"L,4-8",44,38,4,8,0,0,2,4,5,0,10,1,0,0,0,0,0,0,0.241,0.317,0.422,0.738,11,12,R,G.Otto(52)
112,113,113,Aug 11,,TEX,"W,7-3",37,33,7,10,1,0,2,7,3,0,5,0,0,1,0,0,0,0,0.242,0.317,0.423,0.74,6,9,L,C.Ragans(29)
113,114,114,Aug 12,,OAK,"W,7-5",37,32,7,11,2,0,1,7,4,0,4,0,0,1,0,2,1,0,0.242,0.318,0.423,0.741,6,10,R,A.Oller(45)
114,115,115,Aug 13,,OAK,"W,8-0",36,33,8,12,2,2,1,8,3,0,4,0,0,0,0,2,1,0,0.243,0.318,0.425,0.744,4,10,L,Z.Logue(28)
115,116,116,Aug 14,,OAK,"W,6-3",35,34,6,10,2,0,1,6,1,0,2,0,0,0,0,0,0,0,0.244,0.318,0.425,0.744,5,9,L,C.Irvin(36)
116,117,117,Aug 15,@,CHW,"L,2-4",37,33,2,7,1,0,0,2,2,0,3,1,0,1,0,1,1,0,0.244,0.318,0.424,0.742,8,11,R,J.Cueto(66)
117,118,118,Aug 16,@,CHW,"L,3-4",39,35,3,9,4,0,1,3,4,0,9,0,0,0,0,0,0,0,0.244,0.318,0.424,0.742,9,11,R,D.Cease(44)
118,119,119,Aug 17,@,CHW,"W,3-2",35,30,3,5,2,0,0,3,3,0,6,0,0,2,0,0,2,0,0.243,0.317,0.423,0.74,5,9,R,M.Kopech(50)
119,120,120,Aug 18,@,CHW,"W,21-5",55,51,21,25,5,0,4,21,4,0,9,0,0,0,0,1,1,0,0.246,0.32,0.428,0.748,7,12,R,L.Giolito(19)
120,121,121,Aug 19,@,ATL,"L,2-6",34,33,2,7,2,0,1,2,1,0,12,0,0,0,0,1,0,0,0.246,0.319,0.427,0.747,5,11,R,K.Wright(58)
121,122,122,Aug 20,@,ATL,"L,4-5",44,40,4,7,1,0,1,4,3,0,16,1,0,0,0,0,0,0,0.245,0.319,0.426,0.744,9,9,R,S.Strider(69)
122,123,123,Aug 21,@,ATL,"W,5-4",41,36,5,10,0,0,0,5,4,0,14,0,0,1,0,0,4,0,0.246,0.319,0.424,0.743,9,9,R,C.Morton(63)
123,124,124,Aug 23,,MIN,"W,4-2",36,34,4,12,3,0,1,4,1,0,9,1,0,0,0,2,0,0,0.247,0.319,0.425,0.745,8,9,R,A.Sanchez(45)
124,125,125,Aug 24,,MIN,"W,5-3",31,25,5,6,3,0,2,5,3,0,1,1,0,2,0,2,0,0,0.246,0.319,0.426,0.746,2,11,R,D.Bundy(52)
125,126,126,Aug 25,,MIN,"W,6-3",35,32,6,11,3,0,1,5,3,0,7,0,0,0,0,1,0,1,0.247,0.32,0.427,0.747,5,9,R,C.Archer(27)
126,127,127,Aug 26,,BAL,"L,0-2",33,30,0,4,0,0,0,0,2,0,7,1,0,0,0,0,0,0,0.246,0.319,0.425,0.744,6,11,R,K.Bradish(82)
127,128,128,Aug 27,,BAL,"L,1-3",29,29,1,4,1,0,0,1,0,0,6,0,0,0,0,2,0,0,0.246,0.318,0.423,0.742,1,10,R,D.Kremer(70)
128,129,129,Aug 28,,BAL,"W,3-1",33,28,3,6,3,0,1,3,3,0,6,1,0,0,0,2,0,0,0.245,0.318,0.423,0.742,6,10,R,A.Voth(67)
129,130,130,Aug 30,@,TEX,"W,4-2",40,33,4,8,1,0,1,4,6,0,8,0,0,1,1,2,0,0,0.245,0.318,0.423,0.741,9,10,R,D.Dunning(45)
130,131,131,Aug 31,@,TEX,"W,5-3",45,37,5,11,1,0,0,5,7,0,11,0,0,0,0,1,0,0,0.246,0.319,0.422,0.741,13,10,L,M.Pérez(30)
131,132,132,Sep 2,@,LAA,"W,4-2",38,33,4,7,3,0,0,4,4,0,9,0,0,1,0,0,1,0,0.246,0.319,0.421,0.74,7,10,L,R.Detmers(37)
132,133,133,Sep 3,@,LAA,"L,1-2",44,42,1,7,2,0,0,1,1,1,9,0,0,0,0,2,2,0,0.245,0.318,0.419,0.737,10,11,R,S.Ohtani(71)
133,134,134,Sep 4,@,LAA,"W,9-1",41,36,9,11,2,0,2,9,3,0,6,2,0,0,0,2,0,0,0.245,0.318,0.42,0.739,5,12,L,T.Davidson(33)
134,135,135,Sep 5,,TEX,"W,1-0",31,30,1,8,1,0,0,1,1,0,6,0,0,0,0,1,0,0,0.246,0.318,0.419,0.738,6,10,L,M.Pérez(65)
135,136,136,Sep 6,,TEX,"L,3-4",39,35,3,8,0,0,1,3,3,0,9,0,0,0,0,0,5,0,0.245,0.318,0.419,0.737,9,11,R,G.Otto(46)
136,137,137,Sep 7,,TEX,"W,4-3",39,30,4,4,0,0,1,3,8,2,6,0,1,0,0,0,0,1,0.245,0.318,0.417,0.735,7,10,L,C.Ragans(59)
137,138,138,Sep 9,,LAA,"W,4-3",35,28,4,6,1,0,2,4,7,0,5,0,0,0,0,1,0,1,0.244,0.318,0.418,0.736,7,10,R,M.Lorenzen(57)
138,139,139,Sep 10,,LAA,"L,1-6",34,31,1,7,2,0,0,0,2,0,10,1,0,0,0,2,0,0,0.244,0.318,0.417,0.735,6,9,R,S.Ohtani(56)
139,140,140,Sep 11,,LAA,"W,12-4",44,35,12,12,1,0,5,11,8,1,9,1,0,0,0,0,1,0,0.245,0.32,0.42,0.739,8,9,L,T.Davidson(31)
140,141,141,Sep 12,@,DET,"W,7-0",42,39,7,13,2,0,0,6,2,0,5,1,0,0,0,1,2,0,0.246,0.32,0.419,0.739,8,10,L,E.Rodriguez(28)
141,142,142,Sep 13,@,DET,"W,6-3",41,39,6,12,2,0,3,6,1,0,4,1,0,0,1,1,0,0,0.246,0.32,0.421,0.741,8,10,R,D.Hutchison(36)
142,143,143,Sep 14,@,DET,"W,2-1",37,30,2,5,1,0,1,2,4,0,7,1,1,1,0,0,0,0,0.246,0.32,0.42,0.74,8,10,L,J.Wentz(50)
143,144,144,Sep 15,,OAK,"W,5-2",37,32,5,9,4,0,1,5,4,0,6,1,0,0,0,0,0,1,0.246,0.32,0.42,0.741,8,9,R,J.Kaprielian(54)
144,145,145,Sep 16,,OAK,"W,5-0",36,32,5,8,1,0,4,5,3,0,8,1,0,0,0,1,0,0,0.246,0.32,0.422,0.743,7,9,R,A.Martinez(46)
145,146,146,Sep 17,,OAK,"L,5-8",35,35,5,10,1,0,4,5,0,0,1,0,0,0,0,2,0,0,0.246,0.32,0.424,0.744,3,9,L,C.Irvin(48)
146,147,147,Sep 18,,OAK,"W,11-2",41,38,11,15,3,0,1,11,3,0,8,0,0,0,0,1,2,0,0.248,0.321,0.425,0.746,6,11,L,K.Waldichuk(29)
147,148,148,Sep 19,@,TBR,"W,4-0",34,33,4,6,1,0,1,4,1,0,5,0,0,0,0,0,0,0,0.247,0.32,0.424,0.744,3,10,R,D.Rasmussen(46)
148,149,149,Sep 20,@,TBR,"W,5-0",38,32,5,8,2,0,1,5,5,1,6,0,0,1,0,1,0,0,0.247,0.321,0.424,0.744,6,11,L,S.McClanahan(31)
149,150,150,Sep 21,@,TBR,"W,5-2",38,36,5,10,1,0,2,5,1,0,3,1,0,0,0,0,1,0,0.247,0.321,0.424,0.745,6,11,R,C.Kluber(62)
150,151,151,Sep 22,@,BAL,"L,0-2",29,29,0,2,0,0,0,0,0,0,11,0,0,0,0,0,0,0,0.246,0.319,0.422,0.741,2,9,R,K.Bradish(90)
151,152,152,Sep 23,@,BAL,"L,0-6",31,29,0,4,1,0,0,0,2,0,6,0,0,0,0,1,0,0,0.246,0.319,0.421,0.739,4,9,R,D.Kremer(83)
152,153,153,Sep 24,@,BAL,"W,11-10",43,36,11,12,3,0,1,11,6,0,7,0,0,1,0,1,2,1,0.246,0.319,0.421,0.741,5,11,R,M.Baumann(48)
153,154,154,Sep 25,@,BAL,"W,6-3",44,37,6,9,3,0,0,5,4,0,9,1,0,2,0,0,0,1,0.246,0.319,0.421,0.74,7,11,R,A.Voth(61)
154,155,155,Sep 27,,ARI,"W,10-2",44,37,10,14,1,0,5,10,5,0,5,1,0,1,0,0,1,0,0.247,0.32,0.423,0.744,10,11,R,Z.Davies(36)
155,156,156,Sep 28,,ARI,"L,2-5",38,35,2,7,1,0,1,2,3,0,9,0,0,0,0,2,1,0,0.247,0.32,0.423,0.743,7,12,R,Z.Gallen(62)
156,157,157,Sep 30,,TBR,"L,3-7",34,34,3,7,4,1,1,3,0,0,5,0,0,0,0,0,0,0,0.247,0.319,0.423,0.742,4,10,R,D.Rasmussen(62)
157,158,158,Oct 1,,TBR,"W,2-1",31,29,2,6,2,0,0,1,1,0,5,0,1,0,0,0,1,0,0.246,0.319,0.422,0.741,5,10,L,S.McClanahan(50)
158,159,159,Oct 2,,TBR,"W,3-1",35,34,3,10,1,0,1,3,1,0,5,0,0,0,1,1,0,0,0.247,0.319,0.422,0.741,8,10,R,C.Kluber(50)
159,160,160,Oct 3,,PHI,"L,0-3",29,29,0,2,0,0,0,0,0,0,12,0,0,0,0,0,0,0,0.246,0.318,0.42,0.738,2,13,R,A.Nola(79)
160,161,161,Oct 4,,PHI,"W,10-0",43,39,10,17,5,0,3,10,4,0,4,0,0,0,0,2,0,0,0.247,0.319,0.423,0.742,9,14,L,R.Suárez(21)
161,162,162,Oct 5,,PHI,"W,3-2",33,31,3,12,2,1,1,3,2,0,7,0,0,0,0,4,0,0,0.248,0.319,0.424,0.743,6,12,L,B.Falter(49)
