,Rk,Gtm,Date,Unnamed: 3,Opp,Rslt,PA,AB,R,H,2B,3B,HR,RBI,BB,IBB,SO,HBP,SH,SF,ROE,GDP,SB,CS,BA,OBP,SLG,OPS,LOB,#,Thr,Opp. Starter (GmeSc)
0,1,1,Mar 31,,PHI,"L,5-8",36,33,5,7,0,1,1,4,2,0,4,0,1,0,0,0,3,0,0.212,0.257,0.364,0.621,4,19,R,K.Millwood(57)
1,2,2,Apr 2,,PHI,"L,2-8",34,29,2,5,1,1,0,1,5,0,4,0,0,0,0,1,0,1,0.194,0.275,0.323,0.598,5,15,L,R.Wolf(62)
2,3,3,Apr 3,,PHI,"W,8-3",38,34,8,11,1,1,3,8,1,0,5,2,1,0,0,0,3,0,0.24,0.311,0.448,0.759,6,14,R,V.Padilla(52)
3,4,4,Apr 4,@,ATL,"L,7-12",43,39,7,13,0,0,4,7,4,0,5,0,0,0,0,0,2,0,0.267,0.336,0.504,0.839,9,15,R,J.Marquis(45)
4,5,5,Apr 5,@,ATL,"W,17-1",54,50,17,23,5,1,3,16,3,2,9,1,0,0,1,2,2,0,0.319,0.379,0.578,0.958,10,17,R,G.Maddux(8)
5,6,6,Apr 6,@,ATL,"L,4-13",38,34,4,8,2,0,0,3,2,0,1,0,1,1,2,0,1,1,0.306,0.363,0.534,0.897,7,14,L,H.Ramirez(44)
6,7,7,Apr 7,@,ATL,"L,0-3",34,29,0,5,3,0,0,0,5,0,5,0,0,0,0,1,0,2,0.29,0.354,0.504,0.858,7,12,R,R.Ortiz(71)
7,8,8,Apr 8,,NYM,"L,2-4",40,32,2,7,0,0,0,2,7,0,5,0,0,1,0,1,1,0,0.282,0.354,0.471,0.825,11,14,L,A.Leiter(53)
8,9,9,Apr 9,,NYM,"W,3-2",39,35,3,11,1,0,1,3,4,0,5,0,0,0,0,0,2,1,0.286,0.357,0.467,0.824,10,13,R,S.Trachsel(57)
9,10,10,Apr 10,,NYM,"W,4-3",37,33,4,10,1,1,0,4,4,1,3,0,0,0,0,1,2,1,0.287,0.359,0.46,0.819,7,16,L,T.Glavine(63)
10,11,11,Apr 11,,ATL,"W,7-4",35,31,7,8,1,1,2,7,2,2,5,2,0,0,0,1,1,0,0.285,0.358,0.467,0.825,4,14,L,H.Ramirez(24)
11,12,12,Apr 12,,ATL,"W,12-5",42,40,12,15,2,1,2,11,1,0,4,0,1,0,1,0,1,0,0.294,0.361,0.482,0.843,6,13,R,R.Ortiz(21)
12,13,13,Apr 13,,ATL,"L,1-7",31,31,1,4,0,0,1,1,0,0,8,0,0,0,0,0,1,0,0.282,0.346,0.464,0.811,3,12,R,G.Maddux(67)
13,14,14,Apr 14,@,PHI,"L,2-5",33,28,2,6,2,0,0,2,4,0,7,0,1,0,0,3,0,0,0.278,0.344,0.454,0.798,4,14,R,V.Padilla(58)
14,15,15,Apr 15,@,PHI,"L,3-4",44,38,3,10,3,0,0,3,6,0,7,0,0,0,1,0,1,0,0.277,0.346,0.446,0.791,14,14,R,J.Roa(61)
15,16,16,Apr 16,@,PHI,"W,3-1",37,33,3,8,2,0,0,3,3,1,4,0,1,0,0,0,3,0,0.275,0.343,0.437,0.78,7,13,R,B.Myers(52)
16,17,17,Apr 17,@,PHI,"W,7-3",42,35,7,8,3,2,0,7,6,0,13,0,1,0,0,0,5,0,0.272,0.343,0.437,0.78,8,13,R,K.Millwood(20)
17,18,18,Apr 18,@,NYM,"L,3-6",38,34,3,9,1,0,0,3,4,1,11,0,0,0,0,2,6,0,0.272,0.343,0.429,0.772,8,13,L,A.Leiter(53)
18,19,19,Apr 19,@,NYM,"W,6-5",40,35,6,10,3,0,0,5,5,0,5,0,0,0,1,0,4,2,0.273,0.345,0.426,0.771,7,13,R,S.Trachsel(38)
19,20,20,Apr 20,@,NYM,"L,4-7",38,35,4,10,1,0,2,4,2,1,1,0,1,0,1,1,1,1,0.273,0.344,0.429,0.773,7,14,L,T.Glavine(48)
20,21,21,Apr 22,,MIL,"W,4-2",33,30,4,6,1,1,1,4,2,0,6,1,0,0,1,1,2,0,0.27,0.341,0.428,0.768,5,12,L,W.Franklin(59)
21,22,22,Apr 23,,MIL,"W,5-4",49,48,5,17,3,1,0,5,1,0,9,0,0,0,0,1,1,0,0.275,0.342,0.43,0.772,11,17,L,G.Rusch(50)
22,23,23,Apr 24,,MIL,"W,4-2",33,31,4,9,2,1,1,4,2,0,6,0,0,0,0,1,0,1,0.276,0.342,0.433,0.775,5,9,R,T.Ritchie(35)
23,24,24,Apr 25,,STL,"L,2-9",36,34,2,9,0,0,1,2,1,0,3,0,0,1,0,1,0,0,0.276,0.34,0.43,0.769,7,17,R,B.Tomko(63)
24,25,25,Apr 26,,STL,"W,5-3",34,32,5,9,0,0,1,5,2,0,1,0,0,0,0,0,0,1,0.276,0.339,0.428,0.767,5,14,R,J.Simontacchi(55)
25,26,26,Apr 27,,STL,"L,6-7",87,66,6,13,3,0,3,6,16,4,15,2,3,0,0,1,1,1,0.27,0.341,0.424,0.766,21,22,R,G.Stephenson(69)
26,27,27,Apr 28,@,ARI,"L,1-7",35,33,1,6,4,0,0,1,2,0,7,0,0,0,0,0,2,0,0.267,0.338,0.42,0.758,7,12,R,E.Dessens(66)
27,28,28,Apr 29,@,ARI,"W,7-5",40,37,7,10,2,2,3,7,3,0,12,0,0,0,1,0,3,0,0.267,0.337,0.429,0.767,6,14,R,B.Kim(40)
28,29,29,Apr 30,@,ARI,"L,3-7",38,36,3,10,1,0,1,3,2,0,7,0,0,0,0,0,0,1,0.268,0.337,0.428,0.765,8,18,R,M.Batista(65)
29,30,30,May 1,@,ARI,"W,4-3",33,29,4,8,3,1,1,4,3,0,2,0,0,1,0,3,1,1,0.268,0.336,0.431,0.768,2,13,R,A.Good(52)
30,31,31,May 2,@,HOU,"L,3-4",37,33,3,7,3,0,2,3,3,0,4,0,1,0,1,0,3,1,0.266,0.335,0.433,0.768,7,13,R,S.Linebrink(45)
31,32,32,May 3,@,HOU,"L,2-5",37,34,2,9,1,0,2,2,3,0,2,0,0,0,0,2,0,0,0.266,0.334,0.434,0.769,8,16,R,T.Redding(48)
32,33,33,May 4,@,HOU,"L,2-5",36,33,2,10,2,0,1,2,2,0,8,0,1,0,0,1,0,1,0.267,0.335,0.435,0.769,7,14,R,R.Oswalt(54)
33,34,34,May 6,,SFG,"L,2-4",32,29,2,3,1,0,1,2,2,0,13,0,0,1,0,0,0,0,0.263,0.33,0.43,0.76,3,14,R,J.Schmidt(65)
34,35,35,May 7,,SFG,"L,2-3",39,34,2,9,2,0,0,2,5,0,6,0,0,0,0,1,1,1,0.263,0.331,0.427,0.758,10,18,L,D.Moss(59)
35,36,36,May 8,,SFG,"L,2-3",34,28,2,6,2,0,0,2,3,0,8,0,2,1,0,2,1,0,0.262,0.33,0.424,0.754,5,12,R,K.Ainsworth(65)
36,37,37,May 9,,COL,"W,5-4",33,31,5,7,2,0,2,4,2,1,3,0,0,0,1,0,2,1,0.261,0.329,0.425,0.754,4,14,L,D.Oliver(51)
37,38,38,May 10,,COL,"L,4-5",39,34,4,13,4,0,0,3,4,0,4,0,0,1,0,3,0,0,0.264,0.332,0.427,0.759,8,17,R,J.Jennings(53)
38,39,39,May 11,,COL,"W,7-2",40,30,7,8,0,0,2,6,7,0,3,2,0,1,0,1,4,0,0.264,0.334,0.428,0.762,9,12,R,A.Cook(43)
39,40,40,May 12,@,SDP,"W,6-1",41,37,6,10,2,0,1,6,4,1,5,0,0,0,0,0,1,0,0.265,0.334,0.428,0.762,8,16,R,C.Condrey(34)
40,41,41,May 13,@,SDP,"L,5-6",43,35,5,9,2,0,3,5,6,1,4,0,1,1,0,0,1,0,0.264,0.335,0.431,0.766,8,14,R,B.Lawrence(47)
41,42,42,May 14,@,SDP,"W,10-3",47,41,10,17,1,2,3,10,6,0,9,0,0,0,0,1,2,1,0.269,0.339,0.44,0.779,10,14,L,M.Bynum(21)
42,43,43,May 16,@,LAD,"L,1-2",36,34,1,8,2,0,0,1,1,0,9,0,1,0,0,0,2,0,0.268,0.338,0.437,0.774,8,11,R,D.Dreifort(69)
43,44,44,May 17,@,LAD,"L,1-4",31,29,1,3,1,0,1,1,2,0,10,0,0,0,0,0,2,1,0.265,0.334,0.433,0.767,3,13,L,O.Perez(78)
44,45,45,May 18,@,LAD,"L,1-2",36,31,1,7,2,0,0,1,4,0,8,0,1,0,0,1,0,1,0.264,0.334,0.43,0.764,8,14,R,H.Nomo(64)
45,46,46,May 20,@,MON,"L,4-6",35,34,4,8,3,0,2,3,1,0,4,0,0,0,0,0,0,1,0.263,0.332,0.432,0.764,4,15,R,J.Vazquez(55)
46,47,47,May 21,@,MON,"L,2-7",36,33,2,8,3,0,1,2,1,0,5,1,0,1,0,1,2,0,0.263,0.331,0.432,0.763,7,15,R,C.Vargas(56)
47,48,48,May 22,@,MON,"L,2-8",34,32,2,7,2,0,0,2,1,0,4,1,0,0,0,1,0,1,0.262,0.33,0.429,0.759,5,15,R,L.Hernández(68)
48,49,49,May 23,@,CIN,"W,8-4",45,38,8,12,3,0,2,7,7,0,7,0,0,0,1,2,0,0,0.263,0.332,0.432,0.764,10,12,R,J.Austin(20)
49,50,50,May 24,@,CIN,"W,5-4",40,36,5,11,2,0,1,5,3,2,7,0,1,0,0,0,0,1,0.264,0.333,0.432,0.765,8,17,R,P.Wilson(47)
50,51,51,May 25,@,CIN,"W,6-2",41,40,6,15,7,1,2,6,0,0,5,0,0,1,1,1,0,0,0.267,0.334,0.439,0.772,8,11,R,D.Graves(40)
51,52,52,May 26,,MON,"W,5-1",33,31,5,10,1,1,2,5,1,0,8,1,0,0,0,0,0,3,0.268,0.334,0.442,0.776,4,9,R,C.Vargas(31)
52,53,53,May 28 (1),,MON,"W,4-3",38,35,4,12,3,0,0,4,1,0,6,1,1,0,0,0,1,0,0.269,0.335,0.442,0.777,10,12,R,L.Hernández(39)
53,54,54,May 28 (2),,MON,"W,6-0",34,30,6,9,1,1,0,5,3,0,1,0,0,1,0,2,1,0,0.27,0.335,0.441,0.776,4,12,R,Z.Day(27)
54,55,55,May 29,,MON,"L,2-3",35,34,2,8,0,0,1,2,1,0,4,0,0,0,0,0,1,1,0.269,0.334,0.439,0.773,6,14,R,T.Ohka(51)
55,56,56,May 30,,CIN,"L,3-4",39,35,3,6,2,0,0,2,2,0,9,0,2,0,1,2,0,1,0.267,0.332,0.435,0.767,3,14,R,P.Wilson(63)
56,57,57,May 31,,CIN,"W,3-2",34,29,3,9,4,1,1,3,3,1,0,0,2,0,0,2,1,0,0.268,0.332,0.438,0.77,7,12,R,D.Graves(46)
57,58,58,Jun 1,,CIN,"L,6-9",40,37,6,10,1,0,0,6,3,0,5,0,0,0,1,1,1,0,0.268,0.332,0.435,0.768,7,16,R,J.Riedling(23)
58,59,59,Jun 3,,OAK,"W,13-2",46,43,13,18,4,1,2,12,3,1,5,0,0,0,2,1,0,0,0.271,0.335,0.441,0.776,9,15,L,M.Mulder(5)
59,60,60,Jun 4,,OAK,"L,5-6",41,34,5,8,0,0,0,4,5,0,6,2,0,0,1,1,2,0,0.27,0.335,0.437,0.773,9,17,R,T.Hudson(42)
60,61,61,Jun 5,,OAK,"W,2-0",32,29,2,7,3,0,0,2,3,0,9,0,0,0,0,0,0,0,0.27,0.335,0.436,0.771,6,12,L,T.Lilly(66)
61,62,62,Jun 6,,ANA,"W,4-1",28,26,4,3,0,0,2,4,2,0,5,0,0,0,1,0,0,2,0.268,0.333,0.435,0.768,0,11,R,K.Appier(58)
62,63,63,Jun 7,,ANA,"L,2-9",32,31,2,5,2,0,1,2,1,0,5,0,0,0,1,2,0,0,0.267,0.331,0.433,0.765,3,15,R,A.Sele(64)
63,64,64,Jun 8,,ANA,"L,5-8",35,33,5,6,1,0,1,5,2,0,7,0,0,0,0,0,0,0,0.265,0.33,0.431,0.761,3,12,R,R.Ortiz(41)
64,65,65,Jun 10,@,MIL,"W,12-4",43,39,12,13,3,0,2,10,2,0,8,1,1,0,1,1,1,0,0.267,0.331,0.434,0.764,4,14,R,B.Sheets(57)
65,66,66,Jun 11,@,MIL,"W,6-5",42,35,6,9,3,1,2,5,7,1,7,0,0,0,0,1,3,0,0.266,0.331,0.436,0.767,9,11,L,W.Franklin(33)
66,67,67,Jun 12,@,MIL,"L,5-6",39,37,5,12,0,0,1,5,1,1,4,0,1,0,1,2,1,0,0.267,0.332,0.435,0.767,7,12,R,M.Kinney(49)
67,68,68,Jun 13,@,TEX,"W,8-0",46,40,8,16,5,1,1,8,4,0,3,0,2,0,0,0,1,1,0.27,0.334,0.439,0.773,11,11,L,T.Mounce(24)
68,69,69,Jun 14,@,TEX,"L,2-13",37,35,2,9,3,0,0,2,1,0,3,0,0,1,0,0,1,0,0.269,0.333,0.438,0.771,8,14,R,I.Valdez(53)
69,70,70,Jun 15,@,TEX,"W,10-4",44,40,10,15,4,0,2,10,3,0,3,1,0,0,0,0,0,0,0.271,0.334,0.441,0.775,7,9,R,J.Thomson(11)
70,71,71,Jun 16,,NYM,"W,1-0",32,28,1,6,1,0,1,1,4,1,4,0,0,0,0,2,1,0,0.271,0.334,0.44,0.774,7,9,L,T.Glavine(66)
71,72,72,Jun 17,,NYM,"L,0-5",27,27,0,1,0,0,0,0,0,0,5,0,0,0,0,0,0,1,0.268,0.331,0.435,0.767,0,12,R,J.Seo(76)
72,73,73,Jun 18,,NYM,"L,5-10",41,34,5,8,0,0,1,5,6,0,4,1,0,0,0,1,1,0,0.268,0.332,0.434,0.766,9,14,L,A.Leiter(31)
73,74,74,Jun 19,,NYM,"W,5-1",34,30,5,9,1,1,2,5,4,0,4,0,0,0,0,2,1,1,0.268,0.332,0.436,0.768,5,11,L,M.Bacsik(31)
74,75,75,Jun 20,,TBD,"W,3-1",44,34,3,6,1,1,1,3,7,2,7,1,2,0,0,1,1,0,0.267,0.332,0.435,0.767,10,14,R,R.Bell(67)
75,76,76,Jun 21,,TBD,"W,2-0",20,18,2,5,2,0,0,2,2,0,2,0,0,0,0,0,0,2,0.267,0.333,0.434,0.767,3,9,R,J.Standridge(49)
76,77,77,Jun 22,,TBD,"W,3-2",27,25,3,2,0,1,1,3,1,0,7,0,0,1,0,0,0,0,0.265,0.33,0.433,0.763,0,13,R,G.Gonzalez(64)
77,78,78,Jun 24,@,NYM,"W,8-4",44,38,8,13,5,0,1,7,5,1,8,0,1,0,2,0,0,3,0.266,0.332,0.435,0.766,9,10,L,A.Leiter(22)
78,79,79,Jun 25,@,NYM,"L,3-6",38,35,3,10,4,0,2,3,3,0,8,0,0,0,0,2,1,0,0.266,0.332,0.436,0.768,8,13,R,S.Trachsel(52)
79,80,80,Jun 26,@,NYM,"W,6-1",41,36,6,9,3,1,0,5,4,0,3,0,0,1,3,1,2,0,0.266,0.332,0.436,0.768,8,13,R,A.Heilman(48)
80,81,81,Jun 27,@,BOS,"L,8-25",44,36,8,10,1,0,1,8,6,0,6,1,0,1,1,0,0,0,0.266,0.332,0.435,0.768,9,13,R,B.Kim(43)
81,82,82,Jun 28,@,BOS,"W,10-9",41,39,10,13,0,0,2,9,2,0,3,0,0,0,1,1,3,1,0.267,0.333,0.436,0.769,4,9,R,T.Wakefield(36)
82,83,83,Jun 29,@,BOS,"L,7-11",41,35,7,8,2,1,1,7,3,0,9,3,0,0,0,0,0,0,0.267,0.333,0.436,0.769,7,11,R,D.Lowe(48)
83,84,84,Jun 30,,ATL,"W,8-1",35,30,8,7,1,1,2,8,3,0,6,1,0,1,0,0,3,0,0.266,0.333,0.437,0.77,3,9,R,G.Maddux(23)
84,85,85,Jul 1,,ATL,"W,20-1",54,49,20,25,7,1,3,20,4,1,7,0,0,1,1,0,0,0,0.27,0.336,0.444,0.781,10,17,L,M.Hampton(5)
85,86,86,Jul 2,,ATL,"L,1-2",50,44,1,7,0,0,1,1,6,0,11,0,0,0,0,2,0,0,0.269,0.335,0.441,0.776,10,14,L,H.Ramirez(61)
86,87,87,Jul 4,@,PHI,"W,2-1",34,27,2,3,0,0,0,2,5,0,8,0,2,0,1,2,1,0,0.267,0.334,0.438,0.772,5,11,R,K.Millwood(76)
87,88,88,Jul 5,@,PHI,"W,5-4",39,35,5,8,2,0,2,5,2,0,1,1,1,0,1,0,0,0,0.267,0.334,0.438,0.772,7,13,R,V.Padilla(35)
88,89,89,Jul 6,@,PHI,"W,6-3",36,32,6,8,4,0,1,6,1,0,6,0,1,2,1,1,1,0,0.267,0.333,0.439,0.772,3,9,L,R.Wolf(38)
89,90,90,Jul 7,@,CHC,"L,3-6",34,31,3,5,1,0,2,3,2,0,7,0,1,0,0,0,0,0,0.266,0.332,0.438,0.77,4,12,R,M.Clement(55)
90,91,91,Jul 8,@,CHC,"W,4-3",44,38,4,13,2,0,2,4,5,1,7,0,1,0,0,0,2,0,0.267,0.333,0.44,0.772,13,11,R,C.Zambrano(59)
91,92,92,Jul 9,@,CHC,"L,1-5",33,29,1,3,0,0,0,1,3,0,12,0,1,0,0,0,0,1,0.265,0.332,0.436,0.768,5,10,R,K.Wood(86)
92,93,93,Jul 11,@,MON,"W,5-4",41,36,5,10,1,0,3,5,4,1,7,0,0,1,1,0,1,0,0.265,0.332,0.438,0.769,9,12,R,J.Vazquez(55)
93,94,94,Jul 12,@,MON,"L,1-7",32,29,1,3,1,0,0,1,3,0,6,0,0,0,0,1,0,0,0.264,0.33,0.435,0.765,4,17,R,L.Hernández(80)
94,95,95,Jul 13,@,MON,"W,11-4",46,40,11,14,6,0,2,11,4,0,6,0,1,1,1,0,4,0,0.265,0.331,0.438,0.769,8,17,R,C.Vargas(24)
95,96,96,Jul 18,,CHC,"W,6-0",36,33,6,9,1,0,2,6,0,0,5,3,0,0,0,0,1,0,0.265,0.331,0.438,0.769,6,12,R,M.Clement(52)
96,97,97,Jul 19,,CHC,"L,0-1",31,25,0,2,1,0,0,0,5,0,8,1,0,0,0,1,0,2,0.264,0.331,0.436,0.766,4,11,R,K.Wood(86)
97,98,98,Jul 20,,CHC,"L,2-16",41,37,2,10,2,0,0,2,3,0,5,1,0,0,0,0,0,0,0.264,0.331,0.435,0.765,12,17,R,C.Zambrano(59)
98,99,99,Jul 21,,MON,"W,4-1",34,31,4,10,1,1,0,4,2,0,4,0,0,1,0,1,0,0,0.264,0.331,0.434,0.765,6,12,L,E.Knott(44)
99,100,100,Jul 22,,MON,"W,9-1",43,34,9,13,3,0,1,9,5,0,5,1,1,2,1,0,1,0,0.265,0.332,0.436,0.768,10,10,R,T.Ohka(40)
100,101,101,Jul 23,@,ATL,"W,5-4",50,45,5,14,1,1,1,5,4,0,4,0,1,0,0,1,0,2,0.266,0.333,0.436,0.768,9,15,L,M.Hampton(40)
101,102,102,Jul 24,@,ATL,"L,2-5",38,35,2,9,0,0,1,2,2,0,8,0,0,1,0,0,0,0,0.266,0.332,0.435,0.767,9,13,R,R.Ortiz(53)
102,103,103,Jul 25,,PHI,"W,11-5",47,32,11,13,3,0,1,10,10,1,2,1,3,1,1,1,3,0,0.267,0.335,0.436,0.771,12,14,R,B.Myers(32)
103,104,104,Jul 26,,PHI,"W,10-5",44,37,10,15,1,0,0,8,5,0,5,0,2,0,2,1,2,1,0.269,0.336,0.436,0.772,10,13,R,B.Duckworth(42)
104,105,105,Jul 27,,PHI,"W,7-6",46,38,7,15,4,1,1,6,6,0,7,0,2,0,0,0,1,0,0.27,0.338,0.438,0.776,13,15,R,K.Millwood(20)
105,106,106,Jul 28,,ARI,"W,3-2",34,31,3,7,1,0,1,3,2,0,12,0,1,0,1,0,1,0,0.27,0.337,0.438,0.775,7,12,R,M.Batista(61)
106,107,107,Jul 29,,ARI,"W,2-1",34,33,2,10,0,0,0,2,0,0,11,1,0,0,1,1,1,0,0.27,0.337,0.436,0.773,8,12,R,B.Webb(46)
107,108,108,Jul 30,,ARI,"W,3-1",33,29,3,6,1,0,0,2,3,0,6,0,0,0,0,0,2,0,0.269,0.337,0.435,0.771,6,11,L,R.Johnson(62)
108,109,109,Aug 1,,HOU,"L,1-2",35,32,1,6,0,0,0,1,3,0,9,0,0,0,0,1,1,0,0.269,0.336,0.433,0.769,7,12,R,T.Redding(65)
109,110,110,Aug 2,,HOU,"W,5-2",35,31,5,8,1,0,2,5,4,1,2,0,0,0,1,2,3,0,0.269,0.336,0.433,0.769,6,12,L,J.Robertson(29)
110,111,111,Aug 3,,HOU,"L,1-3",32,30,1,5,1,0,0,1,1,0,8,1,0,0,0,0,1,2,0.268,0.335,0.431,0.766,4,13,R,J.Fernandez(61)
111,112,112,Aug 5,@,STL,"W,4-0",37,33,4,7,0,0,0,2,3,0,11,0,0,1,0,0,0,0,0.267,0.335,0.429,0.764,6,10,R,W.Williams(56)
112,113,113,Aug 6,@,STL,"W,7-3",41,37,7,13,0,0,1,6,3,0,7,0,1,0,1,2,0,0,0.268,0.335,0.429,0.765,7,10,R,D.Haren(37)
113,114,114,Aug 7,@,STL,"L,0-3",32,30,0,4,1,0,0,0,2,0,7,0,0,0,0,1,0,0,0.267,0.334,0.427,0.762,5,12,R,B.Tomko(78)
114,115,115,Aug 8,@,MIL,"W,5-3",36,35,5,7,0,1,1,4,1,0,10,0,0,0,1,0,2,0,0.266,0.333,0.427,0.76,4,15,R,B.Sheets(52)
115,116,116,Aug 9,@,MIL,"W,7-1",40,34,7,9,3,0,0,7,5,0,6,0,0,1,0,0,1,1,0.266,0.333,0.426,0.759,6,10,R,D.Manning(18)
116,117,117,Aug 10,@,MIL,"L,4-5",38,34,4,10,1,0,2,4,3,1,8,0,1,0,1,1,1,2,0.267,0.333,0.427,0.76,7,11,R,M.Kinney(48)
117,118,118,Aug 11,,LAD,"L,3-9",33,33,3,9,2,0,0,3,0,0,5,0,0,0,0,1,1,2,0.267,0.333,0.426,0.759,3,16,L,O.Perez(64)
118,119,119,Aug 12,,LAD,"W,5-4",51,44,5,11,1,0,1,5,6,0,12,0,1,0,0,1,0,2,0.267,0.333,0.425,0.758,8,18,R,H.Nomo(35)
119,120,120,Aug 13,,LAD,"W,2-1",40,35,2,6,1,0,1,2,4,0,13,0,1,0,1,1,1,1,0.266,0.332,0.424,0.756,6,16,L,W.Alvarez(67)
120,121,121,Aug 14,,LAD,"L,4-6",36,33,4,7,0,0,1,4,3,0,10,0,0,0,0,0,0,1,0.265,0.332,0.423,0.755,5,16,R,K.Brown(60)
121,122,122,Aug 15,,SDP,"W,10-0",42,34,10,13,3,0,2,10,3,0,8,2,0,3,0,0,0,0,0.266,0.333,0.425,0.758,8,14,L,O.Perez(34)
122,123,123,Aug 16,,SDP,"W,6-3",34,32,6,10,2,1,0,6,2,0,2,0,0,0,0,1,2,1,0.267,0.333,0.425,0.758,4,13,R,B.Lawrence(49)
123,124,124,Aug 17,,SDP,"W,11-7",46,40,11,15,5,2,1,10,5,0,3,0,1,0,2,0,0,0,0.268,0.334,0.427,0.761,11,13,R,A.Eaton(28)
124,125,125,Aug 19,@,COL,"L,2-10",34,31,2,6,2,1,0,2,1,0,5,1,1,0,0,0,0,1,0.267,0.333,0.426,0.76,5,12,R,D.Stark(68)
125,126,126,Aug 20,@,COL,"L,3-9",34,34,3,9,2,0,0,3,0,0,3,0,0,0,0,2,0,0,0.267,0.333,0.426,0.759,4,13,L,D.Oliver(53)
126,127,127,Aug 21,@,COL,"L,4-5",40,33,4,10,1,0,1,3,5,1,2,0,1,1,0,2,0,0,0.267,0.333,0.426,0.759,9,13,R,J.Jimenez(55)
127,128,128,Aug 22,@,SFG,"L,4-6",39,34,4,11,0,0,1,4,3,0,6,0,1,1,0,2,0,0,0.268,0.334,0.425,0.759,8,14,R,S.Ponson(54)
128,129,129,Aug 23,@,SFG,"L,2-3",34,31,2,6,2,0,1,2,2,1,5,1,0,0,0,1,2,1,0.267,0.333,0.425,0.758,5,10,R,D.Hermanson(49)
129,130,130,Aug 24,@,SFG,"W,7-4",40,36,7,11,3,0,2,7,3,0,4,0,1,0,0,0,0,1,0.268,0.333,0.426,0.759,6,13,L,K.Rueter(34)
130,131,131,Aug 26,@,PIT,"L,3-4",34,32,3,4,0,0,1,3,2,0,3,0,0,0,1,0,0,0,0.267,0.332,0.424,0.757,4,13,R,P.Mahomes(56)
131,132,132,Aug 27,@,PIT,"L,0-4",34,31,0,3,0,0,0,0,2,0,8,0,1,0,2,0,1,0,0.265,0.331,0.422,0.753,7,14,R,K.Wells(73)
132,133,133,Aug 28,@,PIT,"L,0-5",33,30,0,5,1,0,0,0,1,0,2,2,0,0,0,1,0,1,0.265,0.331,0.421,0.751,6,14,R,J.Fogg(73)
133,134,134,Aug 29,,MON,"W,3-2",36,33,3,9,1,0,0,3,2,0,7,0,1,0,0,0,0,0,0.265,0.33,0.42,0.75,8,15,R,T.Tucker(65)
134,135,135,Aug 30,,MON,"W,4-3",34,28,4,7,1,0,1,4,5,0,11,1,0,0,0,1,0,2,0.265,0.331,0.42,0.751,6,11,R,L.Hernández(55)
135,136,136,Aug 31,,MON,"W,5-3",38,31,5,11,2,0,1,5,4,0,2,1,2,0,0,1,0,1,0.265,0.332,0.42,0.752,9,12,R,Z.Day(28)
136,137,137,Sep 1,,MON,"W,5-2",37,34,5,12,1,0,0,4,0,0,9,2,0,1,0,0,1,0,0.266,0.332,0.42,0.752,8,14,R,T.Ohka(50)
137,138,138,Sep 2,,PIT,"L,2-3",34,28,2,6,0,0,0,2,4,1,4,0,2,0,0,2,1,1,0.266,0.332,0.419,0.751,5,13,R,K.Wells(56)
138,139,139,Sep 3,,PIT,"W,3-0",31,30,3,7,5,0,0,2,0,0,3,1,0,0,0,0,0,0,0.265,0.331,0.419,0.75,4,10,R,J.Fogg(50)
139,140,140,Sep 4,,PIT,"W,5-1",32,29,5,8,0,1,3,5,2,0,4,0,1,0,0,0,0,1,0.265,0.331,0.42,0.752,3,14,R,S.Torres(59)
140,141,141,Sep 5,@,MON,"L,2-6",38,34,2,9,2,0,1,2,4,1,6,0,0,0,0,1,0,1,0.265,0.331,0.42,0.752,9,13,R,L.Hernández(66)
141,142,142,Sep 6,@,MON,"W,14-4",51,43,14,14,4,0,3,10,6,2,8,1,1,0,3,1,0,0,0.266,0.332,0.422,0.754,10,18,R,T.Ohka(17)
142,143,143,Sep 7,@,MON,"W,3-1",37,33,3,8,0,0,0,3,1,0,8,2,0,1,0,1,0,0,0.266,0.332,0.421,0.753,7,12,R,J.Vazquez(54)
143,144,144,Sep 8,@,NYM,"W,5-0",39,33,5,9,3,1,1,5,4,1,10,0,2,0,1,1,2,1,0.266,0.332,0.421,0.754,7,15,R,S.Trachsel(70)
144,145,145,Sep 9,@,NYM,"W,3-1",36,32,3,9,3,1,0,3,2,0,5,1,1,0,0,1,1,0,0.266,0.332,0.422,0.754,6,16,L,T.Glavine(62)
145,146,146,Sep 10,@,NYM,"W,7-3",43,36,7,11,3,0,2,7,3,0,3,2,2,0,2,1,3,1,0.266,0.333,0.422,0.755,9,15,R,J.Seo(44)
146,147,147,Sep 12,,ATL,"W,5-4",37,31,5,10,2,0,1,4,3,0,4,1,2,0,0,1,0,1,0.267,0.333,0.423,0.756,7,15,L,M.Hampton(54)
147,148,148,Sep 13,,ATL,"W,8-3",39,34,8,9,4,0,1,8,5,1,11,0,0,0,1,0,1,0,0.267,0.333,0.423,0.756,7,13,R,R.Ortiz(22)
148,149,149,Sep 14,,ATL,"L,4-8",39,34,4,10,5,0,1,4,3,2,4,1,0,1,0,1,1,0,0.267,0.333,0.424,0.757,8,13,R,S.Reynolds(43)
149,150,150,Sep 16,@,PHI,"L,0-14",34,32,0,6,1,0,0,0,2,0,6,0,0,0,0,1,0,0,0.266,0.333,0.423,0.755,7,18,R,V.Padilla(78)
150,151,151,Sep 17,@,PHI,"W,11-4",48,36,11,14,5,0,1,10,6,1,9,2,4,0,1,2,1,0,0.267,0.334,0.424,0.758,10,15,R,B.Myers(28)
151,152,152,Sep 18,@,PHI,"L,4-5",38,35,4,8,2,0,1,3,1,0,9,0,1,1,2,0,0,0,0.267,0.334,0.424,0.757,7,11,R,K.Millwood(56)
152,153,153,Sep 19,@,ATL,"L,0-1",30,29,0,3,0,0,0,0,1,0,8,0,0,0,1,1,0,1,0.266,0.332,0.422,0.754,3,11,R,R.Ortiz(88)
153,154,154,Sep 20,@,ATL,"W,6-5",47,40,6,10,4,0,1,6,6,0,2,0,0,1,1,2,0,0,0.266,0.333,0.422,0.754,8,15,L,H.Ramirez(29)
154,155,155,Sep 21,@,ATL,"L,0-8",32,31,0,4,1,0,0,0,1,0,5,0,0,0,0,0,0,0,0.265,0.332,0.42,0.752,5,19,R,G.Maddux(65)
155,156,156,Sep 22,@,ATL,"W,6-3",40,38,6,11,0,0,1,6,2,0,10,0,0,0,0,0,0,0,0.265,0.332,0.42,0.751,7,12,L,M.Hampton(25)
156,157,157,Sep 23,,PHI,"W,5-4",35,30,5,8,1,1,1,5,4,0,2,0,0,1,0,0,2,1,0.265,0.332,0.42,0.752,6,16,R,K.Millwood(50)
157,158,158,Sep 24,,PHI,"W,6-5",34,30,6,9,1,1,2,6,4,0,5,0,0,0,0,2,0,1,0.265,0.332,0.421,0.753,4,12,R,B.Myers(34)
158,159,159,Sep 25,,PHI,"W,8-4",43,34,8,12,3,0,1,8,7,1,7,1,1,0,0,0,0,0,0.266,0.333,0.422,0.755,11,10,L,R.Wolf(32)
159,160,160,Sep 26,,NYM,"W,4-3",40,33,4,11,2,0,1,4,5,0,7,0,1,1,0,0,2,0,0.266,0.333,0.422,0.756,12,13,R,A.Heilman(37)
160,161,161,Sep 27,,NYM,"L,3-9",36,32,3,6,1,0,0,2,3,1,3,0,1,0,1,0,0,0,0.266,0.333,0.421,0.754,6,15,R,J.Seo(57)
161,162,162,Sep 28,,NYM,"W,4-0",34,30,4,7,1,0,1,4,3,0,6,0,1,0,0,0,1,0,0.266,0.333,0.421,0.754,6,18,R,J.Griffiths(32)
