,Rk,Gtm,Date,Unnamed: 3,Opp,Rslt,PA,AB,R,H,2B,3B,HR,RBI,BB,IBB,SO,HBP,SH,SF,ROE,GDP,SB,CS,BA,OBP,SLG,OPS,LOB,#,Thr,Opp. Starter (GmeSc)
0,1,1,Apr 2,@,KCR,"L,1-7",34,32,1,8,2,0,0,1,1,0,10,1,0,0,0,1,0,0,0.25,0.294,0.313,0.607,6,10,R,G.Meche(67)
1,2,2,Apr 4,@,KCR,"W,7-1",42,32,7,8,2,0,1,7,8,0,6,0,1,1,0,1,0,0,0.25,0.347,0.359,0.706,8,10,L,O.Perez(42)
2,3,3,Apr 5,@,KCR,"W,4-1",40,38,4,11,5,0,0,2,2,1,10,0,0,0,1,1,1,0,0.265,0.339,0.382,0.721,9,9,R,Z.Greinke(61)
3,4,4,Apr 6,@,TEX,"L,0-2",34,30,0,3,1,0,0,0,4,0,3,0,0,0,0,0,0,0,0.227,0.309,0.326,0.634,7,9,R,R.Tejeda(71)
4,5,5,Apr 7,@,TEX,"L,4-8",41,36,4,11,1,0,0,4,5,0,5,0,0,0,0,1,1,0,0.244,0.326,0.327,0.654,10,10,R,K.Millwood(44)
5,6,6,Apr 8,@,TEX,"W,3-2",33,30,3,6,0,0,2,3,1,0,5,1,1,0,0,1,0,0,0.237,0.315,0.338,0.654,3,9,R,V.Padilla(60)
6,7,7,Apr 10,,SEA,"W,14-3",46,36,14,14,7,0,1,13,7,0,2,1,0,2,1,1,0,0,0.261,0.343,0.389,0.732,8,13,R,J.Weaver(13)
7,8,8,Apr 11,,SEA,"L,0-3",29,27,0,1,0,0,0,0,2,0,6,0,0,0,0,1,0,0,0.238,0.32,0.352,0.672,2,9,R,F.Hernandez(89)
8,9,9,Apr 13,,LAA,"W,10-1",44,37,10,14,3,0,1,10,5,1,8,1,0,1,0,0,1,0,0.255,0.337,0.376,0.713,10,12,R,J.Lackey(44)
9,10,10,Apr 14,,LAA,"W,8-0",42,33,8,8,0,1,1,5,9,1,6,0,0,0,1,0,1,0,0.254,0.345,0.378,0.722,10,10,R,H.Carrasco(46)
10,11,11,Apr 16,,LAA,"W,7-2",35,31,7,8,4,0,1,6,4,0,8,0,0,0,1,2,0,0,0.254,0.344,0.387,0.731,4,10,R,E.Santana(25)
11,12,12,Apr 17,@,TOR,"L,1-2",33,32,1,7,1,0,1,1,1,0,3,0,0,0,0,1,0,0,0.251,0.337,0.383,0.72,5,11,L,G.Chacin(61)
12,13,13,Apr 18,@,TOR,"W,4-1",34,33,4,7,0,0,3,4,1,0,5,0,0,0,0,1,0,0,0.248,0.33,0.391,0.721,3,9,R,T.Ohka(51)
13,14,14,Apr 19,@,TOR,"W,5-3",38,31,5,8,1,1,1,5,5,1,3,0,0,2,0,2,0,0,0.249,0.331,0.395,0.726,6,10,R,R.Halladay(57)
14,15,15,Apr 20,,NYY,"W,7-6",37,33,7,13,1,1,1,7,3,0,4,1,0,0,0,2,0,2,0.259,0.339,0.407,0.747,6,11,L,A.Pettitte(50)
15,16,16,Apr 21,,NYY,"W,7-5",41,35,7,13,2,0,1,7,5,1,2,0,1,0,0,1,1,0,0.266,0.347,0.414,0.761,10,9,R,J.Karstens(16)
16,17,17,Apr 22,,NYY,"W,7-6",43,34,7,11,3,0,5,7,9,0,5,0,0,0,0,1,2,0,0.27,0.355,0.441,0.796,12,10,L,C.Wright(33)
17,18,18,Apr 23,,TOR,"L,3-7",40,36,3,8,1,0,0,2,4,0,6,0,0,0,1,0,0,0,0.267,0.351,0.43,0.781,10,11,R,T.Ohka(46)
18,19,19,Apr 24,,TOR,"L,3-10",32,32,3,5,0,0,1,3,0,0,11,0,0,0,0,0,2,0,0.261,0.343,0.42,0.763,2,11,R,R.Halladay(70)
19,20,20,Apr 25,@,BAL,"W,6-1",45,34,6,10,1,0,1,6,9,0,7,0,1,1,0,1,0,0,0.263,0.348,0.42,0.768,12,9,R,D.Cabrera(52)
20,21,21,Apr 26,@,BAL,"W,5-2",40,32,5,6,2,0,1,5,8,1,7,0,0,0,1,1,0,0,0.259,0.348,0.416,0.764,8,10,L,A.Loewen(64)
21,22,22,Apr 27,@,NYY,"W,11-4",49,40,11,13,2,0,2,10,9,0,8,0,0,0,0,0,3,0,0.263,0.354,0.422,0.776,11,9,L,A.Pettitte(32)
22,23,23,Apr 28,@,NYY,"L,1-3",38,33,1,7,1,0,0,1,5,0,9,0,0,0,1,2,0,0,0.261,0.352,0.415,0.767,10,13,R,J.Karstens(46)
23,24,24,Apr 29,@,NYY,"W,7-4",38,32,7,9,0,2,3,7,4,0,3,1,0,1,0,2,0,0,0.262,0.353,0.426,0.778,4,10,R,C.Wang(42)
24,25,25,May 1,,OAK,"L,4-5",41,36,4,8,1,0,0,3,3,1,6,0,0,2,0,0,3,0,0.26,0.349,0.418,0.767,7,10,R,J.Blanton(51)
25,26,26,May 2,,OAK,"W,6-4",42,35,6,13,2,0,0,6,5,0,3,1,0,1,1,1,2,0,0.264,0.354,0.418,0.772,12,9,R,C.Gaudin(41)
26,27,27,May 3,,SEA,"W,8-7",41,37,8,15,3,0,2,8,4,0,7,0,0,0,1,2,1,1,0.27,0.358,0.428,0.786,9,9,L,H.Ramirez(13)
27,28,28,May 4,@,MIN,"W,2-0",37,34,2,8,2,2,1,2,2,0,4,0,1,0,0,0,0,0,0.269,0.355,0.43,0.786,8,9,R,C.Silva(62)
28,29,29,May 5,@,MIN,"L,1-2",40,34,1,8,2,0,0,1,6,0,9,0,0,0,0,0,1,0,0.268,0.355,0.426,0.781,12,12,L,J.Santana(52)
29,30,30,May 6,@,MIN,"W,4-3",40,33,4,9,3,0,0,4,5,1,6,2,0,0,1,1,0,1,0.268,0.357,0.424,0.78,9,10,R,S.Ponson(39)
30,31,31,May 8,@,TOR,"W,9-2",44,37,9,13,1,0,4,9,6,0,3,1,0,0,0,1,0,0,0.271,0.36,0.433,0.794,8,12,R,V.Zambrano(8)
31,32,32,May 9,@,TOR,"W,9-3",44,38,9,12,2,0,4,9,6,1,6,0,0,0,0,1,1,0,0.272,0.362,0.442,0.804,8,10,R,T.Ohka(37)
32,33,33,May 10,@,TOR,"W,8-0",39,39,8,13,5,0,1,8,0,0,4,0,0,0,0,1,1,0,0.275,0.361,0.446,0.807,4,12,R,R.Halladay(17)
33,34,34,May 11,,BAL,"L,3-6",43,35,3,10,4,0,0,3,8,0,6,0,0,0,0,1,1,0,0.275,0.363,0.444,0.807,13,11,L,B.Burres(43)
34,35,35,May 12,,BAL,"W,13-4",48,36,13,15,3,0,0,13,7,0,3,2,2,1,1,0,1,0,0.279,0.368,0.446,0.814,11,12,R,S.Trachsel(36)
35,36,36,May 13,,BAL,"W,6-5",37,32,6,7,4,0,0,5,5,1,2,0,0,0,1,2,0,0,0.278,0.367,0.443,0.81,5,10,R,J.Guthrie(75)
36,37,37,May 14,,DET,"W,7-1",40,38,7,15,3,1,0,7,2,0,5,0,0,0,0,1,1,0,0.281,0.369,0.446,0.814,9,9,L,N.Robertson(36)
37,38,38,May 15,,DET,"L,2-7",35,35,2,8,2,0,1,2,0,0,8,0,0,0,0,0,0,0,0.28,0.365,0.444,0.809,6,10,R,J.Verlander(66)
38,39,39,May 17 (1),,DET,"W,2-1",32,31,2,6,0,0,0,2,1,0,8,0,0,0,1,0,0,0,0.278,0.362,0.438,0.8,6,10,R,Z.Miner(52)
39,40,40,May 17 (2),,DET,"W,4-2",39,31,4,6,0,0,1,4,7,0,4,1,0,0,1,0,1,0,0.276,0.362,0.435,0.797,11,9,R,C.Durbin(55)
40,41,41,May 19 (1),,ATL,"W,13-3",47,41,13,18,5,0,4,13,6,1,2,0,0,0,0,1,0,0,0.281,0.366,0.447,0.813,10,12,R,A.Lerew(32)
41,42,42,May 19 (2),,ATL,"L,0-14",31,30,0,3,1,0,0,0,1,0,7,0,0,0,0,0,0,0,0.277,0.362,0.44,0.802,4,10,R,J.Smoltz(77)
42,43,43,May 20,,ATL,"W,6-3",35,32,6,9,3,1,1,6,2,0,3,0,1,0,0,0,0,0,0.277,0.361,0.442,0.803,5,9,R,T.Hudson(22)
43,44,44,May 21,@,NYY,"L,2-6",41,34,2,7,3,0,0,2,5,0,7,1,0,1,2,1,0,0,0.275,0.36,0.439,0.799,12,9,R,C.Wang(53)
44,45,45,May 22,@,NYY,"W,7-3",38,36,7,11,2,0,2,7,2,0,3,0,0,0,0,2,1,0,0.276,0.36,0.441,0.801,4,9,R,M.Mussina(27)
45,46,46,May 23,@,NYY,"L,3-8",38,36,3,12,4,0,1,3,2,0,5,0,0,0,0,1,0,1,0.277,0.36,0.443,0.803,8,9,L,A.Pettitte(56)
46,47,47,May 25,@,TEX,"W,10-6",42,33,10,10,3,1,0,10,7,0,5,0,1,1,0,2,2,0,0.278,0.361,0.443,0.804,5,9,R,B.McCarthy(35)
47,48,48,May 26,@,TEX,"W,7-4",43,33,7,8,2,1,0,5,9,0,7,0,0,1,0,1,0,0,0.277,0.362,0.442,0.804,9,9,R,V.Padilla(37)
48,49,49,May 27,@,TEX,"W,6-5",39,38,6,11,0,0,2,6,1,0,6,0,0,0,0,0,1,0,0.277,0.361,0.442,0.803,6,9,R,K.Loe(47)
49,50,50,May 28,,CLE,"W,5-3",39,34,5,10,6,0,2,5,4,0,6,1,0,0,0,0,2,0,0.278,0.361,0.446,0.807,10,9,L,C.Lee(45)
50,51,51,May 29,,CLE,"W,4-2",35,31,4,7,3,0,2,4,4,1,5,0,0,0,0,0,0,0,0.277,0.36,0.447,0.808,7,9,L,J.Sowers(41)
51,52,52,May 30,,CLE,"L,4-8",38,36,4,10,3,0,1,4,1,0,3,0,1,0,1,0,0,0,0.277,0.359,0.447,0.806,7,9,R,P.Byrd(49)
52,53,53,Jun 1,,NYY,"L,5-9",42,38,5,13,2,0,0,5,2,0,4,2,0,0,1,3,2,0,0.278,0.36,0.446,0.806,10,11,R,C.Wang(36)
53,54,54,Jun 2,,NYY,"W,11-6",44,34,11,14,4,0,2,9,8,3,4,0,1,1,1,3,1,0,0.281,0.363,0.451,0.814,9,9,R,M.Mussina(26)
54,55,55,Jun 3,,NYY,"L,5-6",42,36,5,11,4,0,0,5,4,1,7,1,0,1,0,0,1,0,0.281,0.364,0.45,0.814,10,9,L,A.Pettitte(31)
55,56,56,Jun 4,@,OAK,"L,4-5",43,42,4,10,2,0,2,4,1,0,11,0,0,0,0,0,0,0,0.28,0.362,0.45,0.811,6,13,R,D.Haren(71)
56,57,57,Jun 5,@,OAK,"L,0-2",34,25,0,3,0,0,0,0,7,0,2,1,1,0,1,4,0,0,0.278,0.361,0.445,0.807,7,9,L,L.DiNardo(62)
57,58,58,Jun 6,@,OAK,"L,2-3",35,32,2,8,1,1,0,2,3,0,6,0,0,0,0,3,0,0,0.278,0.36,0.444,0.804,6,11,L,J.Kennedy(59)
58,59,59,Jun 7,@,OAK,"W,1-0",34,31,1,4,0,0,1,1,3,0,3,0,0,0,0,0,0,0,0.275,0.358,0.44,0.798,6,9,R,J.Blanton(65)
59,60,60,Jun 8,@,ARI,"W,10-3",45,39,10,12,2,0,3,9,5,0,8,1,0,0,0,0,0,0,0.276,0.359,0.443,0.802,8,14,L,D.Davis(27)
60,61,61,Jun 9,@,ARI,"W,4-3",44,38,4,10,2,0,1,4,4,0,10,0,1,1,0,1,0,0,0.276,0.358,0.442,0.801,10,15,R,M.Owings(52)
61,62,62,Jun 10,@,ARI,"L,1-5",38,32,1,6,1,0,0,1,5,1,11,0,1,0,0,0,0,0,0.274,0.357,0.439,0.796,10,15,L,R.Johnson(66)
62,63,63,Jun 12,,COL,"W,2-1",33,29,2,8,3,0,0,2,3,1,4,0,0,1,0,2,1,0,0.274,0.357,0.438,0.795,7,10,R,A.Cook(58)
63,64,64,Jun 13,,COL,"L,2-12",36,34,2,8,1,0,1,2,2,0,7,0,0,0,0,1,0,0,0.274,0.356,0.437,0.793,7,12,R,J.Fogg(48)
64,65,65,Jun 14,,COL,"L,1-7",42,38,1,10,0,0,0,1,3,0,10,1,0,0,1,0,0,0,0.274,0.356,0.434,0.789,14,9,L,J.Francis(57)
65,66,66,Jun 15,,SFG,"W,10-2",42,33,10,9,2,0,1,10,8,0,6,1,0,0,1,1,2,0,0.274,0.357,0.434,0.79,8,11,L,B.Zito(33)
66,67,67,Jun 16,,SFG,"W,1-0",29,28,1,5,1,0,1,1,1,0,4,0,0,0,0,1,0,0,0.272,0.355,0.432,0.787,4,9,R,M.Cain(69)
67,68,68,Jun 17,,SFG,"W,9-5",38,33,9,11,5,0,1,8,3,0,8,2,0,0,0,1,0,1,0.273,0.356,0.434,0.79,5,10,R,M.Morris(13)
68,69,69,Jun 18,@,ATL,"L,4-9",42,36,4,9,0,0,3,3,6,0,8,0,0,0,0,0,0,0,0.273,0.356,0.435,0.791,11,17,L,C.James(50)
69,70,70,Jun 19,@,ATL,"W,4-0",37,33,4,10,3,1,1,4,2,1,3,1,0,1,1,3,0,1,0.273,0.356,0.437,0.793,6,14,R,T.Hudson(34)
70,71,71,Jun 20,@,ATL,"W,11-0",46,42,11,15,5,0,5,11,4,2,12,0,0,0,0,0,0,0,0.275,0.357,0.444,0.801,8,15,R,B.Carlyle(16)
71,72,72,Jun 22,@,SDP,"W,2-1",35,32,2,8,1,0,0,2,2,1,7,0,1,0,0,1,1,1,0.275,0.356,0.442,0.798,6,16,R,G.Maddux(50)
72,73,73,Jun 23,@,SDP,"L,1-6",34,32,1,4,2,1,0,1,2,0,13,0,0,0,1,0,1,0,0.273,0.354,0.439,0.793,6,15,R,C.Young(84)
73,74,74,Jun 24,@,SDP,"W,4-2",40,35,4,11,0,1,1,4,3,0,6,1,0,1,0,1,0,0,0.273,0.354,0.439,0.794,9,11,R,J.Peavy(39)
74,75,75,Jun 25,@,SEA,"L,4-9",42,35,4,8,2,0,0,4,5,0,8,2,0,0,1,1,2,0,0.273,0.354,0.437,0.792,11,14,R,J.Weaver(52)
75,76,76,Jun 26,@,SEA,"L,7-8",44,38,7,14,1,1,1,7,3,0,11,1,1,1,1,2,1,0,0.274,0.355,0.439,0.794,10,11,R,F.Hernandez(28)
76,77,77,Jun 27,@,SEA,"L,1-2",45,37,1,7,2,0,0,1,6,1,5,0,1,1,1,1,0,1,0.273,0.354,0.436,0.79,11,11,L,R.Feierabend(58)
77,78,78,Jun 29,,TEX,"W,2-1",37,31,2,8,2,0,0,2,4,0,5,2,0,0,0,1,0,0,0.273,0.355,0.435,0.789,11,10,R,J.Wright(47)
78,79,79,Jun 30,,TEX,"L,4-5",40,31,4,8,3,1,1,4,7,1,8,1,0,1,0,1,0,2,0.272,0.355,0.436,0.791,9,10,R,R.Tejeda(34)
79,80,80,Jul 1,,TEX,"L,1-2",39,35,1,9,2,0,0,1,4,0,2,0,0,0,0,1,0,0,0.272,0.355,0.434,0.789,11,10,R,K.Loe(55)
80,81,81,Jul 2,,TEX,"W,7-3",41,32,7,10,3,1,0,6,8,0,5,0,1,0,0,1,1,0,0.273,0.356,0.434,0.791,10,9,R,B.McCarthy(31)
81,82,82,Jul 3,,TBD,"W,4-1",35,28,4,7,1,0,0,4,6,0,10,0,0,1,0,1,0,1,0.272,0.356,0.433,0.789,7,11,L,S.Kazmir(49)
82,83,83,Jul 4,,TBD,"W,7-5",35,32,7,9,4,1,1,7,2,0,9,0,1,0,0,0,0,0,0.273,0.356,0.434,0.79,4,9,R,E.Jackson(25)
83,84,84,Jul 5,,TBD,"W,15-4",52,42,15,21,3,0,2,15,10,0,5,0,0,0,0,3,0,0,0.276,0.36,0.438,0.798,13,13,L,J.Howell(15)
84,85,85,Jul 6,@,DET,"L,2-9",36,31,2,5,2,1,1,2,5,0,8,0,0,0,0,0,2,0,0.275,0.359,0.438,0.797,7,11,L,A.Miller(69)
85,86,86,Jul 7,@,DET,"L,2-3",53,46,2,11,3,1,1,2,6,3,12,0,1,0,1,3,0,1,0.274,0.358,0.438,0.796,12,13,R,J.Bonderman(66)
86,87,87,Jul 8,@,DET,"L,5-6",42,34,5,7,1,0,2,5,6,1,6,1,0,1,1,0,1,0,0.273,0.358,0.437,0.795,10,11,L,N.Robertson(47)
87,88,88,Jul 12,,TOR,"W,7-4",40,34,7,11,2,0,0,7,5,0,4,0,0,1,1,0,0,0,0.274,0.359,0.437,0.795,9,9,R,R.Halladay(29)
88,89,89,Jul 13,,TOR,"L,5-6",40,38,5,10,3,1,1,5,2,0,7,0,0,0,1,0,1,0,0.274,0.358,0.437,0.795,8,12,R,S.Marcum(47)
89,90,90,Jul 14,,TOR,"W,9-4",40,35,9,12,1,1,3,9,4,2,8,0,0,1,0,0,3,0,0.275,0.358,0.44,0.798,7,10,R,D.McGowan(29)
90,91,91,Jul 15,,TOR,"L,1-2",36,35,1,11,3,0,0,1,1,0,4,0,0,0,0,2,0,0,0.275,0.358,0.439,0.798,8,10,R,J.Litsch(53)
91,92,92,Jul 16,,KCR,"W,4-0",31,31,4,7,0,0,3,4,0,0,5,0,0,0,1,0,0,0,0.275,0.357,0.44,0.797,3,9,R,B.Bannister(49)
92,93,93,Jul 17,,KCR,"L,3-9",40,37,3,12,3,1,0,3,3,0,8,0,0,0,2,2,0,0,0.275,0.357,0.44,0.798,10,11,R,J.Oviedo(48)
93,94,94,Jul 18,,KCR,"L,5-6",40,36,5,10,2,1,1,5,3,0,5,0,0,1,0,0,0,0,0.275,0.357,0.441,0.798,8,10,L,O.Perez(33)
94,95,95,Jul 19,,CHW,"L,2-4",38,36,2,11,0,0,0,2,2,0,7,0,0,0,0,1,0,0,0.275,0.357,0.439,0.796,9,9,R,J.Vazquez(50)
95,96,96,Jul 20,,CHW,"W,10-3",38,32,10,10,2,1,1,10,3,0,3,2,0,1,1,0,1,0,0.276,0.357,0.44,0.797,4,11,R,J.Contreras(17)
96,97,97,Jul 21,,CHW,"W,11-2",42,33,11,11,2,1,0,11,9,2,8,0,0,0,0,1,1,0,0.276,0.358,0.44,0.799,7,11,L,J.Danks(43)
97,98,98,Jul 22,,CHW,"W,8-5",41,32,8,10,2,0,2,8,8,2,3,0,0,1,0,1,0,0,0.277,0.359,0.441,0.801,9,9,R,J.Garland(26)
98,99,99,Jul 23,@,CLE,"W,6-2",42,37,6,14,2,0,0,5,5,0,5,0,0,0,0,3,0,1,0.278,0.36,0.441,0.802,9,9,R,J.Westbrook(29)
99,100,100,Jul 24,@,CLE,"W,1-0",33,33,1,6,1,0,0,1,0,0,8,0,0,0,0,0,0,0,0.277,0.359,0.439,0.798,5,9,L,C.Sabathia(70)
100,101,101,Jul 25,@,CLE,"L,0-1",30,27,0,4,0,0,0,0,2,0,8,1,0,0,0,1,0,2,0.276,0.358,0.437,0.795,3,10,R,R.Hernandez(78)
101,102,102,Jul 26,@,CLE,"W,14-9",47,43,14,17,3,0,3,13,4,0,5,0,0,0,1,2,0,0,0.277,0.359,0.44,0.799,6,9,L,C.Lee(12)
102,103,103,Jul 27,@,TBD,"W,7-1",39,34,7,7,2,0,1,7,5,0,7,0,0,0,0,0,1,0,0.277,0.358,0.439,0.797,5,10,R,J.Hammel(60)
103,104,104,Jul 28,@,TBD,"W,12-6",59,49,12,15,6,0,0,12,8,0,11,1,0,1,1,1,1,1,0.277,0.359,0.439,0.798,11,10,R,J.Shields(49)
104,105,105,Jul 29,@,TBD,"L,2-5",37,32,2,8,1,0,2,2,4,0,11,0,1,0,0,2,1,0,0.277,0.359,0.439,0.798,8,11,L,S.Kazmir(67)
105,106,106,Jul 31,,BAL,"L,3-5",38,31,3,4,0,0,2,3,6,0,8,1,0,0,1,1,0,0,0.276,0.358,0.438,0.796,8,10,L,E.Bedard(61)
106,107,107,Aug 1,,BAL,"W,5-4",40,31,5,9,2,0,0,5,8,2,4,0,0,1,0,1,1,0,0.276,0.359,0.437,0.796,11,9,R,S.Trachsel(57)
107,108,108,Aug 2,,BAL,"W,7-4",43,35,7,13,2,0,2,7,6,1,4,1,1,0,1,1,2,0,0.277,0.36,0.439,0.799,12,10,R,J.Guthrie(37)
108,109,109,Aug 3,@,SEA,"L,4-7",39,36,4,12,0,0,1,3,2,0,4,1,0,0,0,2,0,0,0.277,0.36,0.439,0.799,8,10,L,H.Ramirez(27)
109,110,110,Aug 4,@,SEA,"W,4-3",38,36,4,10,5,0,0,3,2,0,10,0,0,0,0,1,0,0,0.277,0.36,0.439,0.798,7,9,L,J.Washburn(43)
110,111,111,Aug 5,@,SEA,"W,9-2",49,38,9,13,6,1,1,9,8,1,6,1,0,2,2,1,1,1,0.278,0.361,0.44,0.801,13,12,R,M.Batista(50)
111,112,112,Aug 6,@,LAA,"L,2-4",40,36,2,8,0,0,1,2,4,0,7,0,0,0,1,0,3,0,0.277,0.36,0.439,0.799,11,10,R,J.Weaver(54)
112,113,113,Aug 7,@,LAA,"L,4-10",36,35,4,9,4,0,1,4,1,0,3,0,0,0,0,0,0,0,0.277,0.36,0.439,0.799,5,11,L,J.Saunders(37)
113,114,114,Aug 8,@,LAA,"W,9-6",45,39,9,14,5,0,1,8,3,0,4,1,0,2,0,0,2,0,0.278,0.36,0.441,0.801,9,10,R,D.Moseley(20)
114,115,115,Aug 10,@,BAL,"L,5-6",37,34,5,9,0,0,0,5,3,0,8,0,0,0,0,2,1,0,0.278,0.36,0.439,0.799,5,10,L,E.Bedard(64)
115,116,116,Aug 11,@,BAL,"W,6-2",44,34,6,10,4,0,0,6,10,1,10,0,0,0,0,3,0,0,0.278,0.361,0.439,0.8,11,11,L,G.Olson(41)
116,117,117,Aug 12,@,BAL,"L,3-6",42,38,3,11,4,0,0,3,3,0,2,1,0,0,0,2,1,0,0.278,0.361,0.438,0.799,9,9,R,S.Trachsel(39)
117,118,118,Aug 13,,TBD,"W,3-0",35,32,3,8,2,0,0,3,3,0,7,0,0,0,0,0,0,0,0.278,0.36,0.437,0.798,8,9,R,J.Shields(63)
118,119,119,Aug 14,,TBD,"W,2-1",35,31,2,7,2,0,1,2,4,0,10,0,0,0,0,1,0,0,0.277,0.36,0.437,0.797,7,10,L,S.Kazmir(69)
119,120,120,Aug 15,,TBD,"L,5-6",40,35,5,8,4,0,1,5,5,0,6,0,0,0,0,0,0,0,0.277,0.36,0.437,0.797,8,10,R,A.Sonnanstine(55)
120,121,121,Aug 17 (1),,LAA,"W,8-4",41,38,8,14,3,1,2,7,1,0,5,2,0,0,0,0,0,0,0.278,0.36,0.439,0.799,9,10,R,J.Lackey(17)
121,122,122,Aug 17 (2),,LAA,"L,5-7",36,34,5,7,4,0,0,4,2,0,8,0,0,0,0,0,0,0,0.277,0.359,0.438,0.797,4,12,R,E.Santana(66)
122,123,123,Aug 18,,LAA,"W,10-5",44,36,10,13,3,0,1,9,6,1,8,1,1,0,0,0,0,0,0.278,0.36,0.439,0.799,10,10,R,J.Weaver(27)
123,124,124,Aug 19,,LAA,"L,1-3",36,33,1,7,0,0,0,1,3,0,10,0,0,0,0,0,0,1,0.277,0.36,0.437,0.797,8,11,L,J.Saunders(68)
124,125,125,Aug 20,@,TBD,"W,6-0",39,34,6,8,2,0,1,6,5,1,9,0,0,0,0,1,0,0,0.277,0.359,0.437,0.796,6,9,L,S.Kazmir(35)
125,126,126,Aug 21,@,TBD,"W,8-6",40,37,8,11,4,1,0,7,1,0,7,1,0,1,1,1,0,0,0.277,0.359,0.437,0.796,5,9,R,A.Sonnanstine(28)
126,127,127,Aug 22,@,TBD,"L,1-2",42,34,1,9,3,0,0,1,6,0,6,1,0,1,0,0,1,0,0.277,0.359,0.436,0.796,14,11,R,E.Jackson(56)
127,128,128,Aug 24 (1),@,CHW,"W,11-3",46,38,11,15,3,0,1,11,5,1,5,1,0,2,1,2,0,1,0.278,0.36,0.437,0.797,8,11,R,J.Garland(41)
128,129,129,Aug 24 (2),@,CHW,"W,10-1",44,39,10,13,4,0,3,10,5,0,5,0,0,0,0,1,0,0,0.279,0.361,0.439,0.8,7,10,L,J.Danks(28)
129,130,130,Aug 25,@,CHW,"W,14-2",53,41,14,15,4,0,0,13,10,1,6,2,0,0,1,2,0,0,0.28,0.362,0.439,0.802,12,11,L,M.Buehrle(44)
130,131,131,Aug 26,@,CHW,"W,11-1",41,38,11,9,0,0,3,9,3,0,11,0,0,0,2,0,1,0,0.279,0.362,0.44,0.801,3,9,R,J.Vazquez(39)
131,132,132,Aug 28,@,NYY,"L,3-5",36,32,3,7,0,1,2,3,3,0,10,0,0,1,0,1,0,0,0.279,0.361,0.44,0.801,6,11,L,A.Pettitte(57)
132,133,133,Aug 29,@,NYY,"L,3-4",38,29,3,4,0,0,2,3,7,0,4,1,1,0,0,0,0,1,0.278,0.361,0.439,0.8,8,9,R,R.Clemens(61)
133,134,134,Aug 30,@,NYY,"L,0-5",33,28,0,2,1,0,0,0,5,0,6,0,0,0,1,2,0,0,0.277,0.36,0.437,0.797,6,9,R,C.Wang(76)
134,135,135,Aug 31,,BAL,"L,8-9",45,38,8,15,3,0,1,8,4,0,6,3,0,0,1,4,0,0,0.278,0.361,0.438,0.799,10,12,R,R.Liz(43)
135,136,136,Sep 1,,BAL,"W,10-0",44,37,10,14,4,0,1,10,7,0,5,0,0,0,0,1,1,0,0.278,0.362,0.439,0.801,10,10,L,G.Olson(37)
136,137,137,Sep 2,,BAL,"W,3-2",33,27,3,5,1,0,1,3,4,1,9,0,1,1,0,0,2,0,0.278,0.361,0.439,0.8,6,10,R,D.Cabrera(53)
137,138,138,Sep 3,,TOR,"W,13-10",46,36,13,16,3,0,1,11,5,1,4,1,1,3,1,1,1,0,0.279,0.362,0.44,0.802,9,10,R,J.Litsch(19)
138,139,139,Sep 4,,TOR,"W,5-3",35,33,5,9,2,1,2,5,2,1,7,0,0,0,0,0,1,0,0.279,0.362,0.441,0.803,6,9,R,R.Halladay(49)
139,140,140,Sep 5,,TOR,"L,4-6",40,32,4,9,2,0,1,4,5,0,4,1,1,1,0,0,0,0,0.279,0.362,0.441,0.803,9,9,R,S.Marcum(48)
140,141,141,Sep 6,@,BAL,"W,7-6",40,36,7,10,0,0,2,7,4,1,4,0,0,0,0,1,1,0,0.279,0.362,0.441,0.803,6,13,L,G.Olson(32)
141,142,142,Sep 7,@,BAL,"W,4-0",40,34,4,8,2,0,0,3,5,0,7,0,0,1,0,0,1,0,0.279,0.362,0.44,0.802,9,9,R,D.Cabrera(39)
142,143,143,Sep 8,@,BAL,"L,5-11",38,36,5,10,6,0,1,5,2,0,4,0,0,0,0,1,0,0,0.279,0.362,0.441,0.802,6,15,R,J.Leicester(38)
143,144,144,Sep 9,@,BAL,"W,3-2",39,36,3,10,2,0,0,3,3,0,6,0,0,0,0,1,2,0,0.279,0.361,0.44,0.801,9,9,R,J.Guthrie(48)
144,145,145,Sep 10,,TBD,"L,0-1",34,31,0,5,0,0,0,0,3,0,13,0,0,0,0,0,1,0,0.278,0.361,0.438,0.799,7,10,L,S.Kazmir(75)
145,146,146,Sep 11,,TBD,"W,16-10",47,40,16,20,3,1,4,16,4,0,4,0,0,3,0,2,0,0,0.28,0.362,0.442,0.804,7,10,R,A.Sonnanstine(26)
146,147,147,Sep 12,,TBD,"W,5-4",39,33,5,9,2,0,2,5,6,0,9,0,0,0,0,0,2,0,0.28,0.362,0.442,0.804,9,9,R,E.Jackson(47)
147,148,148,Sep 14,,NYY,"L,7-8",45,41,7,13,2,0,0,6,4,1,10,0,0,0,2,0,2,1,0.28,0.362,0.442,0.804,11,11,L,A.Pettitte(29)
148,149,149,Sep 15,,NYY,"W,10-1",45,36,10,12,3,0,1,10,8,0,10,1,0,0,0,0,2,0,0.28,0.363,0.442,0.805,11,11,R,C.Wang(31)
149,150,150,Sep 16,,NYY,"L,3-4",39,32,3,5,2,0,1,3,5,0,7,1,1,0,1,0,1,0,0.28,0.363,0.441,0.804,9,9,R,R.Clemens(67)
150,151,151,Sep 17,@,TOR,"L,1-6",31,31,1,5,2,0,0,1,0,0,9,0,0,0,0,0,0,0,0.279,0.361,0.44,0.802,3,11,R,D.McGowan(82)
151,152,152,Sep 18,@,TOR,"L,3-4",37,34,3,9,2,0,1,3,3,1,12,0,0,0,0,2,1,0,0.279,0.361,0.44,0.801,7,9,R,A.Burnett(62)
152,153,153,Sep 19,@,TOR,"L,1-6",34,29,1,3,0,0,1,1,4,0,4,1,0,0,0,1,1,0,0.278,0.361,0.439,0.799,6,9,R,J.Litsch(63)
153,154,154,Sep 21,@,TBD,"W,8-1",45,35,8,9,1,1,3,6,6,0,17,3,1,0,0,0,1,0,0.278,0.361,0.44,0.801,10,10,L,S.Kazmir(54)
154,155,155,Sep 22,@,TBD,"W,8-6",40,36,8,13,4,0,3,8,3,1,3,0,1,0,0,1,0,2,0.278,0.361,0.442,0.803,5,10,R,A.Sonnanstine(31)
155,156,156,Sep 23,@,TBD,"L,4-5",35,32,4,6,0,0,1,4,3,0,7,0,0,0,0,1,1,0,0.278,0.361,0.441,0.801,4,10,R,E.Jackson(48)
156,157,157,Sep 25,,OAK,"W,7-3",43,31,7,9,3,0,1,7,10,1,4,0,0,2,1,1,0,0,0.278,0.361,0.441,0.802,12,12,R,C.Gaudin(40)
157,158,158,Sep 26,,OAK,"W,11-6",46,39,11,17,5,0,1,10,6,1,8,0,0,1,1,2,0,0,0.279,0.362,0.442,0.804,11,13,R,J.Blanton(26)
158,159,159,Sep 27,,MIN,"L,4-5",43,38,4,12,2,0,2,4,4,1,6,1,0,0,0,2,3,0,0.279,0.362,0.443,0.805,12,13,R,B.Bonser(43)
159,160,160,Sep 28,,MIN,"W,5-2",33,33,5,8,3,0,1,5,0,0,5,0,0,0,1,0,0,0,0.279,0.362,0.443,0.805,4,10,R,K.Slowey(42)
160,161,161,Sep 29,,MIN,"W,6-4",36,36,6,13,3,1,2,6,0,0,5,0,0,0,0,1,1,0,0.28,0.362,0.444,0.806,6,10,R,C.Silva(49)
161,162,162,Sep 30,,MIN,"L,2-3",39,33,2,8,2,0,1,2,6,1,10,0,0,0,0,1,2,0,0.279,0.362,0.444,0.806,10,16,R,M.Garza(59)
