,Rk,Gtm,Date,Unnamed: 3,Opp,Rslt,PA,AB,R,H,2B,3B,HR,RBI,BB,IBB,SO,HBP,SH,SF,ROE,GDP,SB,CS,BA,OBP,SLG,OPS,LOB,#,Thr,Opp. Starter (GmeSc)
0,1,1,Mar 28,,NYM,"L,0-2",33,31,0,5,1,0,0,0,1,0,14,1,0,0,0,0,3,0,0.161,0.212,0.194,0.406,6,13,R,J.deGrom(71)
1,2,2,Mar 30,,NYM,"L,8-11",42,36,8,9,4,0,1,8,3,0,11,2,0,1,1,0,1,0,0.209,0.28,0.328,0.608,7,18,R,N.Syndergaard(49)
2,3,3,Mar 31,,NYM,"W,6-5",38,36,6,11,3,0,2,6,1,0,11,1,0,0,0,0,1,0,0.243,0.301,0.408,0.709,7,15,R,Z.Wheeler(45)
3,4,4,Apr 2,,PHI,"L,2-8",34,33,2,7,0,0,1,2,1,0,14,0,0,0,0,1,0,0,0.235,0.286,0.382,0.668,5,17,R,Z.Eflin(69)
4,5,5,Apr 3,,PHI,"W,9-8",42,35,9,12,3,0,3,8,7,0,8,0,0,0,2,0,1,0,0.257,0.323,0.444,0.767,9,18,R,A.Nola(25)
5,6,6,Apr 4,@,NYM,"W,4-0",37,30,4,5,1,0,1,4,4,0,11,1,1,1,0,0,1,0,0.244,0.316,0.423,0.738,6,15,R,N.Syndergaard(66)
6,7,7,Apr 6,@,NYM,"L,5-6",39,32,5,7,1,0,2,4,6,0,11,0,1,0,0,0,0,1,0.24,0.319,0.425,0.744,7,16,L,S.Matz(67)
7,8,8,Apr 7,@,NYM,"W,12-9",46,32,12,8,1,0,1,11,12,1,9,1,0,1,0,2,1,0,0.242,0.34,0.419,0.759,7,15,R,Z.Wheeler(23)
8,9,9,Apr 8,@,PHI,"L,3-4",33,33,3,7,2,0,2,3,0,0,5,0,0,0,0,0,0,0,0.238,0.327,0.423,0.75,3,14,R,V.Velasquez(53)
9,10,10,Apr 9,@,PHI,"W,10-6",46,42,10,14,3,0,4,10,3,0,7,0,0,1,1,2,0,0,0.25,0.332,0.456,0.788,6,16,R,A.Nola(43)
10,11,11,Apr 10,@,PHI,"W,15-1",51,44,15,17,3,1,0,14,6,0,11,0,0,1,2,1,0,0,0.266,0.346,0.461,0.807,9,14,R,N.Pivetta(22)
11,12,12,Apr 12,,PIT,"L,3-6",41,36,3,7,3,0,2,3,3,0,6,1,1,0,0,0,0,0,0.26,0.34,0.46,0.8,8,16,R,T.Williams(57)
12,13,13,Apr 13,,PIT,"W,3-2",30,28,3,6,1,0,2,3,2,0,10,0,0,0,0,2,0,0,0.257,0.336,0.46,0.796,3,12,R,C.Archer(72)
13,14,14,Apr 14,,PIT,"L,3-4",39,36,3,11,1,0,0,3,3,0,8,0,0,0,0,2,1,0,0.26,0.338,0.45,0.788,9,12,R,J.Taillon(49)
14,15,15,Apr 16,,SFG,"L,3-7",38,33,3,8,3,0,1,3,5,0,10,0,0,0,0,0,0,2,0.259,0.338,0.449,0.787,8,16,R,D.Rodriguez(56)
15,16,16,Apr 17,,SFG,"W,9-6",40,33,9,11,0,0,4,9,5,1,8,1,1,0,0,1,1,0,0.264,0.344,0.464,0.808,7,16,R,J.Samardzija(46)
16,17,17,Apr 18,,SFG,"W,4-2",37,30,4,8,5,0,1,4,5,0,12,1,1,0,0,1,1,0,0.264,0.346,0.467,0.814,9,12,L,D.Pomeranz(40)
17,18,18,Apr 19,@,MIA,"L,2-3",33,32,2,6,1,0,1,2,1,0,13,0,0,0,0,1,1,0,0.26,0.34,0.459,0.799,4,14,L,C.Smith(66)
18,19,19,Apr 20,@,MIA,"L,3-9",39,35,3,10,4,0,0,3,3,0,11,1,0,0,0,1,0,0,0.261,0.341,0.456,0.797,9,14,R,J.Urena(49)
19,20,20,Apr 21,@,MIA,"W,5-0",37,33,5,9,1,0,3,5,3,0,11,0,0,1,0,1,0,1,0.262,0.34,0.462,0.802,5,12,R,T.Richards(54)
20,21,21,Apr 22,@,COL,"L,5-7",35,30,5,6,1,0,1,5,4,0,6,0,1,0,0,2,2,0,0.259,0.338,0.456,0.795,3,14,L,T.Anderson(32)
21,22,22,Apr 23,@,COL,"W,6-3",41,36,6,10,2,1,0,6,3,0,11,1,0,1,0,0,2,0,0.26,0.338,0.453,0.792,8,15,R,J.Hoffman(45)
22,23,23,Apr 24,@,COL,"L,5-9",41,39,5,12,3,0,1,5,2,0,10,0,0,0,0,0,0,0,0.262,0.339,0.454,0.792,9,13,R,G.Marquez(54)
23,24,24,Apr 26,,SDP,"L,3-4",36,33,3,6,0,0,2,3,2,0,13,1,0,0,1,1,3,0,0.259,0.335,0.45,0.785,6,15,L,M.Strahm(64)
24,25,25,Apr 27,,SDP,"L,3-8",41,34,3,5,0,0,2,3,6,0,11,0,1,0,0,0,0,0,0.255,0.333,0.445,0.777,8,16,L,E.Lauer(60)
25,26,26,Apr 28,,SDP,"W,7-6",50,46,7,14,0,0,4,7,4,0,14,0,0,0,2,1,1,0,0.257,0.334,0.451,0.785,13,17,L,J.Lucchesi(30)
26,27,27,Apr 29,,STL,"L,3-6",37,31,3,4,0,0,0,3,6,0,9,0,0,0,0,0,0,0,0.253,0.332,0.44,0.772,7,14,R,M.Wacha(49)
27,28,28,Apr 30,,STL,"L,2-3",38,34,2,7,0,0,2,2,2,1,8,2,0,0,1,1,0,0,0.251,0.33,0.438,0.768,9,17,R,A.Wainwright(56)
28,29,29,May 1,,STL,"L,1-5",37,36,1,9,1,0,0,1,1,0,7,0,0,0,0,0,0,0,0.251,0.328,0.432,0.761,9,14,R,M.Mikolas(57)
29,30,30,May 2,,STL,"W,2-1",31,29,2,5,0,0,0,0,2,0,11,0,0,0,1,1,0,0,0.249,0.326,0.425,0.751,5,13,R,D.Hudson(63)
30,31,31,May 3,@,PHI,"L,2-4",36,33,2,6,1,1,1,2,3,0,12,0,0,0,0,0,1,0,0.247,0.323,0.423,0.746,7,13,R,J.Eickhoff(61)
31,32,32,May 4,@,PHI,"W,10-8",43,38,10,13,0,0,3,7,2,1,8,1,1,1,1,1,0,0,0.25,0.325,0.429,0.754,6,18,R,J.Arrieta(58)
32,33,33,May 5,@,PHI,"L,1-7",34,32,1,6,0,0,1,1,2,0,9,0,0,0,0,0,0,1,0.248,0.323,0.424,0.747,6,12,R,Z.Eflin(68)
33,34,34,May 6,@,MIL,"L,3-5",36,31,3,5,0,0,2,3,2,0,10,2,1,0,1,1,1,0,0.246,0.321,0.423,0.744,6,16,R,J.Chacin(54)
34,35,35,May 7,@,MIL,"L,0-6",36,32,0,5,0,0,0,0,3,0,10,1,0,0,1,1,0,0,0.244,0.319,0.415,0.735,9,14,R,A.Houser(55)
35,36,36,May 8,@,MIL,"L,3-7",37,34,3,8,2,0,0,3,1,0,15,0,0,2,1,0,0,0,0.243,0.317,0.412,0.729,7,16,R,B.Woodruff(69)
36,37,37,May 9,@,LAD,"W,6-0",40,35,6,9,2,0,1,6,3,0,7,1,1,0,2,0,2,1,0.244,0.318,0.412,0.729,7,12,L,R.Hill(48)
37,38,38,May 10,@,LAD,"L,0-5",34,31,0,4,0,0,0,0,2,0,7,1,0,0,0,0,0,0,0.241,0.315,0.405,0.72,7,14,R,K.Maeda(74)
38,39,39,May 11,@,LAD,"W,5-2",36,33,5,7,1,0,1,5,2,0,10,0,1,0,0,0,0,0,0.24,0.314,0.403,0.717,4,14,R,W.Buehler(75)
39,40,40,May 12,@,LAD,"L,0-6",29,28,0,1,1,0,0,0,1,0,10,0,0,0,0,0,0,0,0.236,0.309,0.396,0.705,2,13,L,H.Ryu(88)
40,41,41,May 14,,NYM,"L,2-6",32,30,2,5,1,0,1,2,1,0,9,1,0,0,0,2,0,0,0.235,0.307,0.394,0.701,3,14,R,N.Syndergaard(71)
41,42,42,May 15,,NYM,"W,5-1",33,31,5,9,3,0,1,5,2,0,5,0,0,0,0,1,0,1,0.236,0.308,0.396,0.704,4,10,R,W.Font(25)
42,43,43,May 16,,NYM,"W,7-6",40,35,7,12,3,0,1,6,5,1,8,0,0,0,0,1,1,0,0.238,0.31,0.399,0.709,9,18,R,Z.Wheeler(30)
43,44,44,May 17,,CHC,"L,6-14",44,38,6,13,3,0,1,5,5,0,5,1,0,0,0,1,1,0,0.241,0.314,0.402,0.715,11,18,L,C.Hamels(47)
44,45,45,May 18,,CHC,"W,5-2",39,33,5,11,3,0,1,5,5,1,7,0,1,0,0,0,1,1,0.243,0.316,0.404,0.72,10,11,L,J.Lester(25)
45,46,46,May 19,,CHC,"L,5-6",37,35,5,9,1,0,2,5,2,0,7,0,0,0,0,0,0,0,0.243,0.316,0.405,0.721,5,15,R,K.Hendricks(43)
46,47,47,May 20,@,NYM,"L,3-5",38,32,3,7,2,0,1,3,5,0,6,1,0,0,0,2,0,0,0.243,0.316,0.405,0.721,8,15,R,W.Font(47)
47,48,48,May 21,@,NYM,"L,5-6",37,32,5,8,2,0,2,5,3,1,9,0,2,0,0,0,1,1,0.243,0.316,0.407,0.723,5,16,R,Z.Wheeler(61)
48,49,49,May 22,@,NYM,"L,1-6",33,30,1,3,0,0,1,1,3,0,10,0,0,0,0,0,0,0,0.24,0.314,0.403,0.717,5,15,R,J.deGrom(69)
49,50,50,May 23,@,NYM,"L,4-6",40,37,4,13,4,1,0,3,3,1,11,0,0,0,0,2,2,0,0.243,0.316,0.405,0.721,9,12,L,S.Matz(53)
50,51,51,May 24,,MIA,"W,12-10",43,37,12,14,4,0,4,11,5,0,8,1,0,0,1,2,0,0,0.246,0.319,0.414,0.733,7,18,R,P.Lopez(31)
51,52,52,May 25,,MIA,"W,5-0",36,30,5,7,2,0,0,4,5,0,3,1,0,0,0,1,0,0,0.246,0.32,0.412,0.732,7,9,R,S.Alcantara(37)
52,53,53,May 26,,MIA,"W,9-6",43,39,9,15,4,1,1,9,2,1,5,1,0,1,1,0,0,0,0.249,0.322,0.416,0.738,10,14,L,C.Smith(28)
53,54,54,May 27,,MIA,"L,2-3",34,30,2,5,2,0,0,2,3,0,5,0,0,1,0,1,0,0,0.247,0.32,0.413,0.734,5,15,R,J.Urena(64)
54,55,55,May 28,@,ATL,"W,5-4",44,35,5,11,2,0,1,5,6,1,8,2,1,0,0,0,1,0,0.249,0.323,0.414,0.737,12,12,L,M.Fried(37)
55,56,56,May 29,@,ATL,"W,14-4",49,41,14,15,2,2,2,14,6,0,8,1,0,1,0,0,1,0,0.251,0.326,0.419,0.745,8,11,R,K.Gausman(4)
56,57,57,May 31,@,CIN,"L,3-9",36,32,3,7,1,0,1,3,3,0,10,0,1,0,0,1,0,0,0.251,0.325,0.418,0.743,6,14,R,T.Mahle(51)
57,58,58,Jun 1,@,CIN,"W,5-2",37,35,5,8,0,0,3,5,2,0,8,0,0,0,0,0,1,0,0.25,0.324,0.419,0.744,5,15,R,T.Roark(49)
58,59,59,Jun 2,@,CIN,"W,4-1",40,34,4,9,2,0,0,4,5,1,8,0,1,0,0,1,0,0,0.25,0.325,0.418,0.743,9,10,R,S.Gray(52)
59,60,60,Jun 4,,CHW,"W,9-5",39,32,9,9,5,0,3,9,6,0,6,1,0,0,0,1,0,0,0.251,0.326,0.423,0.749,6,16,R,R.Lopez(28)
60,61,61,Jun 5,,CHW,"W,6-4",37,33,6,9,3,0,1,5,3,0,8,0,0,1,3,1,0,1,0.251,0.326,0.423,0.749,7,16,R,D.Covey(48)
61,62,62,Jun 6,@,SDP,"L,4-5",35,32,4,4,2,0,1,4,3,0,11,0,0,0,1,0,0,0,0.249,0.324,0.421,0.745,4,15,L,J.Lucchesi(45)
62,63,63,Jun 7,@,SDP,"L,4-5",36,33,4,10,2,1,0,3,0,0,6,1,2,0,0,1,0,0,0.25,0.324,0.421,0.745,5,14,L,N.Margevicius(58)
63,64,64,Jun 8,@,SDP,"W,4-1",36,32,4,7,1,0,1,4,3,0,7,0,1,0,0,1,0,0,0.25,0.324,0.42,0.744,5,13,L,E.Lauer(51)
64,65,65,Jun 9,@,SDP,"W,5-2",36,34,5,8,1,0,4,5,1,0,5,1,0,0,1,2,0,0,0.249,0.323,0.423,0.746,4,13,R,L.Perdomo(54)
65,66,66,Jun 10,@,CHW,"W,12-1",46,40,12,16,4,1,2,12,5,0,5,0,0,1,0,0,0,2,0.252,0.326,0.428,0.753,7,10,R,O.Despaigne(46)
66,67,67,Jun 11,@,CHW,"L,5-7",43,36,5,9,1,0,2,5,5,0,5,2,0,0,0,0,1,0,0.252,0.326,0.428,0.754,11,10,L,M.Banuelos(45)
67,68,68,Jun 13,,ARI,"L,0-5",29,28,0,3,0,0,0,0,0,0,6,1,0,0,0,1,0,0,0.25,0.324,0.424,0.748,2,13,R,Z.Greinke(77)
68,69,69,Jun 14,,ARI,"W,7-3",35,30,7,8,1,0,2,7,2,0,7,0,1,2,1,0,3,0,0.251,0.324,0.425,0.749,4,13,L,R.Ray(46)
69,70,70,Jun 15,,ARI,"L,3-10",37,36,3,10,1,1,2,3,0,0,10,0,0,1,0,0,0,0,0.251,0.323,0.427,0.75,7,15,R,T.Clarke(44)
70,71,71,Jun 16,,ARI,"W,15-5",43,36,15,15,0,0,4,15,5,0,8,1,1,0,0,1,1,1,0.253,0.326,0.432,0.757,4,16,R,A.Bradley(28)
71,72,72,Jun 19 (1),,PHI,"W,6-2",36,33,6,8,4,0,2,6,3,2,9,0,0,0,1,0,1,0,0.253,0.326,0.433,0.759,6,12,R,Z.Eflin(56)
72,73,73,Jun 19 (2),,PHI,"W,2-0",30,27,2,4,0,0,2,2,3,0,4,0,0,0,0,1,2,0,0.252,0.325,0.432,0.757,4,12,R,J.Arrieta(66)
73,74,74,Jun 20,,PHI,"W,7-4",36,30,7,10,2,0,3,7,5,0,2,0,1,0,0,2,0,0,0.253,0.326,0.436,0.762,5,17,R,N.Pivetta(29)
74,75,75,Jun 21,,ATL,"W,4-3",37,32,4,8,1,2,1,4,2,1,6,2,1,0,1,0,0,0,0.253,0.326,0.436,0.762,9,15,L,D.Keuchel(40)
75,76,76,Jun 22,,ATL,"L,9-13",42,35,9,11,0,1,1,8,5,1,12,1,0,1,0,1,1,0,0.254,0.327,0.437,0.764,6,16,R,M.Foltynewicz(14)
76,77,77,Jun 23,,ATL,"L,3-4",40,37,3,10,0,0,1,3,2,0,6,0,1,0,0,2,1,0,0.254,0.327,0.436,0.762,7,18,R,M.Soroka(55)
77,78,78,Jun 25,@,MIA,"W,6-1",37,35,6,8,0,0,1,6,2,0,11,0,0,0,0,0,0,0,0.254,0.326,0.434,0.76,4,11,R,T.Richards(30)
78,79,79,Jun 26,@,MIA,"W,7-5",42,33,7,7,1,0,1,5,6,0,12,2,0,1,0,0,1,0,0.253,0.327,0.433,0.759,8,13,R,Z.Gallen(53)
79,80,80,Jun 27,@,MIA,"W,8-5",39,37,8,10,4,0,4,8,1,0,4,1,0,0,1,0,2,1,0.254,0.326,0.436,0.763,4,12,R,S.Alcantara(34)
80,81,81,Jun 28,@,DET,"W,3-1",36,33,3,7,2,0,1,3,3,0,6,0,0,0,0,0,1,0,0.253,0.326,0.435,0.761,6,9,L,D.Norris(51)
81,82,82,Jun 29,@,DET,"L,5-7",37,34,5,9,1,0,1,4,2,0,8,0,1,0,0,0,0,1,0.253,0.326,0.435,0.76,5,10,L,G.Soto(41)
82,83,83,Jun 30,@,DET,"W,2-1",39,34,2,7,1,0,1,2,5,0,6,0,0,0,0,0,3,0,0.253,0.325,0.433,0.759,10,9,R,J.Zimmermann(62)
83,84,84,Jul 2,,MIA,"W,3-2",37,35,3,8,2,1,1,3,2,0,8,0,0,0,1,0,0,1,0.252,0.325,0.433,0.758,8,13,R,Z.Gallen(43)
84,85,85,Jul 3,,MIA,"W,3-1",35,29,3,7,2,0,2,3,5,0,6,1,0,0,1,2,1,1,0.252,0.325,0.434,0.759,8,11,R,S.Alcantara(54)
85,86,86,Jul 4,,MIA,"W,5-2",36,32,5,8,2,0,2,5,2,1,9,2,0,0,1,0,1,0,0.252,0.325,0.435,0.76,7,16,R,E.Hernandez(46)
86,87,87,Jul 5,,KCR,"L,4-7",56,42,4,13,3,0,1,4,11,2,6,1,2,0,0,2,0,0,0.253,0.328,0.435,0.763,19,20,R,B.Keller(50)
87,88,88,Jul 6,,KCR,"W,6-0",35,32,6,12,2,0,1,5,2,0,6,0,0,1,0,1,2,1,0.254,0.328,0.436,0.765,5,12,R,G.Sparkman(39)
88,89,89,Jul 7,,KCR,"W,5-2",34,31,5,8,3,0,2,5,3,0,6,0,0,0,1,2,0,0,0.254,0.328,0.437,0.766,5,13,R,J.Junis(63)
89,90,90,Jul 12,@,PHI,"W,4-0",41,34,4,9,2,0,0,4,4,1,4,0,1,2,1,0,0,0,0.254,0.328,0.436,0.764,10,13,R,N.Pivetta(43)
90,91,91,Jul 13,@,PHI,"W,4-3",41,36,4,9,2,0,1,3,5,0,10,0,0,0,1,0,1,0,0.254,0.328,0.436,0.764,10,19,R,A.Nola(63)
91,92,92,Jul 14,@,PHI,"L,3-4",36,30,3,7,1,0,0,3,4,0,9,1,1,0,0,2,0,1,0.254,0.329,0.434,0.763,6,14,R,J.Arrieta(55)
92,93,93,Jul 16,@,BAL,"W,8-1",43,39,8,12,3,0,2,7,2,0,12,2,0,0,0,0,3,0,0.255,0.329,0.435,0.764,8,9,R,A.Wojciechowski(51)
93,94,94,Jul 17,@,BAL,"L,2-9",36,31,2,5,2,0,0,2,3,0,3,1,0,1,1,1,3,0,0.254,0.328,0.433,0.761,7,10,R,A.Brooks(48)
94,95,95,Jul 18,@,ATL,"W,13-4",49,41,13,16,6,1,1,13,7,0,8,0,0,1,0,1,1,0,0.256,0.33,0.436,0.766,9,14,R,K.Wright(16)
95,96,96,Jul 19,@,ATL,"L,3-4",35,34,3,7,1,0,1,3,1,0,10,0,0,0,0,0,0,0,0.255,0.329,0.435,0.764,5,15,R,J.Teheran(62)
96,97,97,Jul 20,@,ATL,"W,5-3",41,36,5,12,2,0,1,5,5,1,6,0,0,0,0,3,1,0,0.256,0.33,0.435,0.765,9,13,R,M.Soroka(40)
97,98,98,Jul 21,@,ATL,"L,1-7",32,32,1,6,0,0,0,1,0,0,8,0,0,0,0,1,0,0,0.255,0.329,0.433,0.762,4,15,R,K.Gausman(71)
98,99,99,Jul 23,,COL,"W,11-1",43,40,11,17,4,1,1,10,2,0,9,1,0,0,0,1,2,0,0.257,0.33,0.436,0.766,8,13,R,P.Lambert(45)
99,100,100,Jul 24 (1),,COL,"W,3-2",38,31,3,7,1,0,2,3,7,1,6,0,0,0,0,0,0,0,0.257,0.331,0.436,0.767,11,16,R,J.Gray(53)
100,101,101,Jul 24 (2),,COL,"W,2-0",32,30,2,6,3,0,1,1,2,0,6,0,0,0,1,0,1,0,0.257,0.33,0.435,0.766,6,14,L,K.Freeland(65)
101,102,102,Jul 25,,COL,"L,7-8",42,32,7,7,3,0,2,7,8,0,8,1,1,0,0,1,3,0,0.256,0.331,0.436,0.767,8,17,R,J.Hoffman(47)
102,103,103,Jul 26,,LAD,"L,2-4",41,36,2,10,1,0,0,2,3,0,6,1,1,0,1,0,1,0,0.256,0.331,0.435,0.766,12,15,L,H.Ryu(57)
103,104,104,Jul 27,,LAD,"L,3-9",35,29,3,5,0,1,1,3,5,0,12,0,0,1,0,2,0,0,0.256,0.331,0.434,0.764,5,13,L,C.Kershaw(64)
104,105,105,Jul 28,,LAD,"W,11-4",42,37,11,14,3,1,2,8,4,0,7,1,0,0,1,1,0,0,0.257,0.332,0.436,0.768,7,14,R,W.Buehler(33)
105,106,106,Jul 29,,ATL,"W,6-3",41,29,6,7,1,0,1,6,10,0,7,1,1,0,0,0,1,1,0.257,0.333,0.436,0.769,11,14,L,D.Keuchel(40)
106,107,107,Jul 30,,ATL,"L,8-11",44,38,8,12,2,0,3,8,5,0,7,0,1,0,0,0,0,0,0.258,0.334,0.438,0.771,9,15,R,J.Teheran(56)
107,108,108,Jul 31,,ATL,"L,4-5",39,34,4,8,1,0,2,3,5,0,4,0,0,0,0,2,0,0,0.257,0.334,0.438,0.771,5,16,R,M.Soroka(67)
108,109,109,Aug 2,@,ARI,"W,3-0",35,31,3,4,2,0,1,3,3,1,11,1,0,0,0,0,1,0,0.256,0.333,0.436,0.769,5,13,L,A.Young(64)
109,110,110,Aug 3,@,ARI,"L,7-18",42,36,7,11,1,2,1,7,3,0,7,2,0,1,0,1,0,0,0.257,0.333,0.437,0.771,8,14,L,R.Ray(44)
110,111,111,Aug 4,@,ARI,"L,5-7",40,34,5,9,0,0,2,4,4,1,5,1,1,0,0,0,0,0,0.257,0.334,0.437,0.771,8,13,R,T.Clarke(51)
111,112,112,Aug 5,@,SFG,"W,4-0",41,33,4,6,1,0,0,2,8,0,8,0,0,0,0,0,3,0,0.256,0.334,0.435,0.769,10,13,R,J.Samardzija(52)
112,113,113,Aug 6,@,SFG,"W,5-3",36,32,5,8,1,0,2,5,3,0,5,0,0,1,1,2,1,1,0.256,0.333,0.436,0.769,4,14,L,C.Menez(41)
113,114,114,Aug 7,@,SFG,"W,4-1",38,33,4,9,1,0,1,4,3,0,5,2,0,0,0,2,0,0,0.256,0.334,0.435,0.769,7,14,R,S.Anderson(34)
114,115,115,Aug 9,@,NYM,"L,6-7",41,38,6,13,1,1,2,5,3,1,14,0,0,0,0,1,3,1,0.257,0.334,0.437,0.771,8,12,R,M.Stroman(44)
115,116,116,Aug 10,@,NYM,"L,3-4",35,33,3,8,0,0,2,3,2,0,8,0,0,0,0,2,2,0,0.257,0.334,0.437,0.771,5,14,R,N.Syndergaard(58)
116,117,117,Aug 11,@,NYM,"W,7-4",41,37,7,10,1,0,1,4,3,0,15,1,0,0,1,0,1,0,0.257,0.334,0.436,0.77,7,18,R,J.deGrom(59)
117,118,118,Aug 12,,CIN,"W,7-6",37,33,7,11,3,0,2,7,4,0,5,0,0,0,0,1,0,1,0.258,0.335,0.438,0.772,6,14,R,A.DeSclafani(27)
118,119,119,Aug 13,,CIN,"W,3-1",30,28,3,6,2,0,2,2,2,0,8,0,0,0,0,1,0,1,0.257,0.334,0.438,0.772,3,13,L,A.Wood(47)
119,120,120,Aug 14,,CIN,"W,17-7",44,38,17,17,4,0,3,17,4,0,9,0,1,1,0,1,2,0,0.259,0.336,0.441,0.777,3,12,R,T.Bauer(13)
120,121,121,Aug 16,,MIL,"W,2-1",32,26,2,3,2,0,0,2,3,0,4,2,1,0,0,0,2,0,0.258,0.335,0.44,0.775,6,13,R,A.Houser(71)
121,122,122,Aug 17,,MIL,"L,14-15",69,58,14,18,6,0,4,13,10,2,13,0,0,1,1,2,1,0,0.259,0.336,0.442,0.778,13,22,R,J.Lyles(29)
122,123,123,Aug 18,,MIL,"W,16-8",46,40,16,19,2,1,8,16,4,0,3,0,2,0,0,1,0,0,0.261,0.338,0.449,0.787,6,13,R,C.Anderson(-2)
123,124,124,Aug 19,@,PIT,"W,13-0",45,39,13,15,7,0,4,13,4,0,11,1,0,1,0,2,0,0,0.262,0.339,0.453,0.792,5,14,R,T.Williams(14)
124,125,125,Aug 20,@,PIT,"L,1-4",36,30,1,6,1,0,0,1,5,0,8,1,0,0,0,1,1,1,0.262,0.339,0.452,0.79,8,12,R,C.Archer(51)
125,126,126,Aug 21,@,PIT,"W,11-1",47,40,11,12,5,0,1,11,7,0,3,0,0,0,0,0,0,0,0.262,0.339,0.452,0.791,9,11,R,J.Musgrove(30)
126,127,127,Aug 22,@,PIT,"W,7-1",44,41,7,14,5,0,2,6,3,0,9,0,0,0,0,0,1,0,0.263,0.34,0.453,0.793,10,16,L,S.Brault(53)
127,128,128,Aug 23,@,CHC,"W,9-3",44,38,9,14,2,0,2,8,3,0,9,1,1,1,1,1,1,0,0.264,0.341,0.455,0.795,8,10,L,J.Lester(22)
128,129,129,Aug 24,@,CHC,"W,7-2",45,34,7,9,1,0,0,7,9,1,6,1,0,1,1,0,3,2,0.264,0.341,0.453,0.795,11,17,L,J.Quintana(30)
129,130,130,Aug 25,@,CHC,"W,7-5",49,45,7,14,2,0,1,5,4,0,6,0,0,0,0,2,3,0,0.264,0.341,0.453,0.795,9,16,L,C.Hamels(47)
130,131,131,Aug 27,,BAL,"L,0-2",35,31,0,4,0,1,0,0,3,0,11,1,0,0,0,0,1,0,0.263,0.341,0.451,0.792,8,13,R,A.Brooks(73)
131,132,132,Aug 28,,BAL,"W,8-4",38,35,8,13,3,1,1,8,1,0,4,1,1,0,1,1,0,0,0.264,0.341,0.452,0.794,6,17,R,A.Wojciechowski(33)
132,133,133,Aug 30,,MIA,"W,7-6",39,33,7,9,4,0,0,7,5,1,6,0,1,0,0,0,0,0,0.264,0.341,0.452,0.793,7,18,R,E.Hernandez(45)
133,134,134,Aug 31,,MIA,"W,7-0",33,30,7,8,2,0,4,7,0,0,3,2,1,0,0,0,0,0,0.264,0.341,0.454,0.795,2,10,R,P.Lopez(24)
134,135,135,Sep 1,,MIA,"W,9-3",37,34,9,9,3,0,4,8,2,0,7,1,0,0,2,1,1,0,0.264,0.341,0.456,0.797,4,14,L,C.Smith(32)
135,136,136,Sep 2,,NYM,"L,3-7",33,32,3,5,1,0,1,3,1,0,12,0,0,0,0,0,1,0,0.264,0.34,0.454,0.795,3,15,R,N.Syndergaard(81)
136,137,137,Sep 3,,NYM,"W,11-10",42,37,11,15,5,0,2,11,3,0,6,1,1,0,0,2,1,0,0.265,0.341,0.456,0.797,6,17,R,J.deGrom(48)
137,138,138,Sep 4,,NYM,"L,4-8",43,38,4,11,2,0,0,4,5,0,6,0,0,0,0,0,0,0,0.265,0.341,0.456,0.797,12,15,R,Z.Wheeler(50)
138,139,139,Sep 5,@,ATL,"L,2-4",32,30,2,3,0,0,1,2,2,0,10,0,0,0,0,0,0,0,0.264,0.34,0.454,0.794,3,14,L,M.Fried(84)
139,140,140,Sep 6,@,ATL,"L,3-4",37,35,3,9,0,0,1,3,2,0,8,0,0,0,0,1,0,0,0.264,0.34,0.453,0.793,7,15,L,D.Keuchel(61)
140,141,141,Sep 7,@,ATL,"L,4-5",35,29,4,5,3,0,1,3,5,0,10,1,0,0,0,1,0,0,0.263,0.34,0.453,0.792,4,20,R,J.Teheran(69)
141,142,142,Sep 8,@,ATL,"W,9-4",44,42,9,17,5,0,4,9,2,0,12,0,0,0,0,2,1,0,0.264,0.34,0.456,0.796,8,16,R,M.Soroka(48)
142,143,143,Sep 10,@,MIN,"L,0-5",29,28,0,2,0,0,0,0,1,0,6,0,0,0,0,1,0,0,0.263,0.339,0.454,0.793,2,9,R,J.Berrios(76)
143,144,144,Sep 11,@,MIN,"W,6-2",39,36,6,9,2,0,2,6,3,0,8,0,0,0,0,0,0,0,0.263,0.339,0.454,0.793,6,10,L,M.Perez(36)
144,145,145,Sep 12,@,MIN,"W,12-6",47,39,12,14,3,1,4,11,6,0,9,2,0,0,0,1,2,0,0.264,0.34,0.456,0.796,8,11,R,K.Gibson(27)
145,146,146,Sep 13,,ATL,"L,0-5",32,29,0,3,3,0,0,0,3,0,6,0,0,0,0,1,0,0,0.263,0.339,0.455,0.794,5,14,R,M.Soroka(71)
146,147,147,Sep 14,,ATL,"L,1-10",34,31,1,6,1,1,0,1,2,0,7,1,0,0,0,1,0,1,0.263,0.339,0.454,0.793,6,17,R,M.Foltynewicz(64)
147,148,148,Sep 15,,ATL,"W,7-0",37,29,7,10,1,0,1,6,7,0,6,0,1,0,0,4,0,0,0.263,0.34,0.454,0.794,6,12,L,M.Fried(24)
148,149,149,Sep 16,@,STL,"L,2-4",33,30,2,5,0,0,1,2,2,0,1,0,1,0,0,0,0,0,0.263,0.339,0.453,0.792,4,14,R,D.Hudson(58)
149,150,150,Sep 17,@,STL,"W,6-2",42,35,6,12,3,1,1,6,4,1,7,1,0,2,0,1,4,0,0.263,0.339,0.454,0.793,9,12,R,M.Mikolas(47)
150,151,151,Sep 18,@,STL,"L,1-5",37,35,1,9,1,0,0,1,2,0,3,0,0,0,1,1,0,0,0.263,0.339,0.453,0.792,9,11,R,A.Wainwright(61)
151,152,152,Sep 20,@,MIA,"W,6-4",36,33,6,7,0,0,3,6,3,0,6,0,0,0,0,0,0,0,0.263,0.339,0.453,0.792,3,15,R,R.Dugger(47)
152,153,153,Sep 21,@,MIA,"W,10-4",51,45,10,16,3,0,0,10,6,1,10,0,0,0,0,1,2,0,0.263,0.34,0.453,0.792,11,17,R,J.Yamamoto(43)
153,154,154,Sep 22,@,MIA,"L,3-5",39,32,3,6,0,0,0,3,7,1,5,0,0,0,0,1,0,0,0.263,0.34,0.451,0.79,9,15,R,P.Lopez(40)
154,155,155,Sep 23,,PHI,"W,7-2",41,32,7,10,1,0,3,7,9,0,7,0,0,0,0,1,0,0,0.263,0.34,0.452,0.792,10,14,R,Z.Eflin(29)
155,156,156,Sep 24 (1),,PHI,"W,4-1",35,28,4,7,3,0,0,3,4,0,12,0,1,2,0,0,0,0,0.263,0.34,0.451,0.792,7,16,R,B.Parker(58)
156,157,157,Sep 24 (2),,PHI,"W,6-5",35,28,6,7,1,0,2,6,4,0,9,1,1,1,0,0,0,0,0.263,0.34,0.452,0.792,5,13,R,A.Nola(44)
157,158,158,Sep 25,,PHI,"W,5-2",34,31,5,8,1,0,2,5,1,0,11,0,0,2,1,0,0,0,0.263,0.34,0.452,0.792,5,13,L,D.Smyly(67)
158,159,159,Sep 26,,PHI,"W,6-3",39,31,6,9,3,0,2,4,7,1,11,0,0,1,0,0,2,0,0.263,0.34,0.453,0.793,9,14,L,J.Vargas(31)
159,160,160,Sep 27,,CLE,"W,8-2",38,33,8,11,3,0,2,8,4,0,9,0,0,1,0,0,0,0,0.264,0.341,0.454,0.794,6,14,R,Z.Plesac(52)
160,161,161,Sep 28,,CLE,"W,10-7",40,34,10,11,3,0,1,10,5,1,8,1,0,0,0,0,0,1,0.264,0.341,0.454,0.795,6,17,R,A.Plutko(9)
161,162,162,Sep 29,,CLE,"W,8-2",39,37,8,14,3,0,1,8,2,0,8,0,0,0,0,1,5,0,0.265,0.342,0.454,0.796,7,18,R,M.Clevinger(33)
