,index,Rk,Gtm,Date,Unnamed: 3,Opp,Rslt,IP,H,R,ER,UER,BB,SO,HR,HBP,ERA,BF,Pit,Str,IR,IS,SB,CS,AB,2B,3B,IBB,SH,SF,ROE,GDP,#,Umpire,Pitchers Used (Rest-GameScore-Dec)
0,0,1,1,Apr 2,@,TBD,"L,5-9",8.0,12,9,7,2,5,6,0,1,7.88,44,156,98,5.0,3.0,0,0,36,4,0,1,2,0,2,0,4,Dale Scott,"J.Weaver (99-41), M.Miller (99-BSv), J.Acevedo (99-L), D.Patterson (99)"
1,1,2,2,Apr 3,@,TBD,"L,1-2",11.1,10,2,2,0,3,11,0,0,4.19,47,168,106,2.0,0.0,1,0,43,0,0,0,1,0,0,0,4,Jim Joyce,"S.Sparks (99-63), J.Paniagua (99), D.Patterson (0), J.Farnsworth (99-L)"
2,2,3,3,Apr 4,@,TBD,"L,2-9",8.0,10,9,9,0,7,5,4,0,5.93,39,146,83,7.0,4.0,1,0,32,2,0,1,0,0,0,1,5,Chris Guccione,"J.Lima (99-29-L), T.Pearson (99), M.Miller (1), J.Farnsworth (0), M.Anderson (99)"
3,3,4,4,Apr 5,,CLE,"L,1-10",9.0,12,10,9,1,8,1,1,0,6.69,45,168,98,2.0,0.0,0,1,36,1,0,0,1,0,0,1,2,Derryl Cousins,"M.Redman (99-18-L), M.Perisho (99)"
4,4,5,5,Apr 6,,CLE,"L,3-5",9.0,10,5,4,1,7,7,1,0,6.15,44,172,103,1.0,0.0,2,2,37,2,0,0,0,0,2,0,3,Marty Foster,"N.Cornejo (99-38-L), J.Acevedo (3), M.Anderson (1)"
5,5,6,6,Apr 7,,CLE,"L,1-5",9.0,11,5,5,0,4,3,1,0,5.96,41,141,87,1.0,1.0,0,1,36,1,3,0,0,1,0,0,3,Andy Fletcher,"J.Weaver (4-49-L), J.Paniagua (3), T.Pearson (2)"
6,6,7,7,Apr 9,,CHW,"L,2-8",9.0,14,8,7,1,2,4,1,1,6.11,44,159,101,0.0,0.0,0,0,40,5,1,0,0,1,0,0,3,Doug Eddings,"S.Sparks (5-41-L), J.Farnsworth (4), T.Pearson (1)"
7,7,8,8,Apr 10,,CHW,"L,5-7",9.0,9,7,7,0,3,4,1,0,6.22,37,120,80,0.0,0.0,2,1,32,3,1,0,1,1,1,0,5,Mike Fichter,"J.Lima (5-28-L), J.Acevedo (3), M.Perisho (4), J.Paniagua (2), M.Anderson (3)"
8,8,9,9,Apr 12,@,MIN,"L,2-4",8.0,8,4,4,0,2,5,0,1,6.05,35,114,77,0.0,0.0,0,0,32,0,0,0,0,0,0,0,2,Wally Bell,"M.Redman (6-47-L), J.Paniagua (1)"
9,9,10,10,Apr 13,@,MIN,"L,3-7",8.0,9,7,4,3,2,3,0,1,5.91,36,143,95,4.0,1.0,2,0,32,3,0,0,0,1,1,0,4,CB Bucknor,"J.Weaver (5-45-L), J.Acevedo (2), M.Perisho (2), T.Pearson (3)"
10,10,11,11,Apr 14,@,MIN,"L,7-13",8.0,16,13,9,4,5,4,1,1,6.26,47,163,97,2.0,2.0,0,0,40,2,2,1,0,1,1,0,4,Mark Carlson,"S.Sparks (4-45), J.Paniagua (1-H), M.Anderson (3-BL), J.Acevedo (0)"
11,11,12,12,Apr 16,,TBD,"W,9-3",9.0,11,3,3,0,2,6,1,0,5.98,38,131,86,2.0,0.0,0,1,36,3,0,0,0,0,0,0,4,Jerry Crawford,"J.Lima (5-64-W), J.Walker (99), J.Paniagua (1), J.Acevedo (1)"
12,12,13,13,Apr 17,,TBD,"W,7-6",9.0,7,6,4,2,1,6,1,0,5.83,36,140,93,0.0,0.0,0,0,33,1,0,0,1,1,1,1,3,Mark Barron,"M.Redman (4-56), J.Acevedo (0-BSv), M.Anderson (2-W)"
13,13,14,14,Apr 18,,TBD,"L,4-6",9.0,14,6,5,1,1,1,1,0,5.76,42,139,89,2.0,1.0,0,1,40,3,0,0,0,1,1,0,4,Brian Gorman,"J.Weaver (4-29-L), M.Perisho (4), J.Paniagua (1), J.Farnsworth (8)"
14,14,15,15,Apr 19,@,CHW,"W,8-2",9.0,6,2,2,0,3,6,1,0,5.51,34,136,87,0.0,0.0,0,1,29,0,0,0,1,1,0,1,2,Gary Darling,"S.Sparks (4-66-W), J.Paniagua (0)"
15,15,16,16,Apr 20,@,CHW,"L,5-12",8.0,15,12,11,1,5,2,4,0,5.9,43,153,91,0.0,0.0,1,0,37,3,1,0,1,0,1,1,3,Paul Emmel,"N.Cornejo (13-24-L), M.Perisho (1), J.Farnsworth (1)"
16,16,17,17,Apr 21,@,CHW,"L,8-11",8.0,11,11,10,1,4,10,1,1,6.19,40,155,98,2.0,2.0,2,0,34,3,1,1,0,1,0,0,5,Tim Timmons,"J.Lima (4-8), J.Acevedo (3), J.Walker (4), J.Paniagua (1-L), M.Anderson (3)"
17,17,18,18,Apr 22,@,KCR,"L,0-6",8.0,9,6,6,0,3,4,2,1,6.22,36,125,80,0.0,0.0,0,0,32,3,1,0,0,0,1,0,2,Alfonso Marquez,"M.Redman (4-35-L), J.Santana (99)"
18,18,19,19,Apr 23,@,KCR,"W,3-0",9.0,5,0,0,0,1,2,0,0,5.88,31,110,68,,,0,0,30,3,0,0,0,0,0,0,1,Tim Welke,J.Weaver (4-78-W)
19,19,20,20,Apr 24,@,KCR,"L,2-8",8.0,12,8,7,1,2,0,0,0,5.97,37,115,74,3.0,2.0,1,0,34,4,0,0,0,1,1,1,4,Gary Cederstrom,"S.Sparks (4-30-L), J.Acevedo (2), J.Walker (2), M.Anderson (2)"
20,20,21,21,Apr 26,,MIN,"W,3-2",10.0,9,2,2,0,3,9,0,1,5.74,40,135,83,0.0,0.0,1,2,36,3,0,1,0,0,1,2,3,Mark Hirschbeck,"S.Greisinger (99-50), J.Acevedo (1), M.Anderson (1-W)"
21,21,22,22,Apr 27,,MIN,"W,5-1",9.0,9,1,1,0,1,8,1,1,5.52,38,119,85,,,0,0,36,2,0,0,0,0,0,0,1,Paul Schrieber,N.Cornejo (6-72-W)
22,22,23,23,Apr 28,,MIN,"W,5-4",9.0,9,4,4,0,4,8,1,0,5.45,41,155,92,2.0,1.0,0,0,37,3,1,0,0,0,2,1,5,Jim Reynolds,"M.Redman (5-66), J.Paniagua (6-H), J.Acevedo (1-H), J.Walker (3-BSv), J.Santana (5-W)"
23,23,24,24,Apr 29,,KCR,"L,0-4",9.0,10,4,4,0,4,5,0,0,5.39,39,141,87,5.0,2.0,1,1,35,2,0,1,0,0,0,1,3,Greg Gibson,"J.Weaver (5-50-L), J.Santana (0), J.Walker (0)"
24,24,25,25,Apr 30,,KCR,"W,9-3",9.0,2,3,3,0,2,3,1,0,5.29,32,119,79,,,1,0,29,0,1,0,0,1,1,0,1,Dan Iassogna,S.Sparks (5-72-W)
25,26,26,26,May 1,,KCR,"W,7-6",9.0,9,6,4,2,3,4,0,0,5.24,40,150,88,4.0,4.0,1,0,36,0,1,0,1,0,1,0,4,Gerry Davis,"S.Greisinger (4-35), J.Paniagua (2), J.Walker (1-BW), J.Acevedo (2-Sv)"
26,27,27,27,May 3,@,MIN,"L,4-8",8.0,13,8,8,0,2,3,1,0,5.37,38,126,81,1.0,1.0,0,1,36,2,0,0,0,0,1,1,4,Marty Foster,"N.Cornejo (5-29-L), J.Walker (1), J.Santana (3), J.Farnsworth (12)"
27,28,28,28,May 4,@,MIN,"L,2-3",8.2,4,3,2,1,8,5,0,1,5.25,38,151,82,1.0,0.0,2,1,27,1,0,1,1,1,1,1,3,Andy Fletcher,"M.Redman (5-64), J.Walker (0), F.Rodney (99-L)"
28,29,29,29,May 5,@,MIN,"W,7-6",9.0,10,6,4,2,5,7,1,2,5.21,43,183,115,5.0,3.0,2,0,36,1,0,0,0,0,0,1,4,Joe Brinkman,"J.Weaver (5-49-W), J.Walker (0), J.Paniagua (3-H), J.Acevedo (3-Sv)"
29,30,30,30,May 6,@,MIN,"L,1-3",8.0,11,3,3,0,3,4,0,1,5.15,38,125,78,,,0,1,33,1,0,0,0,1,0,0,1,Ed Montague,S.Sparks (5-49-L)
30,31,31,31,May 7,@,ANA,"W,3-0",9.0,5,0,0,0,3,3,0,0,4.98,34,142,81,1.0,0.0,1,0,31,1,0,1,0,0,0,0,3,Ron Kulpa,"S.Greisinger (5-68-W), J.Paniagua (1-H), J.Acevedo (1-Sv)"
31,32,32,32,May 8,@,ANA,"L,2-3",8.0,8,3,3,0,0,6,2,0,4.94,32,135,85,0.0,0.0,0,1,32,3,0,0,0,0,1,0,3,Dale Scott,"N.Cornejo (4-58), J.Walker (2), F.Rodney (3-L)"
32,33,33,33,May 9,@,ANA,"L,6-7",8.0,11,7,3,4,3,4,0,0,4.89,37,119,68,1.0,0.0,0,0,31,1,1,0,0,3,1,1,3,Jim Joyce,"M.Redman (4-36-L), J.Farnsworth (5), J.Paniagua (1)"
33,34,34,34,May 10,@,TEX,"L,0-2",8.0,5,2,2,0,1,5,0,1,4.82,32,111,77,1.0,0.0,0,0,28,3,0,0,2,0,1,0,2,Brian Runge,"J.Weaver (4-64-L), J.Walker (1)"
34,35,35,35,May 11,@,TEX,"L,6-10",8.0,14,10,10,0,2,3,3,1,4.99,41,136,91,0.0,0.0,1,0,38,4,1,0,0,0,0,0,5,Tim McClelland,"S.Sparks (4-11-L), J.Farnsworth (1), J.Santana (7), J.Paniagua (1), J.Lima (19)"
35,36,36,36,May 12,@,TEX,"L,1-5",8.0,10,5,5,0,4,2,0,0,5.01,37,150,92,3.0,1.0,1,0,32,3,0,1,1,0,0,1,4,Chuck Meriwether,"S.Greisinger (4-31-L), F.Rodney (3), J.Santana (0), J.Acevedo (4)"
36,37,37,37,May 14,,ANA,"L,2-9",9.0,14,9,9,0,2,9,2,0,5.12,43,149,102,3.0,2.0,0,0,40,4,1,0,0,1,1,1,5,Angel Hernandez,"N.Cornejo (5-24-L), J.Farnsworth (2), J.Walker (3), J.Santana (1), J.Paniagua (2)"
37,38,38,38,May 15,,ANA,"L,1-10",9.0,13,10,7,3,1,8,2,0,5.17,42,159,102,0.0,0.0,0,0,41,2,0,0,0,0,1,0,3,Laz Diaz,"M.Redman (5-37-L), J.Lima (3), F.Rodney (2)"
38,39,39,39,May 17,,TEX,"W,6-3",9.0,10,3,3,0,1,6,0,0,5.11,37,125,89,0.0,0.0,0,0,34,2,0,0,2,0,1,1,2,Tim Tschida,"J.Weaver (6-53-W), J.Acevedo (4-Sv)"
39,40,40,40,May 18,,TEX,"W,8-7",9.0,9,7,4,3,4,4,0,0,5.08,43,147,94,3.0,0.0,2,0,38,1,0,0,0,1,3,0,5,Mark Wegner,"S.Sparks (6-52), M.Anderson (21-BSv), J.Walker (3), J.Santana (3-W), J.Acevedo (0-Sv)"
40,41,41,41,May 19,,TEX,"W,2-1",9.0,6,1,1,0,1,2,0,0,4.98,33,116,76,2.0,0.0,0,0,32,2,0,0,0,0,1,1,3,Bill Welke,"S.Greisinger (6-59-W), J.Paniagua (4-H), J.Acevedo (0-Sv)"
41,42,42,42,May 20,,CLE,"W,4-3",9.0,10,3,3,0,6,5,1,0,4.93,39,156,91,3.0,0.0,1,0,33,0,0,0,0,0,0,4,3,Mike Reilly,"N.Cornejo (5-38), J.Santana (1-W), J.Walker (1-Sv)"
42,43,43,43,May 21,,CLE,"W,5-1",9.0,10,1,0,1,3,3,0,1,4.81,39,121,78,,,0,0,34,0,0,0,1,0,0,2,1,Jeff Kellogg,M.Redman (5-65-W)
43,44,44,44,May 22,,CLE,"W,2-0",9.0,1,0,0,0,2,11,0,2,4.7,32,125,83,,,0,0,28,1,0,0,0,0,1,1,1,Jerry Meals,J.Weaver (4-94-W)
44,45,45,45,May 24,@,CHW,"L,1-12",8.0,14,12,11,1,6,5,4,0,4.86,43,161,92,0.0,0.0,0,0,37,1,0,0,0,0,1,1,4,Lance Barksdale,"S.Sparks (5-13-L), J.Farnsworth (9), J.Paniagua (4), K.Keller (99)"
45,46,46,46,May 25,@,CHW,"L,4-6",8.0,9,6,6,0,1,6,1,0,4.89,34,131,83,0.0,0.0,0,0,32,2,0,0,1,0,0,0,2,Kerwin Danley,"S.Greisinger (5-41-L), J.Santana (4)"
46,47,47,47,May 26,@,CHW,"W,9-2",9.0,4,2,2,0,1,3,0,0,4.83,31,111,79,0.0,0.0,0,1,29,0,0,0,0,1,1,1,2,Mike Vanvleet,"A.Bernero (99-68-W), J.Acevedo (6)"
47,48,48,48,May 27,@,CLE,"W,4-1",9.0,4,1,1,0,1,3,1,0,4.75,30,120,76,,,0,0,29,0,0,0,0,0,0,2,1,Gary Cederstrom,M.Redman (5-77-W)
48,49,49,49,May 28,@,CLE,"L,2-4",8.0,8,4,4,0,2,6,1,0,4.74,35,147,94,0.0,0.0,0,0,33,2,0,0,0,0,1,0,2,Brian O'Nora,"J.Weaver (5-57-L), J.Santana (2)"
49,50,50,50,May 29,@,CLE,"W,9-5",9.0,11,5,5,0,3,3,0,2,4.75,41,138,87,3.0,0.0,0,0,36,3,0,0,0,0,0,0,4,Alfonso Marquez,"S.Sparks (4-32-W), J.Paniagua (4), J.Farnsworth (4), J.Acevedo (2-Sv)"
50,51,51,51,May 30,@,CLE,"L,7-11",8.0,14,11,11,0,4,5,5,0,4.89,41,173,109,1.0,0.0,1,0,36,2,0,0,0,1,0,0,4,Tim Welke,"S.Greisinger (4-19), J.Lima (14-L), J.Santana (1), J.Walker (9)"
51,52,52,52,May 31,,TOR,"L,2-4",9.0,5,4,3,1,2,4,1,1,4.85,36,102,71,0.0,0.0,0,0,32,0,1,0,1,0,1,0,3,Bill Miller,"A.Bernero (4-54-L), J.Walker (0), J.Paniagua (1)"
52,54,53,53,Jun 1,,TOR,"L,1-4",11.0,10,4,4,0,0,8,1,0,4.81,42,142,99,2.0,2.0,1,0,42,1,1,0,0,0,0,1,4,Bill Hohn,"M.Redman (4-70), J.Acevedo (2), D.Patterson (58-L), J.Walker (0)"
53,55,54,54,Jun 2,,TOR,"L,6-7",9.0,10,7,6,1,4,7,1,1,4.83,40,143,91,0.0,0.0,0,0,35,3,2,0,0,0,0,1,2,Fieldin Culbreth,"J.Weaver (4-33-L), J.Paniagua (1)"
54,56,55,55,Jun 3,,BOS,"W,7-6",10.0,12,6,6,0,2,9,1,0,4.85,43,158,101,1.0,0.0,1,0,41,2,0,0,0,0,0,1,4,Bruce Froemming,"S.Sparks (4-21), J.Farnsworth (4), J.Santana (3), J.Acevedo (1-W)"
55,57,56,56,Jun 4,,BOS,"L,5-10",9.0,13,10,10,0,3,4,1,1,4.94,44,138,89,2.0,0.0,1,0,39,6,0,0,0,1,0,0,5,Ed Rapuano,"S.Greisinger (4-31), J.Lima (4-L), J.Santana (0), J.Walker (2), J.Paniagua (1)"
56,58,57,57,Jun 5,,BOS,"L,0-11",9.0,16,11,11,0,6,8,0,0,5.05,47,179,110,5.0,3.0,0,0,41,3,0,0,0,0,0,2,4,Larry Poncino,"A.Bernero (4-1-L), S.Sparks (1), D.Patterson (3), J.Walker (0)"
57,59,58,58,Jun 6,,BOS,"L,3-4",9.0,14,4,4,0,0,2,0,1,5.03,40,135,87,0.0,0.0,0,1,39,3,0,0,0,0,0,1,2,Tony Randazzo,"M.Redman (4-36-L), J.Santana (1)"
58,60,59,59,Jun 7,,PHI,"L,1-11",9.0,15,11,11,0,4,5,3,1,5.14,46,143,92,0.0,0.0,0,0,41,4,1,0,0,0,0,0,5,Ron Kulpa,"J.Weaver (4-12-L), J.Farnsworth (3), J.Walker (1), D.Patterson (1), J.Paniagua (2)"
59,61,60,60,Jun 8,,PHI,"L,1-2",9.0,10,2,2,0,3,1,0,0,5.08,38,123,78,2.0,1.0,0,0,35,1,1,0,0,0,0,2,3,Jim Joyce,"M.Maroth (99-62), D.Patterson (0-BL), J.Acevedo (4)"
60,62,61,61,Jun 9,,PHI,"L,5-7",9.0,12,7,7,0,5,4,0,1,5.11,44,171,106,3.0,0.0,1,0,36,3,2,0,1,1,0,1,4,Dale Scott,"S.Sparks (3-15-L), J.Santana (2), J.Walker (1), J.Paniagua (1)"
61,63,62,62,Jun 10,,MON,"W,6-4",9.0,11,4,4,0,5,8,1,1,5.1,40,151,94,1.0,0.0,0,0,33,0,1,0,1,0,0,2,3,Paul Emmel,"A.Bernero (4-49-W), J.Farnsworth (2-H), J.Acevedo (1-Sv)"
62,64,63,63,Jun 11,,MON,"W,2-1",9.0,8,1,1,0,2,2,0,0,5.03,37,136,84,0.0,0.0,0,0,34,2,0,0,1,0,1,0,2,Gary Darling,"M.Redman (4-63-W), J.Acevedo (0-Sv)"
63,65,64,64,Jun 12,,MON,"L,1-2",10.0,4,2,1,1,2,9,1,0,4.96,35,132,91,0.0,0.0,0,1,33,1,0,1,0,0,0,0,2,Rob Drake,"J.Weaver (4-86), J.Acevedo (0-L)"
64,66,65,65,Jun 14,@,ARI,"W,6-3",9.0,6,3,3,0,1,4,0,0,4.92,33,124,80,4.0,2.0,0,0,31,0,0,0,0,1,0,1,3,Tim Tschida,"M.Maroth (5-61-W), J.Walker (4), J.Acevedo (1-Sv)"
65,67,66,66,Jun 15,@,ARI,"L,1-3",8.0,8,3,3,0,3,5,0,0,4.9,34,118,70,0.0,0.0,1,0,31,3,0,2,0,0,0,1,3,Mark Wegner,"A.Bernero (4-63), J.Santana (5-L), J.Walker (0)"
66,68,67,67,Jun 16,@,ARI,"L,2-11",8.0,15,11,11,0,2,2,2,0,5.01,40,161,102,2.0,2.0,0,0,37,6,0,1,0,1,0,1,3,Lance Barksdale,"M.Redman (4-42-L), J.Farnsworth (5), J.Paniagua (6)"
67,69,68,68,Jun 18,@,ATL,"W,6-0",9.0,5,0,0,0,2,7,0,0,4.93,34,131,89,,,0,0,32,0,0,0,0,0,0,0,1,Jerry Crawford,J.Weaver (5-82-W)
68,70,69,69,Jun 19,@,ATL,"L,1-4",8.0,7,4,4,0,3,3,2,0,4.92,32,119,71,2.0,0.0,0,0,28,3,0,1,1,0,0,2,3,Joe West,"M.Maroth (4-50-L), J.Paniagua (2), J.Santana (3)"
69,71,70,70,Jun 20,@,ATL,"L,2-3",8.2,7,3,3,0,2,4,0,2,4.9,36,110,70,1.0,1.0,1,0,31,2,0,1,0,1,0,1,2,Brian Gorman,"A.Bernero (4-72), J.Acevedo (5-BL)"
70,72,71,71,Jun 21,@,FLA,"L,1-4",8.0,13,4,4,0,1,2,0,0,4.89,36,123,74,1.0,0.0,1,1,34,6,0,0,1,0,0,0,3,Mike Fichter,"S.Sparks (11-36-L), J.Paniagua (1), J.Santana (1)"
71,73,72,72,Jun 22,@,FLA,"L,4-5",8.2,7,5,3,2,3,1,0,0,4.87,36,150,96,0.0,0.0,0,0,32,3,1,0,0,1,1,0,3,CB Bucknor,"M.Redman (5-62), J.Paniagua (0-H), J.Acevedo (1-BL)"
72,74,73,73,Jun 23,@,FLA,"W,3-2",9.0,7,2,2,0,4,8,1,0,4.83,37,145,97,0.0,0.0,3,0,33,1,0,0,0,0,0,1,3,Mark Carlson,"J.Weaver (4-63), J.Farnsworth (6-W), J.Acevedo (0-Sv)"
73,75,74,74,Jun 25,@,KCR,"L,6-8",8.0,13,8,8,0,4,3,2,0,4.88,39,148,82,2.0,0.0,1,1,35,3,1,1,0,0,1,2,4,Tim Welke,"M.Maroth (5-22), J.Santana (3-L), J.Walker (9), J.Farnsworth (1)"
74,76,75,75,Jun 26,@,KCR,"L,5-6",8.0,8,6,6,0,6,5,2,0,4.9,36,134,81,2.0,2.0,0,1,29,2,0,0,0,1,0,0,3,Gary Cederstrom,"A.Bernero (5-40-L), J.Walker (0-BSv), J.Paniagua (3)"
75,77,76,76,Jun 27,@,KCR,"L,2-5",8.0,9,5,5,0,3,3,1,0,4.91,33,133,81,2.0,1.0,0,1,29,2,1,1,0,1,0,2,3,Brian O'Nora,"S.Sparks (5-35-L), J.Farnsworth (1), J.Lima (22)"
76,78,77,77,Jun 28,,PIT,"L,1-3",9.0,10,3,2,1,2,7,0,0,4.87,39,136,91,2.0,0.0,2,0,35,1,0,0,1,1,0,0,3,Joe Brinkman,"M.Redman (5-56-L), J.Santana (2), J.Walker (1)"
77,79,78,78,Jun 29,,PIT,"W,2-1",9.0,9,1,1,0,2,6,0,1,4.82,38,147,88,2.0,0.0,0,0,34,0,0,1,1,0,0,0,2,Andy Fletcher,"J.Weaver (5-64-W), J.Acevedo (5-Sv)"
78,80,79,79,Jun 30,,PIT,"L,2-6",9.0,13,6,5,1,2,1,1,0,4.82,40,131,86,2.0,1.0,2,1,37,3,0,0,1,0,1,1,4,Derryl Cousins,"M.Maroth (4-51-L), O.Henriquez (99), J.Walker (1), J.Farnsworth (2)"
79,82,80,80,Jul 2,@,CHW,"L,9-17",8.0,16,17,16,1,5,5,6,0,4.97,45,184,107,0.0,0.0,2,0,39,3,0,0,0,1,1,1,5,Angel Hernandez,"A.Bernero (5-22-L), J.Lima (4), O.Henriquez (1), J.Paniagua (5), J.Farnsworth (1)"
80,83,81,81,Jul 3,@,CHW,"W,5-4",9.0,11,4,0,4,0,3,2,0,4.91,37,124,82,1.0,0.0,1,0,37,2,0,0,0,0,1,1,4,Laz Diaz,"B.Moehler (99-72-W), J.Santana (4), J.Acevedo (3), J.Paniagua (0-Sv)"
81,84,82,82,Jul 4,@,CHW,"W,6-5",9.0,4,5,5,0,8,5,2,0,4.91,39,136,74,0.0,0.0,0,0,31,1,0,0,0,0,0,0,3,Randy Marsh,"S.Sparks (6-47-W), J.Farnsworth (1-H), J.Acevedo (0-Sv)"
82,85,83,83,Jul 5,@,BOS,"W,9-5",9.0,11,5,5,0,0,4,2,0,4.91,35,124,76,0.0,0.0,0,0,34,3,1,0,0,1,0,0,2,Eric Cooper,"M.Redman (6-52-W), J.Paniagua (1)"
83,86,84,84,Jul 6,@,BOS,"L,0-8",8.0,10,8,7,1,4,4,2,0,4.95,36,123,75,2.0,1.0,0,0,32,3,0,0,0,0,0,0,3,Mike Reilly,"M.Maroth (5-17-L), J.Santana (2), J.Lima (3)"
84,87,85,85,Jul 7,@,BOS,"W,9-8",9.0,13,8,7,1,4,6,2,0,4.97,45,163,102,1.0,0.0,2,0,40,4,0,0,0,1,1,0,4,Jeff Kellogg,"A.Bernero (4-25), J.Farnsworth (2-W), J.Santana (0-H), J.Acevedo (2-Sv)"
85,88,86,86,Jul 11,,CHW,"L,2-9",9.0,15,9,7,2,2,7,1,0,5.0,43,151,99,2.0,0.0,1,0,41,3,0,0,0,0,1,0,4,Greg Gibson,"S.Sparks (6-27-L), J.Farnsworth (3), O.Henriquez (8), J.Acevedo (3)"
86,89,87,87,Jul 12,,CHW,"W,2-1",9.0,6,1,1,0,4,3,1,1,4.95,36,158,92,2.0,0.0,0,0,30,1,0,0,1,0,0,0,3,Mike Winters,"M.Redman (6-58-W), J.Santana (4-H), J.Acevedo (0-Sv)"
87,90,88,88,Jul 13(1),,CHW,"W,5-3",9.0,7,3,3,0,3,5,1,0,4.93,37,133,94,2.0,0.0,0,0,32,1,0,0,1,1,1,1,4,Dan Iassogna,"B.Moehler (9-63), J.Paniagua (7-H), F.Rodney (58-BW), J.Acevedo (0-Sv)"
88,91,89,89,Jul 13(2),,CHW,"W,3-1",9.0,6,1,1,0,5,8,0,0,4.88,37,146,89,1.0,1.0,0,0,32,1,0,0,0,0,0,2,3,Jim Wolf,"M.Maroth (6-67-W), J.Santana (0-H), O.Henriquez (1-Sv)"
89,92,90,90,Jul 14,,CHW,"L,4-6",9.0,12,6,6,0,2,5,2,0,4.89,41,149,94,2.0,2.0,0,0,39,0,3,0,0,0,0,0,3,Greg Gibson,"A.Bernero (6-40-L), J.Paniagua (0-BSv), O.Henriquez (0)"
90,93,91,91,Jul 15,,BOS,"W,4-3",11.0,9,3,3,0,5,5,0,0,4.86,44,142,83,1.0,0.0,0,0,37,3,0,0,1,1,0,2,5,Tim McClelland,"J.Lima (8-44), J.Santana (1), F.Rodney (1), J.Acevedo (1), O.Henriquez (0-W)"
91,94,92,92,Jul 16,,BOS,"L,4-9",9.0,18,9,9,0,4,0,2,3,4.91,50,168,100,3.0,3.0,0,0,43,1,1,2,0,0,1,2,3,Chuck Meriwether,"S.Sparks (4-39), J.Farnsworth (4-BL), J.Paniagua (1)"
92,95,93,93,Jul 17,@,NYY,"L,1-2",8.2,6,2,2,0,1,5,0,1,4.88,33,120,75,,,0,0,31,2,0,0,0,0,0,1,1,Ed Montague,M.Redman (4-68-L)
93,96,94,94,Jul 18,@,NYY,"L,5-6",8.0,13,6,6,0,3,5,2,0,4.89,38,135,84,4.0,1.0,0,0,34,5,0,2,0,1,0,2,4,Mike DiMuro,"M.Maroth (4-29), J.Santana (2), F.Rodney (2-BL), O.Henriquez (2)"
94,97,95,95,Jul 19,,MIN,"L,1-5",9.0,12,5,5,0,0,8,3,1,4.89,38,126,91,0.0,0.0,1,0,37,0,0,0,0,0,1,2,3,Gary Darling,"B.Moehler (5-45-L), J.Lima (3), J.Acevedo (3)"
95,98,96,96,Jul 20,,MIN,"L,4-14",9.0,17,14,13,1,3,7,4,0,4.98,48,147,92,3.0,3.0,1,0,45,0,1,0,0,0,1,0,4,Tim Timmons,"A.Bernero (5-19-L), J.Walker (19), J.Farnsworth (3), F.Rodney (1)"
96,99,97,97,Jul 21,,MIN,"L,2-4",9.0,7,4,2,2,6,11,1,1,4.95,40,159,91,1.0,0.0,0,0,32,0,0,0,0,1,1,2,3,Paul Emmel,"S.Sparks (4-56-L), J.Santana (2), O.Henriquez (2)"
97,100,98,98,Jul 23,,KCR,"W,10-1",9.0,4,1,1,0,1,7,0,0,4.91,32,115,77,0.0,0.0,0,0,31,0,1,0,0,0,0,0,2,Mike Fichter,"M.Redman (5-76-W), J.Acevedo (3)"
98,101,99,99,Jul 24,,KCR,"W,3-0",9.0,3,0,0,0,1,8,0,0,4.86,29,98,72,0.0,0.0,0,0,28,0,0,0,0,0,0,1,3,Bruce Froemming,"J.Lima (4-77-W), O.Henriquez (2-H), J.Acevedo (0-Sv)"
99,102,100,100,Jul 25,,KCR,"W,5-2",9.0,9,2,2,0,2,8,0,0,4.83,35,149,91,2.0,0.0,0,1,33,1,2,0,0,0,0,0,4,Ed Rapuano,"M.Maroth (6-55-W), J.Santana (3-H), J.Walker (4-H), J.Acevedo (0-Sv)"
100,103,101,101,Jul 26,@,CLE,"W,8-5",9.0,8,5,5,0,2,8,2,0,4.83,36,138,83,0.0,0.0,0,0,33,2,0,0,0,1,0,0,3,Jay Klemm,"B.Powell (99-45-W), J.Santana (0-H), O.Henriquez (1-Sv)"
101,104,102,102,Jul 27,@,CLE,"W,5-1",9.0,7,1,1,0,1,8,0,0,4.79,33,138,92,0.0,0.0,0,0,32,5,0,0,0,0,0,1,2,Ron Kulpa,"S.Sparks (5-70-W), O.Henriquez (0)"
102,105,103,103,Jul 28,@,CLE,"L,6-9",8.1,11,9,9,0,2,5,3,2,4.84,40,146,89,1.0,1.0,0,0,35,2,0,0,1,0,0,0,4,Dale Scott,"M.Redman (4-63), E.Sabel (99), J.Santana (1-H), J.Acevedo (2-BL)"
103,106,104,104,Jul 29,@,SEA,"L,3-4",8.0,7,4,3,1,5,1,1,0,4.82,35,136,77,2.0,0.0,1,0,30,1,0,1,0,0,0,1,3,Jeff Kellogg,"J.Lima (4-48), J.Santana (0-L), O.Henriquez (1)"
104,107,105,105,Jul 30,@,SEA,"L,4-5",9.1,14,5,5,0,5,10,0,0,4.82,44,182,109,3.0,1.0,0,2,37,5,0,3,2,0,0,1,5,Jerry Meals,"M.Maroth (4-34), A.Bernero (9), J.Walker (4), O.Henriquez (0), J.Farnsworth (9-L)"
105,108,106,106,Jul 31,@,SEA,"L,2-5",8.0,9,5,4,1,6,3,1,0,4.82,38,126,69,1.0,0.0,4,0,32,1,0,1,0,0,0,0,3,Eric Cooper,"B.Powell (4-42-L), J.Walker (0), J.Farnsworth (0)"
106,110,107,107,Aug 1,@,OAK,"L,3-5",8.0,7,5,4,1,2,4,4,1,4.82,35,144,92,0.0,0.0,0,0,32,1,0,0,0,0,1,0,2,Tim Tschida,"S.Sparks (4-48-L), J.Santana (2)"
107,111,108,108,Aug 2,@,OAK,"W,3-1",9.0,7,1,1,0,2,7,1,0,4.78,38,136,84,0.0,0.0,0,0,36,1,0,0,0,0,2,0,3,Mark Wegner,"M.Redman (4-65-W), O.Henriquez (2-H), J.Acevedo (4-Sv)"
108,112,109,109,Aug 3,@,OAK,"L,4-8",8.0,11,8,8,0,3,6,1,0,4.82,37,132,81,3.0,1.0,1,0,34,4,3,0,0,0,0,1,4,Bill Welke,"J.Lima (4-23-L), A.Bernero (3), J.Walker (2), J.Farnsworth (2)"
109,113,110,110,Aug 4,@,OAK,"L,0-4",8.0,6,4,4,0,5,6,1,0,4.81,35,130,77,2.0,0.0,0,1,30,1,0,1,0,0,2,1,3,Rick Reed,"M.Maroth (4-59-L), J.Farnsworth (0), J.Walker (0)"
110,114,111,111,Aug 5,,ANA,"L,3-6",9.0,13,6,4,2,2,6,2,1,4.81,44,159,108,2.0,0.0,0,0,40,3,0,0,0,1,2,1,4,Bill Miller,"B.Powell (4-33-L), A.Bernero (1), J.Santana (3), J.Acevedo (2)"
111,115,112,112,Aug 6,,TEX,"W,8-2",9.0,7,2,2,0,1,8,0,1,4.78,35,127,84,,,1,0,33,3,0,0,0,0,1,2,1,Joe West,S.Sparks (4-72-W)
112,116,113,113,Aug 7,,TEX,"L,2-7",11.0,14,7,5,2,3,7,0,0,4.77,50,165,113,6.0,3.0,0,0,44,4,1,1,2,1,1,1,6,Mike Everitt,"M.Redman (4-57), O.Henriquez (4), J.Acevedo (1), J.Santana (1-L), J.Walker (2), A.Bernero (1)"
113,117,114,114,Aug 8,,TEX,"W,2-1",9.0,11,1,1,0,2,5,0,0,4.74,39,129,88,2.0,1.0,0,0,37,1,0,0,0,0,0,0,4,Chris Guccione,"J.Lima (4-48-W), J.Santana (0-H), O.Henriquez (0-H), J.Acevedo (0-Sv)"
114,118,115,115,Aug 9,,BAL,"W,3-0",9.0,6,0,0,0,1,3,0,0,4.7,31,118,74,1.0,0.0,1,0,30,2,0,0,0,0,0,2,2,Kerwin Danley,"M.Maroth (4-73-W), J.Acevedo (0-Sv)"
115,119,116,116,Aug 10,,BAL,"L,2-3",9.0,9,3,3,0,1,5,0,0,4.68,36,132,87,6.0,2.0,0,0,35,1,0,0,0,0,0,0,4,Marvin Hudson,"B.Powell (4-63), J.Santana (1-BL), J.Walker (2), J.Farnsworth (5)"
116,120,117,117,Aug 11,,BAL,"W,2-1",9.0,4,1,1,0,4,3,0,0,4.65,35,128,83,1.0,0.0,1,0,31,2,0,1,0,0,0,0,3,Kevin Kelley,"S.Sparks (4-65-W), O.Henriquez (2-H), J.Acevedo (1-Sv)"
117,121,118,118,Aug 12,@,ANA,"L,0-7",8.0,14,7,5,2,3,2,2,0,4.66,41,148,86,3.0,1.0,0,0,37,2,2,0,0,1,1,2,3,Matt Hollowell,"M.Redman (4-21-L), A.Bernero (4), J.Walker (1)"
118,122,119,119,Aug 13,@,ANA,"L,6-7",11.1,15,7,7,0,3,4,1,0,4.67,50,170,109,3.0,0.0,0,1,46,4,0,0,0,1,1,0,8,Paul Emmel,"J.Lima (4-31), B.Powell (2), O.Henriquez (1), J.Farnsworth (2), J.Walker (0), F.Rodney (23), J.Acevedo (1-BSv), A.Bernero (0-L)"
119,123,120,120,Aug 14,@,ANA,"L,4-5",8.0,7,5,5,0,5,3,0,0,4.67,33,134,78,2.0,1.0,0,0,27,1,0,0,1,0,0,2,3,Rob Drake,"M.Maroth (4-35-L), F.Rodney (0), O.Henriquez (0)"
120,124,121,121,Aug 16,@,BAL,"W,6-5",9.0,12,5,5,0,1,3,3,0,4.68,39,157,96,2.0,0.0,0,1,38,1,0,0,0,0,0,0,4,Tony Randazzo,"S.Sparks (4-37-W), J.Walker (2-H), O.Henriquez (1-H), J.Acevedo (2-Sv)"
121,125,122,122,Aug 17,@,BAL,"L,3-7",8.0,11,7,7,0,3,6,0,0,4.7,35,126,79,4.0,2.0,0,0,31,3,0,0,0,1,0,0,4,Bruce Froemming,"M.Redman (4-52-L), J.Walker (0-H), F.Rodney (2-BSv), J.Farnsworth (3)"
122,126,123,123,Aug 18,@,BAL,"W,7-4",9.0,8,4,4,0,3,5,3,1,4.7,38,130,79,0.0,0.0,0,0,34,2,0,0,0,0,0,0,4,Dan Iassogna,"B.Powell (4-35), A.Bernero (4-W), O.Henriquez (1-H), J.Acevedo (1-Sv)"
123,127,124,124,Aug 19,,SEA,"W,4-3",9.0,12,3,2,1,3,5,0,0,4.67,41,139,90,0.0,0.0,0,1,38,2,0,0,0,0,1,1,3,Mike Fichter,"J.Lima (5-59-W), O.Henriquez (0-H), J.Acevedo (0-Sv)"
124,128,125,125,Aug 20,,SEA,"W,6-3",9.0,7,3,3,0,2,2,0,0,4.66,36,128,88,0.0,0.0,1,0,33,4,0,0,0,1,0,0,3,Tim Welke,"M.Maroth (5-53-W), O.Henriquez (0-H), J.Acevedo (0-Sv)"
125,129,126,126,Aug 21,,SEA,"L,2-8",9.0,14,8,8,0,4,9,2,1,4.69,45,172,104,1.0,1.0,1,0,39,1,1,0,0,1,0,0,3,Alfonso Marquez,"S.Sparks (4-48-L), J.Walker (3), F.Rodney (3)"
126,130,127,127,Aug 22,,SEA,"L,2-4",9.0,8,4,4,0,1,1,0,0,4.68,35,126,82,0.0,0.0,0,0,34,0,0,1,0,0,0,1,2,Brian O'Nora,"M.Redman (4-50-L), J.Walker (0)"
127,131,128,128,Aug 23,,OAK,"L,1-9",9.0,14,9,9,0,5,5,2,1,4.72,45,163,98,2.0,0.0,0,0,39,3,1,0,0,0,0,1,4,Hunter Wendelstedt,"B.Powell (4-36-L), A.Bernero (4), J.Farnsworth (5), F.Rodney (1)"
128,132,129,129,Aug 24,,OAK,"L,3-12",9.0,14,12,12,0,3,5,3,0,4.77,43,168,109,2.0,1.0,0,0,39,2,2,0,0,1,0,1,5,Jerry Layne,"J.Lima (4--5-L), J.Farnsworth (0), J.Walker (1), O.Henriquez (3), J.Acevedo (3)"
129,133,130,130,Aug 25,,OAK,"L,7-10",9.0,14,10,10,0,2,2,2,1,4.81,41,154,89,5.0,4.0,0,1,38,6,0,0,0,0,0,2,5,Mike DiMuro,"M.Maroth (4-51), O.Henriquez (0), J.Walker (0-L), J.Acevedo (0-BSv), A.Bernero (1)"
130,134,131,131,Aug 26,@,CLE,"L,2-8",8.0,13,8,8,0,3,8,2,3,4.84,43,154,96,0.0,0.0,0,0,37,4,1,0,0,0,1,0,5,John Hirschbeck,"S.Sparks (4-9-L), A.Bernero (0), J.Farnsworth (1), J.Paniagua (40), J.Walker (0)"
131,135,132,132,Aug 27,@,CLE,"W,8-5",9.0,7,5,4,1,2,5,0,0,4.84,35,121,75,0.0,0.0,0,0,31,3,0,0,1,1,2,2,2,Wally Bell,"M.Redman (4-53-W), J.Acevedo (1-Sv)"
132,136,133,133,Aug 28,@,CLE,"L,1-2",8.0,8,2,2,0,1,3,2,0,4.82,32,110,67,3.0,0.0,1,0,31,2,0,1,0,0,0,0,4,Mark Carlson,"B.Powell (4-55-L), J.Paniagua (1), O.Henriquez (2), J.Walker (1)"
133,137,134,134,Aug 30,,CHW,"L,3-4",9.0,11,4,4,0,2,1,1,0,4.81,38,154,100,1.0,1.0,1,0,33,2,1,0,2,1,0,1,3,Mark Wegner,"M.Maroth (4-39-L), J.Paniagua (1), J.Farnsworth (3)"
134,138,135,135,Aug 31,,CHW,"L,4-9",9.0,9,9,9,0,3,6,2,1,4.84,40,122,75,0.0,0.0,0,0,35,4,0,0,0,1,0,0,4,Bill Welke,"S.Sparks (4-20-L), J.Walker (2), J.Paniagua (0), J.Acevedo (3)"
135,140,136,136,Sep 1,,CHW,"L,0-7",9.0,16,7,7,0,3,0,0,0,4.86,45,142,90,2.0,2.0,1,0,41,5,0,0,0,1,0,1,2,Rick Reed,"M.Redman (4-30-L), A.Bernero (5)"
136,141,137,137,Sep 2,,CLE,"L,1-11",9.0,12,11,11,0,4,6,3,0,4.91,41,128,82,2.0,2.0,0,1,37,2,0,0,0,0,0,0,4,Angel Hernandez,"B.Powell (4-40-L), J.Walker (1), J.Farnsworth (2), O.Henriquez (4)"
137,142,138,138,Sep 3,,CLE,"W,4-0",9.0,8,0,0,0,2,1,0,0,4.87,36,114,72,,,0,0,34,2,0,0,0,0,1,2,1,Doug Eddings,A.Van Hekken (99-70-W)
138,143,139,139,Sep 4,,CLE,"L,3-9",9.0,9,9,7,2,5,3,0,1,4.89,43,142,91,3.0,3.0,0,0,36,1,2,0,1,0,1,0,4,Chris Guccione,"M.Maroth (4-27-L), A.Bernero (2), J.Paniagua (3), J.Acevedo (3)"
139,144,140,140,Sep 5,@,NYY,"L,3-9",8.0,13,9,7,2,4,5,1,1,4.91,41,144,80,4.0,1.0,2,0,35,3,0,0,1,0,1,2,4,Larry Young,"S.Sparks (4-24-L), J.Farnsworth (2), J.Walker (2), J.Paniagua (0)"
140,145,141,141,Sep 6,@,NYY,"L,1-8",8.0,11,8,8,0,0,5,1,1,4.93,35,127,83,1.0,1.0,0,0,34,1,0,0,0,0,0,1,3,Bill Miller,"M.Redman (4-22-L), A.Bernero (1), O.Henriquez (3)"
141,146,142,142,Sep 7,@,NYY,"W,2-1",9.0,7,1,1,0,5,7,0,1,4.9,39,149,87,4.0,0.0,1,1,33,1,0,0,0,0,1,0,5,Fieldin Culbreth,"B.Powell (4-54), J.Walker (1), F.German (99-W), O.Henriquez (0-H), J.Acevedo (2-Sv)"
142,147,143,143,Sep 8,@,NYY,"L,4-6",8.0,8,6,4,2,3,4,3,0,4.9,36,137,82,1.0,0.0,0,0,32,3,0,0,1,0,1,0,4,Bill Hohn,"A.Van Hekken (4-53), F.German (0), J.Walker (0), O.Henriquez (0-L)"
143,148,144,144,Sep 9,@,MIN,"L,2-5",8.0,9,5,4,1,1,10,0,0,4.9,32,125,77,1.0,1.0,0,1,31,3,1,0,0,0,0,1,2,Dan Iassogna,"M.Maroth (4-43-L), E.Eckenstahler (99)"
144,149,145,145,Sep 10,@,MIN,"L,4-11",8.0,15,11,10,1,1,6,2,0,4.94,40,141,92,1.0,1.0,0,0,39,7,2,0,0,0,0,0,4,Greg Gibson,"S.Loux (99-31-L), A.Bernero (3), J.Farnsworth (4), F.Rodney (17)"
145,150,146,146,Sep 11,@,MIN,"L,2-8",8.0,8,8,8,0,5,8,1,1,4.96,36,146,86,1.0,1.0,0,0,30,1,1,0,0,0,0,2,4,Mike Winters,"M.Redman (4-10-L), S.Sparks (5), F.German (2), J.Acevedo (3)"
146,151,147,147,Sep 13,,KCR,"W,4-2",10.0,8,2,2,0,0,6,0,1,4.94,38,134,84,4.0,1.0,1,0,37,2,0,0,0,0,1,2,6,Jim Joyce,"N.Cornejo (99-56), J.Walker (4-H), F.Rodney (2-BSv), F.German (1), J.Acevedo (1), E.Eckenstahler (3-W)"
147,152,148,148,Sep 14,,KCR,"L,1-5",9.0,11,5,4,1,5,1,0,0,4.93,43,140,89,4.0,0.0,1,0,37,3,0,0,1,0,1,0,4,Jeff Nelson,"A.Van Hekken (5-29-L), B.Powell (6), J.Farnsworth (3), F.Rodney (0)"
148,153,149,149,Sep 15,,KCR,"L,3-9",9.0,13,9,8,1,4,9,1,0,4.95,43,178,119,2.0,1.0,1,0,39,1,1,0,0,0,0,0,4,Ron Kulpa,"J.Beverlin (34-21-L), A.Bernero (4), E.Eckenstahler (1), J.Walker (1)"
149,154,150,150,Sep 16,,KCR,"W,5-2",9.0,6,2,2,0,1,5,0,0,4.93,32,116,77,0.0,0.0,0,0,30,1,0,0,0,1,0,1,2,Ted Barrett,"M.Maroth (6-65-W), F.German (2-Sv)"
150,155,151,151,Sep 17,,MIN,"L,4-7",9.0,16,7,7,0,1,6,1,1,4.95,41,138,87,0.0,0.0,0,0,39,3,1,0,0,0,0,2,4,Brian Runge,"S.Loux (6-43-L), E.Eckenstahler (1), J.Farnsworth (2), F.Rodney (2)"
151,156,152,152,Sep 18,,MIN,"L,0-2",9.0,9,2,2,0,1,2,0,1,4.93,35,115,75,0.0,0.0,0,0,33,3,0,1,0,0,0,3,2,Tim McClelland,"S.Sparks (6-58-L), J.Acevedo (4)"
152,157,153,153,Sep 20,,NYY,"L,1-5",9.0,11,5,2,3,3,2,0,0,4.91,40,148,90,2.0,1.0,1,0,35,3,0,0,1,1,1,1,5,Dana DeMuth,"A.Van Hekken (5-46-L), F.Rodney (2), J.Walker (4), M.Anderson (99), J.Farnsworth (2)"
153,158,154,154,Sep 21,,NYY,"L,2-3",9.0,7,3,3,0,3,3,0,0,4.9,36,151,91,3.0,2.0,0,0,32,3,0,1,1,0,0,1,5,Terry Craft,"J.Beverlin (5-45-L), E.Eckenstahler (3), A.Bernero (5), F.German (4), J.Acevedo (2)"
154,159,155,155,Sep 22,,NYY,"L,3-4",9.0,6,4,4,0,1,5,0,2,4.89,37,129,84,0.0,0.0,0,0,34,5,0,0,0,0,1,0,2,Charlie Reliford,"M.Maroth (5-57-L), J.Walker (1)"
155,160,156,156,Sep 24,@,KCR,"L,2-17",8.0,15,17,14,3,5,6,3,1,4.95,47,183,108,2.0,2.0,0,0,40,2,0,0,0,1,2,0,5,Laz Diaz,"S.Loux (6-28-L), B.Powell (9), M.Anderson (3), E.Eckenstahler (2), J.Farnsworth (3)"
156,161,157,157,Sep 25,@,KCR,"W,7-6",12.0,14,6,2,4,4,8,1,0,4.92,53,180,117,2.0,0.0,1,0,49,2,0,0,0,0,2,2,5,Angel Hernandez,"S.Sparks (6-42), J.Walker (2-H), F.German (3-H), J.Acevedo (3-BSv), A.Bernero (3-W)"
157,162,158,158,Sep 26,@,KCR,"L,2-7",8.0,9,7,4,3,5,4,1,0,4.92,38,147,88,1.0,0.0,0,0,32,1,1,0,0,1,2,2,3,Randy Marsh,"N.Cornejo (12-50-L), E.Eckenstahler (1), F.Rodney (5)"
158,163,159,159,Sep 27,@,TOR,"L,2-5",8.0,11,5,5,0,2,4,0,1,4.92,36,137,81,1.0,0.0,0,0,33,2,0,0,0,0,0,2,3,Eric Cooper,"A.Van Hekken (6-41-L), J.Walker (1), M.Anderson (2)"
159,164,160,160,Sep 28,@,TOR,"L,2-10",8.0,12,10,7,3,1,6,2,0,4.94,38,133,76,2.0,1.0,0,0,37,3,0,0,0,0,1,0,4,Mike Reilly,"J.Beverlin (6-33-L), J.Farnsworth (3), J.Jimenez (99), B.Powell (3)"
160,165,161,161,Sep 29,@,TOR,"L,0-1",8.0,7,1,1,0,1,3,0,0,4.92,31,104,65,4.0,0.0,0,0,30,1,0,0,0,0,0,1,3,Jeff Kellogg,"M.Maroth (6-62-L), F.Rodney (2), J.Walker (1)"
