,index,Rk,Gtm,Date,Unnamed: 3,Opp,Rslt,PA,AB,R,H,2B,3B,HR,RBI,BB,IBB,SO,HBP,SH,SF,ROE,GDP,SB,CS,BA,OBP,SLG,OPS,LOB,#,Thr,Opp. Starter (GmeSc)
0,0,1,1,Apr 3,,TOR,"W,8-1",42,39,8,15,4,1,2,8,3,0,7,0,0,0,1,1,0,0,0.385,0.429,0.692,1.121,10,10,R,S.Parris(27)
1,1,2,2,Apr 4,,TOR,"L,8-11",44,39,8,13,2,0,1,7,4,0,7,0,1,0,1,1,0,0,0.359,0.412,0.577,0.989,9,10,R,J.Hamilton(44)
2,2,3,3,Apr 5,,TOR,"L,0-11",31,29,0,4,1,0,0,0,2,0,12,0,0,0,0,2,0,0,0.299,0.353,0.467,0.821,4,12,R,C.Carpenter(84)
3,3,4,4,Apr 6,@,BOS,"L,4-11",36,34,4,8,2,0,0,4,2,0,10,0,0,0,0,1,1,0,0.284,0.336,0.426,0.761,5,9,R,T.Ohka(42)
4,4,5,5,Apr 7,@,BOS,"L,2-6",33,31,2,4,0,0,1,2,2,0,12,0,0,0,0,0,0,0,0.256,0.308,0.39,0.698,4,10,R,P.Crawford(69)
5,5,6,6,Apr 8,@,BOS,"L,0-3",33,30,0,4,0,0,0,0,3,0,17,0,0,0,0,1,0,0,0.238,0.294,0.351,0.645,6,9,R,P.Martinez(89)
6,6,7,7,Apr 9,@,TOR,"L,1-8",36,32,1,8,2,0,0,1,4,0,6,0,0,0,0,3,0,0,0.239,0.299,0.346,0.645,8,9,R,J.Hamilton(56)
7,7,8,8,Apr 10,@,TOR,"L,2-3",37,36,2,6,1,0,2,2,1,0,8,0,0,0,0,0,1,0,0.23,0.285,0.348,0.633,5,9,R,C.Carpenter(67)
8,8,9,9,Apr 11,@,TOR,"W,4-3",37,36,4,8,2,0,0,4,1,0,5,0,0,0,1,0,2,0,0.229,0.28,0.34,0.62,6,9,R,E.Loaiza(46)
9,9,10,10,Apr 13,@,BAL,"W,2-0",30,29,2,3,1,0,1,2,1,0,10,0,0,0,0,0,0,0,0.218,0.268,0.331,0.599,1,9,R,P.Hentgen(82)
10,10,11,11,Apr 14,@,BAL,"L,5-6",39,34,5,7,1,0,3,5,4,0,4,1,0,0,1,0,2,1,0.217,0.272,0.347,0.619,7,12,L,C.McElroy(33)
11,11,12,12,Apr 15,@,BAL,"W,7-4",39,38,7,13,2,0,4,7,1,0,6,0,0,0,0,2,0,0,0.229,0.28,0.381,0.661,5,9,R,S.Ponson(41)
12,12,13,13,Apr 16,@,BAL,"L,2-6",32,27,2,4,2,0,0,2,3,0,5,1,0,1,0,1,1,2,0.224,0.278,0.371,0.649,3,9,R,J.Johnson(63)
13,13,14,14,Apr 17,,BOS,"L,0-10",33,33,0,7,1,0,0,0,0,0,6,0,0,0,1,1,0,0,0.223,0.273,0.362,0.635,6,9,R,T.Ohka(66)
14,14,15,15,Apr 18,,BOS,"L,1-9",34,31,1,6,1,0,0,1,1,0,8,1,0,1,0,0,3,1,0.221,0.271,0.353,0.624,6,9,R,P.Crawford(65)
15,15,16,16,Apr 19,,BOS,"L,3-8",38,37,3,10,3,0,0,3,0,0,15,1,0,0,1,0,0,0,0.224,0.272,0.353,0.626,8,9,R,P.Martinez(57)
16,16,17,17,Apr 20,,BAL,"L,3-6",39,36,3,10,2,0,0,3,3,0,8,0,0,0,0,0,2,0,0.228,0.276,0.352,0.628,9,12,R,W.Roberts(60)
17,17,18,18,Apr 21,,BAL,"W,6-5",40,33,6,10,4,0,1,5,6,0,6,1,0,0,1,2,0,0,0.232,0.285,0.361,0.646,10,10,R,J.Johnson(40)
18,18,19,19,Apr 22,,BAL,"L,8-10",47,41,8,10,3,0,2,8,5,0,12,1,0,0,0,0,2,1,0.233,0.289,0.367,0.656,6,13,R,J.Mercedes(55)
19,19,20,20,Apr 24,,KCR,"W,4-2",34,33,4,9,0,0,2,4,1,0,3,0,0,0,0,0,0,0,0.235,0.289,0.372,0.661,6,10,R,B.Meadows(36)
20,20,21,21,Apr 25,,KCR,"W,5-3",34,30,5,8,1,0,0,5,4,1,7,0,0,0,0,0,1,2,0.236,0.292,0.369,0.661,5,10,R,J.Suppan(37)
21,21,22,22,Apr 26,,KCR,"L,0-6",33,31,0,6,1,0,0,0,2,0,5,0,0,0,1,2,0,0,0.234,0.29,0.363,0.653,6,9,R,M.Suzuki(73)
22,22,23,23,Apr 27,@,DET,"L,2-4",34,30,2,7,2,0,0,2,4,0,2,0,0,0,1,3,0,0,0.234,0.291,0.36,0.652,5,11,R,D.Mlicki(58)
23,23,24,24,Apr 28,@,DET,"W,7-3",41,32,7,8,2,0,0,6,9,1,3,0,0,0,0,2,1,1,0.235,0.297,0.358,0.655,7,10,L,M.Perisho(20)
24,24,25,25,Apr 29,@,DET,"L,1-6",34,32,1,7,2,0,1,1,2,0,5,0,0,0,1,2,1,0,0.234,0.296,0.359,0.655,6,9,R,J.Weaver(68)
25,25,26,26,Apr 30,@,BAL,"L,3-5",36,31,3,5,2,0,0,3,3,0,7,1,0,1,0,0,0,0,0.231,0.294,0.354,0.648,6,11,R,W.Roberts(54)
26,27,27,27,May 1,@,BAL,"L,1-3",34,31,1,4,1,1,0,1,3,0,8,0,0,0,1,0,1,1,0.228,0.291,0.35,0.641,6,9,R,J.Johnson(64)
27,28,28,28,May 2,@,BAL,"W,7-1",44,39,7,15,1,0,1,7,3,0,4,1,0,1,0,2,1,0,0.234,0.297,0.355,0.653,10,9,R,J.Mercedes(39)
28,29,29,29,May 4,,CLE,"L,6-8",43,38,6,13,3,1,1,6,5,0,9,0,0,0,0,2,0,0,0.239,0.302,0.363,0.665,10,9,R,B.Colon(53)
29,30,30,30,May 5,,CLE,"L,4-9",38,35,4,8,1,0,1,4,1,0,5,2,0,0,1,1,0,0,0.238,0.302,0.362,0.664,7,9,R,T.Drew(40)
30,31,31,31,May 6,,CLE,"L,3-10",39,34,3,9,2,0,1,3,3,0,9,0,1,1,0,0,0,0,0.239,0.302,0.364,0.666,9,9,L,C.Finley(70)
31,32,32,32,May 8,,BAL,"W,4-3",33,32,4,8,2,0,1,4,1,0,7,0,0,0,1,0,0,1,0.24,0.301,0.365,0.667,5,11,R,J.Mercedes(56)
32,33,33,33,May 9,,BAL,"L,6-8",37,34,6,9,3,0,2,6,3,0,8,0,0,0,1,0,1,1,0.24,0.302,0.37,0.672,4,11,R,S.Ponson(50)
33,34,34,34,May 10,,BAL,"L,5-9",42,31,5,7,4,0,0,5,9,1,2,0,1,1,0,1,1,0,0.24,0.305,0.37,0.675,10,11,R,P.Hentgen(44)
34,35,35,35,May 11,@,CLE,"L,6-10",39,36,6,12,1,0,3,6,1,0,13,1,0,1,0,1,0,1,0.243,0.307,0.377,0.684,6,9,R,T.Drew(31)
35,36,36,36,May 12,@,CLE,"L,0-8",38,37,0,10,1,0,0,0,1,0,15,0,0,0,0,0,0,0,0.244,0.306,0.375,0.681,11,10,L,C.Finley(73)
36,37,37,37,May 13,@,CLE,"W,7-0",47,41,7,14,4,0,1,7,5,1,6,1,0,0,0,0,0,0,0.247,0.31,0.379,0.689,13,9,R,D.Burba(24)
37,38,38,38,May 15,@,KCR,"L,2-6",37,34,2,10,0,0,0,1,2,0,3,0,1,0,1,3,1,0,0.248,0.311,0.377,0.688,8,10,R,B.Meadows(49)
38,39,39,39,May 16,@,KCR,"L,5-9",39,36,5,11,0,0,1,5,2,0,10,0,1,0,1,0,2,1,0.25,0.312,0.377,0.689,7,10,R,J.Suppan(35)
39,40,40,40,May 17,@,KCR,"L,2-4",36,34,2,9,0,0,0,1,2,0,5,0,0,0,1,3,1,0,0.25,0.311,0.375,0.686,7,11,R,C.Durbin(54)
40,41,41,41,May 18,,DET,"L,2-18",33,29,2,4,3,0,0,2,3,0,8,0,1,0,0,1,0,0,0.248,0.309,0.372,0.681,4,10,R,V.Santos(64)
41,42,42,42,May 19,,DET,"L,5-10",38,36,5,12,7,0,1,5,1,0,7,0,1,0,0,2,0,0,0.25,0.31,0.378,0.688,6,10,R,C.Holt(38)
42,43,43,43,May 20,,DET,"W,10-2",41,35,10,13,1,0,4,9,4,0,7,1,1,0,0,0,1,0,0.253,0.314,0.387,0.701,7,10,R,D.Mlicki(15)
43,44,44,44,May 22,,TEX,"L,2-5",38,31,2,8,0,1,0,2,7,0,8,0,0,0,1,4,0,1,0.253,0.316,0.385,0.701,9,10,L,K.Rogers(63)
44,45,45,45,May 23,,TEX,"W,10-6",42,34,10,14,4,0,1,8,6,0,6,0,1,1,1,2,0,1,0.256,0.32,0.391,0.711,8,10,R,A.Myette(20)
45,46,46,46,May 24,,TEX,"L,3-9",37,36,3,11,3,0,1,3,1,0,5,0,0,0,0,1,0,1,0.258,0.32,0.392,0.713,7,9,R,R.Helling(56)
46,47,47,47,May 25,,ANA,"L,4-6",39,38,4,13,2,0,0,4,1,0,7,0,0,0,0,0,2,1,0.26,0.321,0.392,0.713,8,11,R,P.Rapp(33)
47,48,48,48,May 26,,ANA,"L,4-10",33,30,4,6,0,0,2,4,3,0,5,0,0,0,0,1,0,1,0.258,0.32,0.393,0.713,2,9,L,J.Washburn(52)
48,49,49,49,May 27,,ANA,"W,4-3",39,34,4,7,0,0,0,4,4,0,4,0,1,0,0,0,1,1,0.257,0.319,0.389,0.708,6,12,R,I.Valdez(54)
49,50,50,50,May 28,,ANA,"L,1-3",39,33,1,5,1,0,0,1,5,0,7,1,0,0,2,0,0,1,0.255,0.319,0.385,0.703,11,10,L,S.Schoeneweis(67)
50,51,51,51,May 29,@,OAK,"W,5-1",41,36,5,12,4,0,1,5,4,1,3,0,1,0,0,1,0,0,0.257,0.32,0.388,0.708,9,10,R,C.Lidle(46)
51,52,52,52,May 30,@,OAK,"L,2-15",39,38,2,10,0,0,0,2,0,0,2,0,1,0,2,0,0,0,0.257,0.319,0.385,0.704,10,11,L,M.Mulder(42)
52,53,53,53,May 31,@,OAK,"L,1-10",32,30,1,4,0,0,1,1,2,0,7,0,0,0,1,2,0,0,0.255,0.317,0.383,0.7,4,10,R,T.Hudson(75)
53,55,54,54,Jun 1,@,SEA,"L,4-8",39,32,4,5,1,0,1,4,7,0,8,0,0,0,1,0,1,0,0.253,0.317,0.381,0.698,8,12,L,J.Moyer(43)
54,56,55,55,Jun 2,@,SEA,"L,4-7",42,36,4,9,2,0,2,4,5,0,3,1,0,0,0,0,0,0,0.253,0.318,0.383,0.7,11,10,R,P.Abbott(48)
55,57,56,56,Jun 3,@,SEA,"L,4-8",41,35,4,8,2,0,1,4,6,0,8,0,0,0,0,0,0,0,0.253,0.318,0.382,0.701,10,12,R,F.Garcia(49)
56,58,57,57,Jun 5,@,TOR,"L,1-13",37,36,1,8,1,0,0,1,1,0,6,0,0,0,1,0,0,0,0.252,0.317,0.38,0.697,9,10,R,E.Loaiza(67)
57,59,58,58,Jun 6,@,TOR,"W,6-2",42,32,6,8,5,0,0,5,4,1,9,4,1,1,2,1,1,0,0.252,0.318,0.38,0.699,9,10,L,C.Michalak(41)
58,60,59,59,Jun 7,@,TOR,"L,7-8",41,37,7,13,3,0,0,6,3,0,7,0,1,0,2,1,0,3,0.254,0.32,0.381,0.701,7,10,R,S.Parris(27)
59,61,60,60,Jun 8,,NYM,"W,7-5",37,34,7,11,4,0,2,6,3,0,7,0,0,0,0,0,1,0,0.255,0.321,0.385,0.706,6,9,R,S.Trachsel(47)
60,62,61,61,Jun 9,,NYM,"W,5-2",35,29,5,6,2,1,1,4,4,0,3,0,1,1,2,1,1,0,0.254,0.32,0.386,0.706,6,9,L,A.Leiter(52)
61,63,62,62,Jun 10,,NYM,"L,0-10",33,29,0,4,0,0,0,0,4,0,11,0,0,0,0,2,1,0,0.253,0.319,0.383,0.702,6,10,R,K.Appier(75)
62,64,63,63,Jun 12,,PHI,"W,9-5",37,35,9,11,1,1,2,9,2,1,5,0,0,0,1,0,2,1,0.254,0.32,0.386,0.705,4,9,R,A.Telemaco(36)
63,65,64,64,Jun 13,,PHI,"W,5-3",34,29,5,8,3,0,2,5,2,0,10,0,2,1,0,0,0,0,0.254,0.32,0.388,0.708,5,9,L,B.Chen(69)
64,66,65,65,Jun 14,,PHI,"W,6-3",35,31,6,11,2,1,1,6,3,0,4,0,1,0,0,3,0,0,0.256,0.321,0.391,0.712,5,11,L,R.Wolf(36)
65,67,66,66,Jun 15,@,FLA,"L,4-7",34,34,4,7,2,1,0,4,0,0,7,0,0,0,0,0,0,0,0.255,0.319,0.39,0.709,3,14,R,A.Burnett(65)
66,68,67,67,Jun 16,@,FLA,"L,0-11",29,29,0,1,0,0,0,0,0,0,8,0,0,0,1,0,0,0,0.252,0.316,0.386,0.702,2,12,R,B.Penny(80)
67,69,68,68,Jun 17,@,FLA,"L,4-6",39,36,4,10,3,0,0,4,3,1,7,0,0,0,1,2,1,0,0.252,0.316,0.385,0.701,8,17,R,R.Dempster(48)
68,70,69,69,Jun 19,,BOS,"L,4-5",35,31,4,3,1,0,0,4,4,0,8,0,0,0,1,0,0,0,0.25,0.315,0.382,0.696,4,12,R,T.Wakefield(79)
69,71,70,70,Jun 20,,BOS,"L,2-8",35,33,2,7,0,0,1,2,2,0,6,0,0,0,0,0,1,1,0.25,0.314,0.381,0.695,6,11,R,D.Cone(50)
70,72,71,71,Jun 21,,BOS,"L,4-7",39,35,4,10,1,0,1,4,3,0,8,0,1,0,0,1,1,0,0.25,0.314,0.381,0.695,8,11,R,P.Martinez(60)
71,73,72,72,Jun 22,,NYY,"L,3-6",38,37,3,10,0,0,2,3,1,0,7,0,0,0,0,0,1,0,0.251,0.314,0.382,0.696,8,12,R,M.Mussina(55)
72,74,73,73,Jun 23,,NYY,"L,1-2",37,32,1,6,1,1,0,1,4,0,12,1,0,0,0,0,2,0,0.25,0.314,0.38,0.694,9,12,R,R.Clemens(63)
73,75,74,74,Jun 24,,NYY,"W,5-4",36,30,5,8,4,0,0,5,2,0,10,2,0,2,0,0,0,0,0.25,0.314,0.381,0.695,7,9,L,T.Lilly(65)
74,76,75,75,Jun 25,@,BOS,"L,8-12",42,32,8,9,1,0,4,8,7,0,4,1,1,1,0,1,0,0,0.25,0.315,0.385,0.7,7,11,R,D.Cone(33)
75,77,76,76,Jun 26,@,BOS,"L,6-7",37,35,6,8,2,0,2,6,1,0,12,1,0,0,0,0,0,0,0.25,0.315,0.386,0.7,4,10,R,P.Martinez(43)
76,78,77,77,Jun 27,@,BOS,"W,9-7",43,41,9,15,3,0,2,9,2,1,11,0,0,0,0,1,0,0,0.252,0.316,0.389,0.705,7,10,R,H.Nomo(37)
77,79,78,78,Jun 28,@,BOS,"W,4-3",38,33,4,9,3,0,1,4,4,0,7,0,1,0,0,1,0,0,0.252,0.317,0.39,0.706,7,12,R,F.Castillo(43)
78,80,79,79,Jun 29,@,NYY,"L,5-7",37,36,5,10,2,1,0,5,1,0,13,0,0,0,0,1,0,0,0.253,0.316,0.389,0.706,5,11,R,R.Clemens(52)
79,81,80,80,Jun 30,@,NYY,"L,4-5",42,39,4,11,3,0,0,4,2,1,7,0,0,1,2,0,0,0,0.253,0.316,0.389,0.705,11,10,L,T.Lilly(33)
80,83,81,81,Jul 1,@,NYY,"L,1-6",34,32,1,6,1,0,0,1,2,0,6,0,0,0,1,2,0,0,0.252,0.315,0.387,0.702,6,9,L,A.Pettitte(68)
81,84,82,82,Jul 2,@,NYY,"L,1-7",40,35,1,9,0,0,1,1,5,0,7,0,0,0,0,1,1,0,0.252,0.316,0.387,0.702,12,9,R,M.Mussina(60)
82,85,83,83,Jul 3,,TOR,"W,7-2",40,37,7,13,3,0,0,7,3,1,7,0,0,0,1,1,2,0,0.254,0.317,0.387,0.704,9,9,L,C.Michalak(18)
83,86,84,84,Jul 4,,TOR,"L,1-8",35,33,1,7,3,0,0,1,2,0,5,0,0,0,1,2,0,0,0.253,0.316,0.386,0.702,7,9,R,S.Parris(72)
84,87,85,85,Jul 5,,TOR,"L,4-7",38,38,4,10,2,0,1,4,0,0,8,0,0,0,0,0,1,0,0.253,0.316,0.386,0.702,7,10,R,J.Hamilton(53)
85,88,86,86,Jul 6,,FLA,"W,5-4",50,43,5,13,3,0,1,4,7,3,9,0,0,0,0,1,1,0,0.254,0.317,0.387,0.704,14,11,R,A.Burnett(43)
86,89,87,87,Jul 7,,FLA,"W,4-3",33,32,4,10,1,0,1,4,1,0,7,0,0,0,0,1,0,1,0.255,0.317,0.388,0.705,5,10,R,B.Penny(35)
87,90,88,88,Jul 8,,FLA,"L,1-6",35,32,1,4,3,1,0,1,3,0,7,0,0,0,2,1,0,0,0.253,0.316,0.386,0.702,7,11,R,R.Dempster(75)
88,91,89,89,Jul 12,@,MON,"W,10-0",48,40,10,14,2,0,1,10,7,0,5,1,0,0,0,0,0,1,0.254,0.318,0.388,0.705,11,14,R,T.Mattes(30)
89,92,90,90,Jul 13,@,MON,"L,2-6",33,31,2,4,0,0,1,2,2,0,9,0,0,0,0,0,0,0,0.253,0.316,0.386,0.702,4,13,R,J.Vazquez(73)
90,93,91,91,Jul 14,@,MON,"L,2-10",40,38,2,11,1,0,0,2,2,0,9,0,0,0,0,0,0,0,0.254,0.317,0.385,0.702,11,14,R,T.Armas(65)
91,94,92,92,Jul 15,@,ATL,"W,9-1",44,39,9,13,3,0,2,9,5,0,8,0,0,0,0,0,2,0,0.255,0.318,0.387,0.705,8,14,L,O.Perez(22)
92,95,93,93,Jul 16,@,ATL,"W,6-5",42,38,6,11,1,0,3,5,4,0,9,0,0,0,1,1,0,0,0.255,0.318,0.389,0.708,9,15,R,J.Marquis(33)
93,96,94,94,Jul 17,@,ATL,"L,0-4",32,32,0,6,0,0,0,0,0,0,9,0,0,0,0,1,0,0,0.254,0.317,0.387,0.704,5,11,R,G.Maddux(84)
94,97,95,95,Jul 18,,ANA,"L,1-2",34,30,1,4,2,0,0,1,3,0,7,0,1,0,0,0,0,0,0.253,0.316,0.386,0.702,6,13,R,I.Valdez(72)
95,98,96,96,Jul 19,,ANA,"L,1-2",38,36,1,9,2,0,0,1,1,0,11,1,0,0,1,0,1,1,0.253,0.316,0.385,0.7,10,12,L,J.Washburn(61)
96,99,97,97,Jul 20,,TEX,"L,1-4",39,36,1,11,2,0,0,1,3,0,8,0,0,0,0,1,0,0,0.254,0.316,0.384,0.701,11,10,L,D.Davis(59)
97,100,98,98,Jul 21,,TEX,"W,2-1",27,27,2,3,0,0,2,2,0,0,8,0,0,0,0,0,0,0,0.253,0.315,0.384,0.699,1,9,L,D.Oliver(76)
98,101,99,99,Jul 22,,TEX,"W,7-4",37,34,7,11,5,1,1,7,3,0,6,0,0,0,0,1,0,0,0.253,0.315,0.386,0.702,6,9,R,R.Bell(47)
99,102,100,100,Jul 24,@,ANA,"L,6-9",38,37,6,11,2,0,2,6,0,0,6,1,0,0,1,0,0,0,0.254,0.315,0.388,0.703,5,11,L,J.Washburn(45)
100,103,101,101,Jul 25,@,ANA,"W,3-1",37,30,3,6,0,1,1,3,4,2,7,1,2,0,1,2,2,0,0.253,0.315,0.388,0.703,7,10,R,M.Wise(60)
101,104,102,102,Jul 26,@,ANA,"L,3-5",34,33,3,6,1,0,1,3,1,0,10,0,0,0,0,0,0,0,0.253,0.314,0.387,0.701,4,9,R,R.Ortiz(59)
102,105,103,103,Jul 27,@,TEX,"L,7-13",38,33,7,9,0,0,3,7,5,0,4,0,0,0,0,3,0,0,0.253,0.315,0.388,0.703,4,9,R,R.Bell(31)
103,106,104,104,Jul 28,@,TEX,"W,7-3",50,38,7,11,2,0,1,7,8,1,8,1,1,2,0,0,3,0,0.253,0.316,0.389,0.705,13,10,R,A.Myette(55)
104,107,105,105,Jul 29,@,TEX,"L,0-2",31,30,0,4,1,0,0,0,0,0,4,1,0,0,0,0,0,0,0.252,0.315,0.387,0.702,4,10,R,R.Helling(83)
105,108,106,106,Jul 31,@,BAL,"W,5-4",36,34,5,9,3,0,0,5,1,0,5,0,0,1,0,0,1,1,0.252,0.315,0.386,0.701,4,9,R,J.Towers(30)
106,110,107,107,Aug 1,@,BAL,"L,5-6",40,37,5,10,2,0,0,5,2,0,3,1,0,0,1,0,1,1,0.253,0.315,0.386,0.7,8,10,R,J.Johnson(49)
107,111,108,108,Aug 2,@,BAL,"W,3-2",34,30,3,7,2,0,0,3,3,0,4,0,1,0,0,1,1,0,0.252,0.315,0.385,0.7,4,9,R,C.Maduro(54)
108,112,109,109,Aug 3,@,CHW,"L,0-4",28,27,0,1,0,0,0,0,0,0,3,1,0,0,0,1,0,0,0.251,0.313,0.383,0.695,1,9,L,M.Buehrle(88)
109,113,110,110,Aug 4,@,CHW,"L,6-8",42,37,6,15,3,0,0,6,2,0,5,2,0,1,0,4,2,0,0.252,0.314,0.384,0.698,9,9,R,S.Lowe(23)
110,114,111,111,Aug 5,@,CHW,"W,6-4",38,34,6,14,1,0,1,5,3,0,5,0,1,0,1,4,2,3,0.254,0.316,0.385,0.701,5,12,R,J.Garland(44)
111,115,112,112,Aug 6,@,CHW,"L,2-5",37,29,2,2,1,0,0,2,7,0,5,1,0,0,2,2,1,0,0.252,0.315,0.383,0.698,8,9,R,D.Wright(68)
112,116,113,113,Aug 7,,NYY,"W,3-2",35,32,3,9,0,0,0,3,2,1,6,0,1,0,2,1,0,0,0.253,0.315,0.382,0.697,8,9,R,M.Mussina(49)
113,117,114,114,Aug 8,,NYY,"L,1-16",36,35,1,8,1,0,0,0,1,0,6,0,0,0,2,2,0,0,0.252,0.315,0.381,0.696,8,10,L,A.Pettitte(61)
114,118,115,115,Aug 9,,NYY,"L,3-4",37,32,3,7,3,0,0,3,4,0,9,0,1,0,0,0,0,1,0.252,0.315,0.38,0.695,7,10,R,R.Clemens(61)
115,119,116,116,Aug 10,,MIN,"W,4-2",34,30,4,9,1,0,1,4,2,1,1,1,0,1,0,1,0,0,0.252,0.315,0.381,0.696,6,9,R,J.Mays(43)
116,120,117,117,Aug 11,,MIN,"W,4-3",34,29,4,5,0,0,2,4,5,0,6,0,0,0,1,1,3,0,0.252,0.315,0.381,0.695,6,10,L,B.Thomas(40)
117,121,118,118,Aug 12,,MIN,"W,4-3",45,37,4,11,2,0,2,4,5,0,6,0,3,0,0,1,1,1,0.252,0.315,0.382,0.697,8,10,R,R.Reed(45)
118,122,119,119,Aug 13,,MIN,"W,5-1",39,33,5,13,1,1,1,5,6,0,2,0,0,0,0,2,2,2,0.253,0.317,0.383,0.7,10,9,R,K.Lohse(31)
119,123,120,120,Aug 14,@,NYY,"L,3-5",34,32,3,7,1,0,0,3,2,0,5,0,0,0,0,2,1,0,0.253,0.317,0.382,0.699,4,9,L,A.Pettitte(57)
120,124,121,121,Aug 15,@,NYY,"L,3-10",34,30,3,5,1,0,0,3,4,0,8,0,0,0,0,1,0,1,0.253,0.316,0.381,0.697,4,10,R,R.Clemens(66)
121,125,122,122,Aug 16,@,NYY,"L,5-12",37,34,5,11,2,0,0,3,3,0,7,0,0,0,0,2,1,0,0.253,0.317,0.381,0.698,5,9,L,S.Hitchcock(42)
122,126,123,123,Aug 17,@,MIN,"W,9-4",44,36,9,11,4,0,0,9,5,0,8,3,0,0,0,0,2,1,0.254,0.318,0.381,0.699,8,9,R,R.Reed(17)
123,127,124,124,Aug 18,@,MIN,"L,4-6",38,33,4,6,1,0,0,4,5,0,8,0,0,0,0,0,3,0,0.253,0.318,0.38,0.698,7,11,R,K.Lohse(66)
124,128,125,125,Aug 19,@,MIN,"W,5-1",37,34,5,9,2,0,1,5,2,0,9,0,1,0,0,0,1,1,0.253,0.317,0.38,0.698,5,9,L,E.Milton(50)
125,129,126,126,Aug 21,,BAL,"W,8-4",41,37,8,13,5,0,2,7,4,0,6,0,0,0,1,1,2,0,0.254,0.318,0.383,0.701,9,9,R,J.Mercedes(35)
126,130,127,127,Aug 22,,BAL,"W,11-10",46,45,11,20,5,1,1,11,1,0,3,0,0,0,1,1,0,0,0.256,0.32,0.386,0.705,9,10,R,S.Ponson(38)
127,131,128,128,Aug 23,,BAL,"L,4-7",35,33,4,7,2,1,0,4,2,0,3,0,0,0,1,2,0,0,0.256,0.319,0.385,0.704,4,9,R,J.Towers(51)
128,132,129,129,Aug 24,,CHW,"L,4-5",36,34,4,9,2,0,1,4,1,0,3,0,1,0,0,0,1,1,0.256,0.319,0.385,0.704,5,10,L,M.Buehrle(44)
129,133,130,130,Aug 25,,CHW,"W,8-4",42,33,8,13,3,1,0,8,6,0,6,0,1,2,0,0,2,0,0.257,0.32,0.387,0.707,10,9,R,D.Wright(30)
130,134,131,131,Aug 26,,CHW,"L,2-3",38,31,2,6,2,0,0,2,5,0,7,1,1,0,0,1,1,0,0.256,0.32,0.386,0.706,9,12,R,J.Garland(52)
131,135,132,132,Aug 28,,SEA,"W,6-0",37,34,6,11,3,0,1,6,3,0,4,0,0,0,1,1,0,1,0.257,0.321,0.387,0.707,7,9,R,J.Pineiro(33)
132,136,133,133,Aug 29,,SEA,"L,2-5",32,31,2,5,1,1,0,2,0,0,7,1,0,0,0,1,0,0,0.256,0.32,0.386,0.705,3,9,L,J.Moyer(72)
133,137,134,134,Aug 30,,SEA,"L,0-4",38,35,0,9,2,0,0,0,2,0,9,1,0,0,0,1,2,0,0.256,0.32,0.385,0.705,11,10,R,F.Garcia(64)
134,138,135,135,Aug 31,,OAK,"L,5-9",39,37,5,9,2,0,0,5,1,0,5,1,0,0,1,0,1,0,0.256,0.319,0.384,0.704,7,9,R,C.Lidle(49)
135,140,136,136,Sep 1,,OAK,"W,8-6",40,35,8,12,2,0,3,8,4,0,5,0,1,0,0,0,4,0,0.257,0.32,0.387,0.707,8,10,R,E.Hiljus(45)
136,141,137,137,Sep 2,,OAK,"L,1-3",30,30,1,4,1,0,0,1,0,0,8,0,0,0,0,1,0,0,0.256,0.319,0.385,0.704,2,11,L,M.Mulder(83)
137,142,138,138,Sep 3,@,SEA,"L,2-3",40,39,2,9,2,0,1,2,1,0,7,0,0,0,0,1,1,1,0.256,0.318,0.385,0.703,5,9,L,J.Moyer(62)
138,143,139,139,Sep 4,@,SEA,"W,8-3",41,40,8,11,2,0,1,8,1,0,6,0,0,0,0,1,1,0,0.256,0.318,0.385,0.703,3,12,R,F.Garcia(78)
139,144,140,140,Sep 5,@,SEA,"L,6-12",39,38,6,12,3,1,0,6,1,0,7,0,0,0,0,0,1,0,0.256,0.318,0.385,0.704,6,11,R,A.Sele(19)
140,145,141,141,Sep 7,@,OAK,"L,3-9",36,33,3,8,3,0,1,3,3,0,7,0,0,0,0,0,0,1,0.256,0.318,0.386,0.704,6,10,R,E.Hiljus(47)
141,146,142,142,Sep 8,@,OAK,"L,4-10",39,37,4,10,1,0,0,4,1,0,6,1,0,0,1,0,0,1,0.256,0.318,0.385,0.703,8,10,L,M.Mulder(55)
142,147,143,143,Sep 9,@,OAK,"L,3-4",51,47,3,10,3,0,1,3,3,0,11,0,1,0,0,0,1,1,0.256,0.318,0.385,0.702,9,11,R,T.Hudson(61)
143,148,144,144,Sep 18,@,BOS,"L,2-7",34,33,2,5,1,0,0,2,1,0,11,0,0,0,2,0,2,1,0.255,0.317,0.383,0.7,5,9,R,H.Nomo(73)
144,149,145,145,Sep 19,@,BOS,"W,12-2",48,44,12,16,5,0,0,11,4,0,11,0,0,0,1,0,1,0,0.256,0.318,0.384,0.702,9,12,R,D.Cone(51)
145,150,146,146,Sep 20,@,BOS,"L,1-2",36,33,1,8,2,0,0,1,2,0,4,0,1,0,0,0,2,0,0.256,0.317,0.384,0.701,8,10,R,F.Castillo(64)
146,151,147,147,Sep 21,@,TOR,"W,7-4",39,36,7,12,4,0,3,7,3,0,3,0,0,0,0,0,0,1,0.257,0.318,0.386,0.704,5,9,R,B.Lyon(26)
147,152,148,148,Sep 22,@,TOR,"L,7-8",39,35,7,11,3,0,1,7,3,0,7,0,0,1,0,0,2,1,0.257,0.318,0.387,0.705,5,11,R,E.Loaiza(16)
148,153,149,149,Sep 23,@,TOR,"W,1-0",32,31,1,4,1,0,1,1,0,0,11,1,0,0,0,0,0,0,0.256,0.317,0.386,0.703,4,9,R,K.Escobar(74)
149,154,150,150,Sep 25,@,NYY,"W,4-0",41,37,4,12,1,0,0,4,3,0,10,0,1,0,0,2,3,0,0.257,0.318,0.385,0.703,10,9,R,R.Clemens(49)
150,155,151,151,Sep 26,@,NYY,"L,1-5",35,34,1,9,1,0,1,1,0,0,8,1,0,0,0,1,2,0,0.257,0.318,0.385,0.703,7,9,L,A.Pettitte(46)
151,156,152,152,Sep 27,,TOR,"W,5-1",37,33,5,10,3,0,0,4,3,1,2,0,1,0,1,1,0,0,0.257,0.318,0.386,0.703,8,9,R,B.Lyon(57)
152,157,153,153,Sep 28,,TOR,"W,6-1",36,31,6,9,4,1,0,6,4,0,5,0,1,0,0,1,2,0,0.257,0.318,0.386,0.704,6,9,R,K.Escobar(16)
153,158,154,154,Sep 29,,TOR,"W,5-2",35,32,5,9,4,0,0,3,2,0,4,0,1,0,1,0,1,1,0.257,0.318,0.386,0.704,6,9,R,R.Halladay(42)
154,159,155,155,Sep 30,,TOR,"L,5-6",49,46,5,13,3,0,0,4,2,2,7,0,1,0,0,2,1,0,0.258,0.318,0.386,0.704,8,15,R,C.Carpenter(51)
155,160,156,156,Oct 1,,BOS,"W,10-3",43,34,10,11,5,0,0,10,7,2,4,2,0,0,0,1,1,0,0.258,0.319,0.386,0.706,9,9,R,D.Cone(22)
156,161,157,157,Oct 2,,BOS,"W,10-3",45,36,10,13,6,1,0,7,5,0,7,3,0,1,2,0,0,0,0.259,0.32,0.388,0.708,11,9,L,C.Fossum(22)
157,162,158,158,Oct 3,,BOS,"L,3-10",33,32,3,7,2,0,1,3,0,0,9,0,0,1,0,1,1,0,0.259,0.32,0.388,0.707,3,9,R,D.Lowe(59)
158,163,159,159,Oct 4,,NYY,"W,4-1",34,32,4,8,1,0,3,4,1,0,2,1,0,0,1,0,0,0,0.259,0.32,0.389,0.708,6,9,R,A.Hernández(52)
159,164,160,160,Oct 5,,NYY,"W,8-4",36,31,8,8,4,0,0,8,4,0,6,1,0,0,0,0,2,1,0.259,0.32,0.389,0.708,4,9,R,R.Clemens(41)
160,165,161,161,Oct 6,,NYY,"W,5-2",38,34,5,12,1,0,1,5,3,0,7,0,1,0,0,1,1,0,0.259,0.32,0.389,0.71,9,9,L,A.Pettitte(57)
161,166,162,162,Oct 7,,NYY,"L,0-1",31,28,0,2,1,0,0,0,2,0,9,1,0,0,0,0,0,1,0.258,0.32,0.388,0.707,4,9,R,M.Mussina(64)
