,index,Rk,Gtm,Date,Unnamed: 3,Opp,Rslt,PA,AB,R,H,2B,3B,HR,RBI,BB,IBB,SO,HBP,SH,SF,ROE,GDP,SB,CS,BA,OBP,SLG,OPS,LOB,#,Thr,Opp. Starter (GmeSc)
0,0,1,1,Apr 4,,MIL,"L,2-9",36,36,2,9,1,1,0,2,0,0,7,0,0,0,0,0,0,0,0.25,0.25,0.333,0.583,7,14,R,B.Sheets(59)
1,1,2,2,Apr 6,,MIL,"L,2-10",37,32,2,7,1,0,1,2,3,0,5,2,0,0,0,2,0,0,0.235,0.288,0.338,0.626,8,17,L,D.Davis(59)
2,2,3,3,Apr 7,@,SDP,"L,0-1",47,43,0,10,1,0,0,0,4,0,15,0,0,0,0,3,1,0,0.234,0.292,0.306,0.598,11,18,R,J.Peavy(74)
3,3,4,4,Apr 8,@,SDP,"W,3-2",42,37,3,8,1,0,0,2,4,0,7,1,0,0,2,0,0,0,0.23,0.296,0.291,0.587,12,15,R,B.Lawrence(58)
4,4,5,5,Apr 9,@,SDP,"L,3-11",36,33,3,6,1,0,0,3,2,0,6,0,1,0,1,0,0,0,0.221,0.284,0.276,0.561,6,14,R,W.Williams(55)
5,5,6,6,Apr 10,@,SDP,"W,6-3",41,33,6,7,1,0,0,5,6,0,1,1,0,1,1,0,1,0,0.22,0.294,0.271,0.565,8,17,R,T.Redding(48)
6,6,7,7,Apr 11,@,MIL,"L,2-6",39,34,2,8,2,1,0,2,5,0,10,0,0,0,0,1,1,0,0.222,0.3,0.282,0.582,10,11,L,D.Davis(58)
7,7,8,8,Apr 12,@,MIL,"W,4-2",37,34,4,10,3,0,2,4,2,0,7,0,1,0,0,1,1,1,0.23,0.304,0.316,0.619,6,17,R,G.Glover(48)
8,8,9,9,Apr 13,@,MIL,"L,2-6",39,37,2,12,2,0,0,2,2,0,5,0,0,0,0,2,0,0,0.241,0.31,0.323,0.633,10,12,L,C.Capuano(46)
9,9,10,10,Apr 15,,CHC,"W,8-5",37,35,8,13,4,0,3,8,2,0,7,0,0,0,0,0,0,1,0.254,0.319,0.364,0.683,5,15,R,C.Zambrano(43)
10,10,11,11,Apr 16,,CHC,"L,3-4",39,34,3,8,0,0,1,3,5,0,7,0,0,0,0,1,0,0,0.253,0.32,0.361,0.681,9,13,R,R.Dempster(50)
11,11,12,12,Apr 17,,CHC,"L,2-4",34,32,2,6,2,0,0,2,2,0,4,0,0,0,1,1,0,0,0.248,0.314,0.352,0.666,5,13,R,G.Maddux(57)
12,12,13,13,Apr 18,,STL,"L,1-11",31,27,1,2,1,0,0,0,4,0,3,0,0,0,0,1,0,0,0.237,0.306,0.338,0.644,3,13,L,M.Mulder(75)
13,13,14,14,Apr 19,,STL,"L,1-7",33,32,1,5,0,1,1,1,1,0,11,0,0,0,0,0,1,0,0.232,0.298,0.336,0.635,5,14,R,M.Morris(66)
14,14,15,15,Apr 20,@,CIN,"L,4-6",40,38,4,12,2,1,0,4,1,0,10,0,1,0,0,0,0,0,0.238,0.301,0.342,0.643,9,13,R,P.Wilson(56)
15,15,16,16,Apr 21,@,CIN,"W,4-2",41,33,4,6,2,0,1,4,5,1,4,1,2,0,2,0,0,0,0.235,0.301,0.342,0.643,10,16,L,E.Milton(44)
16,16,17,17,Apr 23,@,CHC,"W,4-3",34,31,4,6,1,2,1,4,2,0,4,1,0,0,0,0,3,0,0.232,0.299,0.348,0.647,3,15,R,G.Maddux(68)
17,17,18,18,Apr 24,@,CHC,"L,2-5",36,31,2,6,4,0,0,2,5,0,12,0,0,0,0,1,0,1,0.23,0.3,0.346,0.646,7,12,R,K.Wood(58)
18,18,19,19,Apr 25,,HOU,"W,2-0",32,27,2,6,1,0,0,2,3,0,6,0,0,2,0,1,0,0,0.23,0.299,0.343,0.642,6,11,R,R.Oswalt(60)
19,19,20,20,Apr 27,,HOU,"W,2-0",35,31,2,9,1,2,0,2,3,0,4,1,0,0,0,2,0,0,0.233,0.302,0.348,0.65,9,13,L,A.Pettitte(48)
20,20,21,21,Apr 29,,SFG,"L,2-3",32,30,2,4,3,0,0,2,1,0,7,0,0,1,0,0,0,0,0.229,0.296,0.343,0.639,3,12,R,B.Tomko(77)
21,21,22,22,Apr 30,,SFG,"L,6-7",43,34,6,9,2,1,1,5,7,1,4,0,2,0,1,1,1,0,0.23,0.301,0.349,0.65,10,16,L,N.Lowry(34)
22,23,23,23,May 1,,SFG,"L,3-8",35,32,3,6,0,0,2,3,3,0,6,0,0,0,0,1,1,0,0.228,0.299,0.35,0.649,5,14,R,B.Hennessey(59)
23,24,24,24,May 2,@,HOU,"L,4-11",36,32,4,5,1,0,2,4,2,0,7,2,0,0,1,1,0,0,0.226,0.297,0.351,0.648,5,16,L,A.Pettitte(64)
24,25,25,25,May 3,@,HOU,"W,7-4",40,38,7,14,3,0,2,7,2,0,8,0,0,0,0,1,0,1,0.232,0.302,0.362,0.664,6,14,R,E.Astacio(47)
25,26,26,26,May 4,@,HOU,"W,6-4",42,34,6,9,2,0,2,6,6,1,12,1,0,1,0,0,3,1,0.233,0.305,0.368,0.673,9,13,R,R.Clemens(64)
26,27,27,27,May 5,@,ARI,"W,6-2",40,37,6,11,1,1,3,6,1,0,5,0,1,1,2,1,0,0,0.236,0.305,0.378,0.683,7,11,L,S.Estes(31)
27,28,28,28,May 6,@,ARI,"L,4-8",38,37,4,10,3,0,1,4,0,0,9,1,0,0,1,1,0,0,0.237,0.305,0.38,0.685,7,14,R,J.Vazquez(63)
28,29,29,29,May 7,@,ARI,"W,3-2",42,37,3,14,2,0,0,3,4,0,2,0,1,0,1,2,0,2,0.243,0.31,0.382,0.692,12,11,R,R.Ortiz(29)
29,30,30,30,May 8,@,ARI,"W,16-2",50,43,16,17,4,0,3,16,6,0,4,0,0,1,0,0,3,0,0.249,0.316,0.396,0.712,7,15,L,B.Halsey(44)
30,31,31,31,May 9,@,SFG,"L,1-2",33,32,1,6,1,0,0,1,1,1,7,0,0,0,0,1,0,0,0.247,0.313,0.39,0.704,5,9,R,B.Tomko(77)
31,32,32,32,May 10,@,SFG,"W,5-2",36,34,5,7,1,0,3,5,1,0,5,0,1,0,2,0,0,1,0.246,0.311,0.394,0.704,4,15,L,J.Fassero(67)
32,33,33,33,May 11,@,SFG,"W,7-2",35,35,7,9,2,0,3,7,0,0,8,0,0,0,0,0,0,0,0.246,0.309,0.399,0.708,1,12,L,N.Lowry(60)
33,34,34,34,May 13,,MIL,"L,3-4",37,34,3,8,2,0,1,3,3,0,7,0,0,0,0,1,0,0,0.246,0.309,0.399,0.708,7,16,L,C.Capuano(59)
34,35,35,35,May 14,,MIL,"W,2-0",37,31,2,9,5,0,0,2,4,0,4,1,1,0,0,1,0,0,0.247,0.311,0.4,0.711,11,9,R,V.Santos(38)
35,36,36,36,May 15,,MIL,"W,4-2",33,30,4,6,1,0,1,4,1,0,8,0,1,1,2,0,0,0,0.246,0.309,0.398,0.707,5,14,R,G.Glover(44)
36,37,37,37,May 17,,CHC,"L,3-4",34,32,3,7,1,0,2,3,2,0,7,0,0,0,0,1,0,0,0.245,0.308,0.399,0.707,4,13,R,M.Prior(56)
37,38,38,38,May 18,,CHC,"L,2-3",38,29,2,7,2,1,0,2,7,1,8,0,0,2,1,4,0,0,0.245,0.31,0.399,0.708,9,13,L,G.Rusch(57)
38,39,39,39,May 20,,COL,"W,9-4",41,36,9,12,1,1,2,9,4,1,7,1,0,0,2,0,0,0,0.248,0.313,0.404,0.716,8,14,R,J.Wright(47)
39,40,40,40,May 21,,COL,"W,8-3",38,32,8,11,5,1,0,8,4,0,4,0,1,1,0,1,0,0,0.25,0.315,0.408,0.723,6,15,R,J.Jennings(11)
40,41,41,41,May 22,,COL,"L,3-4",36,33,3,6,1,1,0,3,3,0,7,0,0,0,1,1,0,0,0.248,0.313,0.404,0.718,6,15,L,J.Kennedy(67)
41,42,42,42,May 23,@,STL,"L,2-4",36,32,2,7,2,0,1,2,3,0,7,0,0,1,0,0,0,1,0.248,0.312,0.404,0.716,7,13,R,C.Carpenter(68)
42,43,43,43,May 24,@,STL,"L,1-2",48,41,1,11,2,0,1,1,6,1,7,1,0,0,0,3,0,3,0.248,0.314,0.403,0.718,11,14,R,J.Marquis(50)
43,44,44,44,May 25,@,STL,"L,5-11",37,35,5,9,1,0,2,5,1,0,6,1,0,0,0,1,0,0,0.248,0.314,0.405,0.719,5,15,L,M.Mulder(56)
44,45,45,45,May 26,@,CIN,"W,8-4",45,39,8,13,5,0,2,8,6,2,7,0,0,0,0,1,0,0,0.25,0.317,0.41,0.727,10,15,R,E.Ramirez(16)
45,46,46,46,May 27,@,CIN,"L,5-6",38,36,5,13,3,0,1,4,1,0,7,0,1,0,1,2,1,1,0.253,0.318,0.413,0.731,6,16,R,R.Ortiz(44)
46,47,47,47,May 28,@,CIN,"W,9-2",44,40,9,15,2,0,3,9,1,0,8,1,1,1,0,0,0,0,0.256,0.32,0.419,0.739,8,16,L,E.Milton(15)
47,48,48,48,May 29,@,CIN,"L,2-11",36,33,2,7,2,0,1,2,3,0,5,0,0,0,0,1,0,0,0.255,0.319,0.418,0.737,7,14,L,B.Claussen(58)
48,49,49,49,May 30,,FLA,"W,3-2",46,35,3,8,4,0,0,2,10,0,7,1,0,0,0,2,1,0,0.255,0.321,0.416,0.738,14,16,L,A.Leiter(54)
49,50,50,50,May 31,,FLA,"W,5-4",36,29,5,7,1,0,1,5,3,0,5,1,2,1,2,1,0,0,0.254,0.322,0.415,0.737,7,14,R,A.Burnett(58)
50,52,51,51,Jun 1,,FLA,"W,9-1",41,37,9,15,3,1,1,9,3,1,4,0,1,0,0,1,2,0,0.258,0.324,0.42,0.744,8,12,R,B.Moehler(27)
51,53,52,52,Jun 2,,FLA,"L,3-6",36,33,3,9,0,1,0,3,2,0,3,0,1,0,0,2,0,0,0.258,0.324,0.418,0.742,6,15,L,D.Willis(53)
52,54,53,53,Jun 3,,ATL,"W,3-1",31,28,3,6,1,0,0,3,3,1,5,0,0,0,0,1,0,1,0.257,0.323,0.416,0.739,4,11,R,T.Hudson(54)
53,55,54,54,Jun 4,,ATL,"L,0-1",35,30,0,6,2,0,0,0,5,1,5,0,0,0,0,2,0,1,0.256,0.323,0.413,0.736,8,12,R,K.Davies(68)
54,56,55,55,Jun 5,,ATL,"W,5-2",37,30,5,11,3,0,2,5,4,1,4,0,2,1,1,0,0,0,0.258,0.325,0.417,0.742,8,12,R,S.Greisinger(46)
55,57,56,56,Jun 6,,BAL,"L,3-4",36,31,3,9,2,0,1,3,2,0,9,0,2,1,0,2,0,0,0.259,0.325,0.418,0.743,6,15,R,S.Ponson(52)
56,58,57,57,Jun 7,,BAL,"W,6-5",36,30,6,7,2,0,2,5,5,0,1,1,0,0,0,0,0,1,0.258,0.326,0.419,0.745,6,15,R,H.Penn(51)
57,59,58,58,Jun 8,,BAL,"W,6-1",34,32,6,10,4,1,0,5,2,0,4,0,0,0,0,2,0,0,0.259,0.326,0.42,0.746,4,11,L,B.Chen(49)
58,60,59,59,Jun 10,,TBD,"W,7-2",36,28,7,7,1,2,0,7,4,2,3,1,0,3,0,0,0,0,0.259,0.326,0.42,0.747,5,11,R,H.Nomo(42)
59,61,60,60,Jun 11,,TBD,"W,18-2",52,46,18,20,3,1,1,18,4,0,8,1,0,1,3,0,0,0,0.263,0.33,0.425,0.755,10,14,L,S.Kazmir(16)
60,62,61,61,Jun 12,,TBD,"L,5-7",53,47,5,12,4,0,1,4,4,1,6,1,1,0,0,2,0,0,0.263,0.33,0.424,0.754,9,19,L,M.Hendrickson(49)
61,63,62,62,Jun 14,@,NYY,"L,0-9",32,31,0,5,1,0,0,0,1,0,6,0,0,0,0,0,0,0,0.261,0.328,0.421,0.749,5,11,R,M.Mussina(82)
62,64,63,63,Jun 15,@,NYY,"L,5-7",40,38,5,9,0,0,2,5,2,0,9,0,0,0,0,1,0,0,0.261,0.327,0.42,0.747,5,9,R,K.Brown(42)
63,65,64,64,Jun 16,@,NYY,"L,1-6",33,33,1,5,0,0,1,1,0,0,11,0,0,0,1,0,0,0,0.259,0.325,0.418,0.742,5,9,L,R.Johnson(84)
64,66,65,65,Jun 17,@,BOS,"L,5-6",41,34,5,8,3,0,0,4,5,0,7,2,0,0,0,0,3,0,0.259,0.325,0.416,0.741,9,9,R,W.Miller(48)
65,67,66,66,Jun 18,@,BOS,"W,2-0",44,35,2,10,2,0,0,2,5,0,5,3,1,0,1,2,0,0,0.259,0.327,0.415,0.742,15,9,R,T.Wakefield(65)
66,68,67,67,Jun 19,@,BOS,"L,0-8",32,31,0,4,0,1,0,0,1,0,12,0,0,0,0,0,0,0,0.257,0.325,0.412,0.737,5,11,R,M.Clement(79)
67,69,68,68,Jun 20,,WSN,"L,4-7",36,34,4,10,1,0,0,4,1,0,5,1,0,0,1,4,0,0,0.258,0.325,0.411,0.736,5,13,R,L.Hernández(50)
68,70,69,69,Jun 21,,WSN,"W,11-4",41,34,11,14,6,0,1,11,6,1,3,0,1,0,0,1,0,1,0.26,0.327,0.415,0.742,6,15,R,R.Drese(21)
69,71,70,70,Jun 22,,WSN,"L,4-5",36,33,4,7,0,0,3,4,2,0,6,0,1,0,0,0,0,0,0.26,0.327,0.416,0.742,5,14,R,J.Patterson(45)
70,72,71,71,Jun 23,@,STL,"W,11-7",46,38,11,12,0,0,1,7,4,0,7,1,0,3,3,0,0,0,0.26,0.327,0.415,0.743,8,11,R,M.Morris(29)
71,73,72,72,Jun 24,@,STL,"L,1-8",32,29,1,5,0,0,0,1,1,0,5,1,1,0,0,2,0,0,0.259,0.326,0.412,0.739,4,11,R,J.Suppan(73)
72,74,73,73,Jun 25,@,STL,"L,0-8",29,29,0,4,0,0,0,0,0,0,11,0,0,0,0,2,0,0,0.258,0.324,0.409,0.733,2,12,R,C.Carpenter(90)
73,75,74,74,Jun 26,@,STL,"W,5-4",37,33,5,7,1,0,3,5,2,0,1,1,1,0,0,0,0,2,0.257,0.324,0.411,0.734,2,15,R,J.Marquis(49)
74,76,75,75,Jun 28,@,WSN,"L,1-2",33,32,1,5,2,0,0,1,0,0,4,1,0,0,0,0,0,0,0.256,0.322,0.408,0.73,5,11,R,R.Drese(72)
75,77,76,76,Jun 29,@,WSN,"L,2-3",39,33,2,8,1,0,1,2,4,1,5,2,0,0,0,0,2,1,0.256,0.322,0.408,0.73,10,15,R,J.Patterson(55)
76,78,77,77,Jun 30,@,WSN,"L,5-7",42,39,5,12,3,0,0,5,2,1,8,1,0,0,0,0,0,0,0.257,0.323,0.407,0.73,10,18,R,E.Loaiza(47)
77,80,78,78,Jul 1,@,MIL,"L,4-8",36,33,4,10,2,1,1,4,3,1,5,0,0,0,0,3,0,0,0.257,0.323,0.409,0.732,5,12,R,T.Ohka(33)
78,81,79,79,Jul 2,@,MIL,"L,3-5",41,33,3,6,2,0,0,3,6,1,8,2,0,0,0,0,0,0,0.256,0.324,0.407,0.73,11,13,R,V.Santos(46)
79,82,80,80,Jul 3,@,MIL,"W,11-10",48,39,11,16,5,0,2,10,6,0,10,1,1,1,0,1,1,0,0.259,0.326,0.411,0.737,10,16,L,D.Davis(45)
80,83,81,81,Jul 4,,PHI,"L,1-12",36,34,1,7,3,0,0,1,1,0,7,1,0,0,0,0,0,0,0.258,0.325,0.409,0.735,8,16,R,C.Lidle(65)
81,84,82,82,Jul 5,,PHI,"W,3-0",35,32,3,9,3,0,1,3,2,0,5,0,1,0,0,0,0,0,0.258,0.325,0.41,0.735,8,9,R,J.Lieber(50)
82,85,83,83,Jul 6,,PHI,"L,0-5",35,31,0,5,4,0,0,0,4,0,5,0,0,0,0,1,0,0,0.257,0.324,0.409,0.733,8,14,R,V.Padilla(62)
83,86,84,84,Jul 7,,PHI,"W,2-1",32,27,2,4,2,0,1,2,5,0,5,0,0,0,0,0,1,1,0.256,0.324,0.408,0.732,6,14,R,B.Myers(51)
84,87,85,85,Jul 8,,NYM,"W,6-5",43,38,6,10,3,0,0,6,3,1,4,0,1,1,3,2,0,0,0.256,0.324,0.407,0.731,8,16,R,V.Zambrano(71)
85,88,86,86,Jul 9,,NYM,"W,11-4",41,34,11,12,2,0,2,11,5,1,9,0,1,1,0,0,0,0,0.257,0.325,0.409,0.734,6,14,L,K.Ishii(43)
86,89,87,87,Jul 10,,NYM,"L,1-6",34,33,1,6,0,0,0,1,1,0,13,0,0,0,0,0,0,0,0.256,0.324,0.407,0.73,6,14,R,P.Martinez(71)
87,90,88,88,Jul 14,@,CHC,"L,1-5",34,30,1,2,0,0,0,1,4,0,10,0,0,0,2,1,0,0,0.255,0.322,0.403,0.726,6,13,R,M.Prior(83)
88,91,89,89,Jul 15,@,CHC,"L,1-11",32,31,1,4,1,0,1,1,1,0,6,0,0,0,1,1,0,0,0.253,0.321,0.402,0.722,4,17,R,K.Wood(69)
89,92,90,90,Jul 16,@,CHC,"W,3-0",35,32,3,5,1,0,1,3,1,0,6,1,0,1,1,0,1,0,0.252,0.32,0.4,0.72,5,11,R,G.Maddux(67)
90,93,91,91,Jul 17,@,CHC,"L,2-8",37,33,2,8,1,0,0,2,4,0,4,0,0,0,1,2,0,0,0.252,0.32,0.399,0.719,8,16,R,C.Zambrano(70)
91,94,92,92,Jul 18,,HOU,"L,1-11",37,30,1,6,0,0,0,1,6,0,6,0,1,0,0,2,0,0,0.252,0.32,0.397,0.717,9,15,R,B.Backe(62)
92,95,93,93,Jul 19 (1),,HOU,"L,3-9",40,36,3,8,0,0,2,3,3,0,9,0,0,1,1,0,0,0,0.251,0.319,0.397,0.716,10,14,R,E.Astacio(57)
93,96,94,94,Jul 19 (2),,HOU,"L,4-6",36,35,4,8,3,0,0,2,1,0,9,0,0,0,1,1,0,0,0.251,0.318,0.396,0.715,5,14,L,W.Rodriguez(51)
94,97,95,95,Jul 20,,HOU,"L,0-8",39,35,0,9,1,0,0,0,3,0,8,1,0,0,0,1,0,0,0.251,0.319,0.395,0.714,12,13,L,A.Pettitte(73)
95,98,96,96,Jul 21,,COL,"W,8-1",37,34,8,13,0,0,1,8,3,0,5,0,0,0,0,2,0,0,0.252,0.32,0.396,0.716,5,12,L,J.Francis(19)
96,99,97,97,Jul 22,,COL,"L,3-5",46,42,3,13,1,0,0,3,3,0,10,1,0,0,0,0,3,0,0.253,0.32,0.395,0.715,13,17,R,J.Wright(53)
97,100,98,98,Jul 23,,COL,"W,5-3",37,31,5,7,2,0,0,5,6,1,8,0,0,0,1,1,1,0,0.253,0.321,0.394,0.715,8,14,R,B.Kim(50)
98,101,99,99,Jul 24,,COL,"W,3-0",33,30,3,8,3,1,1,3,1,0,5,0,1,1,0,0,0,0,0.253,0.32,0.395,0.716,6,10,R,S.Chacon(53)
99,102,100,100,Jul 26,@,FLA,"W,6-3",45,40,6,16,2,0,0,6,5,2,7,0,0,0,0,2,5,1,0.255,0.322,0.396,0.718,12,15,R,B.Moehler(30)
100,103,101,101,Jul 27,@,FLA,"L,1-3",37,33,1,7,1,1,0,1,4,1,13,0,0,0,0,1,2,0,0.254,0.322,0.395,0.717,9,15,R,I.Valdez(53)
101,104,102,102,Jul 28,@,FLA,"L,0-3",32,31,0,4,1,1,0,0,1,0,8,0,0,0,0,0,0,0,0.253,0.321,0.393,0.714,5,11,L,D.Willis(77)
102,105,103,103,Jul 29,@,ATL,"L,1-2",34,29,1,7,1,0,0,1,3,1,5,0,1,1,0,2,0,0,0.253,0.32,0.392,0.713,6,15,L,H.Ramirez(68)
103,106,104,104,Jul 30,@,ATL,"L,6-9",36,32,6,5,0,0,1,6,4,0,12,0,0,0,1,0,0,1,0.252,0.32,0.391,0.711,3,14,R,K.Davies(61)
104,107,105,105,Jul 31,@,ATL,"L,4-5",39,37,4,10,1,0,0,4,2,0,5,0,0,0,0,0,1,0,0.252,0.32,0.39,0.71,8,13,R,J.Smoltz(56)
105,109,106,106,Aug 1,@,ATL,"W,4-1",39,36,4,8,0,0,2,4,2,0,8,1,0,0,3,1,1,1,0.252,0.319,0.39,0.709,8,11,R,T.Hudson(45)
106,110,107,107,Aug 2,,SDP,"L,3-11",35,34,3,9,4,0,1,3,1,0,10,0,0,0,0,2,0,0,0.252,0.319,0.391,0.71,5,16,R,J.Peavy(60)
107,111,108,108,Aug 3,,SDP,"W,9-8",42,36,9,10,4,0,1,8,5,0,2,1,0,0,0,0,0,0,0.253,0.32,0.392,0.711,7,15,R,C.Park(21)
108,112,109,109,Aug 4,,SDP,"L,7-12",43,39,7,13,4,0,1,6,2,0,5,1,0,1,1,1,0,0,0.253,0.32,0.393,0.713,9,16,R,B.Lawrence(50)
109,113,110,110,Aug 5,,LAD,"L,6-12",41,36,6,9,2,0,1,5,4,0,8,0,0,1,1,0,1,0,0.253,0.32,0.393,0.713,8,14,R,D.Lowe(55)
110,114,111,111,Aug 6,,LAD,"W,9-4",40,39,9,15,4,1,1,9,1,0,7,0,0,0,2,2,3,0,0.255,0.321,0.395,0.716,7,14,L,O.Perez(38)
111,115,112,112,Aug 7,,LAD,"L,4-6",35,34,4,9,2,0,0,4,1,0,5,0,0,0,0,1,0,0,0.255,0.321,0.395,0.715,4,14,R,J.Weaver(72)
112,116,113,113,Aug 9,@,COL,"W,12-4",48,46,12,19,3,0,1,12,1,0,5,0,0,1,1,0,0,0,0.257,0.322,0.396,0.718,9,14,R,J.Acevedo(1)
113,117,114,114,Aug 10,@,COL,"L,5-6",42,36,5,7,1,1,0,5,5,1,6,0,1,0,1,1,0,0,0.256,0.321,0.395,0.717,7,16,R,A.Cook(50)
114,118,115,115,Aug 11,@,COL,"W,11-3",45,42,11,17,2,2,1,11,1,0,3,0,1,1,2,2,2,0,0.258,0.322,0.398,0.72,7,13,L,J.Francis(0)
115,119,116,116,Aug 12,@,HOU,"L,5-6",40,37,5,11,1,0,2,5,3,1,6,0,0,0,1,2,0,0,0.258,0.323,0.398,0.721,8,14,R,R.Oswalt(41)
116,120,117,117,Aug 13,@,HOU,"W,1-0",32,30,1,4,0,0,1,1,2,0,10,0,0,0,0,1,1,0,0.257,0.322,0.397,0.719,4,12,R,R.Clemens(87)
117,121,118,118,Aug 14,@,HOU,"W,8-0",40,36,8,10,0,0,4,8,2,0,10,2,0,0,0,1,2,0,0.257,0.322,0.399,0.721,5,9,R,E.Astacio(48)
118,122,119,119,Aug 16,@,NYM,"L,2-6",36,32,2,8,0,1,0,2,2,0,3,0,1,1,1,2,0,0,0.257,0.322,0.398,0.72,7,12,R,K.Benson(56)
119,123,120,120,Aug 17,@,NYM,"L,1-5",36,35,1,9,2,0,1,1,1,1,6,0,0,0,0,1,0,0,0.257,0.321,0.398,0.72,8,13,L,T.Glavine(56)
120,124,121,121,Aug 18,@,NYM,"W,5-0",37,34,5,11,3,0,1,5,1,0,3,2,0,0,0,1,0,1,0.258,0.322,0.399,0.721,5,13,R,V.Zambrano(46)
121,125,122,122,Aug 19,@,PHI,"W,11-2",48,42,11,13,3,0,2,11,3,0,8,2,0,1,3,0,0,0,0.258,0.322,0.401,0.723,10,14,R,R.Tejeda(24)
122,126,123,123,Aug 20,@,PHI,"L,1-6",34,31,1,6,1,0,0,1,2,0,5,0,0,1,0,0,0,1,0.258,0.322,0.399,0.721,6,14,R,B.Myers(74)
123,127,124,124,Aug 21,@,PHI,"L,3-4",37,36,3,9,0,0,1,3,1,1,7,0,0,0,0,0,0,0,0.258,0.321,0.399,0.72,7,15,L,E.Brito(58)
124,128,125,125,Aug 22,,STL,"L,1-3",32,28,1,3,0,0,0,1,2,0,4,0,1,1,2,1,0,0,0.257,0.32,0.397,0.717,4,14,L,M.Mulder(73)
125,129,126,126,Aug 23,,STL,"W,10-0",45,37,10,16,0,1,1,10,5,0,9,1,0,2,0,1,0,0,0.258,0.322,0.398,0.72,11,17,R,J.Marquis(14)
126,130,127,127,Aug 24,,STL,"L,3-8",32,30,3,4,1,1,0,3,2,0,5,0,0,0,0,1,0,0,0.257,0.321,0.397,0.718,2,15,R,C.Carpenter(64)
127,131,128,128,Aug 25,,STL,"L,3-6",39,39,3,12,1,1,0,3,0,0,4,0,0,0,0,0,0,0,0.258,0.321,0.397,0.718,9,13,R,M.Morris(53)
128,132,129,129,Aug 26,,CIN,"L,1-6",36,33,1,8,2,1,0,1,1,0,7,1,1,0,0,0,0,1,0.258,0.32,0.397,0.717,8,14,R,A.Harang(63)
129,133,130,130,Aug 27,,CIN,"L,2-4",41,38,2,9,1,0,1,2,3,0,8,0,0,0,1,2,1,0,0.258,0.32,0.396,0.717,9,18,L,E.Milton(72)
130,134,131,131,Aug 28,,CIN,"L,2-7",38,32,2,8,2,0,1,2,4,1,9,1,1,0,0,0,3,1,0.258,0.32,0.396,0.717,9,14,R,L.Hudson(65)
131,135,132,132,Aug 30,@,MIL,"W,6-0",38,34,6,8,3,0,0,6,4,0,9,0,0,0,0,0,1,0,0.257,0.32,0.396,0.716,5,11,L,D.Davis(51)
132,136,133,133,Aug 31,@,MIL,"L,5-6",38,36,5,11,2,0,2,5,2,0,8,0,0,0,0,1,0,0,0.258,0.321,0.397,0.717,6,14,R,T.Ohka(38)
133,138,134,134,Sep 2,,CHC,"L,3-7",38,38,3,12,2,0,0,3,0,0,13,0,0,0,0,0,1,0,0.258,0.321,0.397,0.717,8,17,R,G.Maddux(55)
134,139,135,135,Sep 3,,CHC,"L,5-9",37,32,5,6,3,0,0,5,4,0,10,0,0,1,1,0,0,0,0.258,0.32,0.396,0.716,5,18,R,C.Zambrano(54)
135,140,136,136,Sep 4,,CHC,"L,0-2",33,29,0,4,0,0,0,0,2,0,9,1,1,0,0,1,0,0,0.257,0.32,0.394,0.714,6,15,R,J.Williams(73)
136,141,137,137,Sep 6,,ARI,"L,2-4",53,50,2,15,0,0,2,2,2,1,11,1,0,0,0,1,2,0,0.257,0.32,0.395,0.714,15,17,R,J.Vazquez(43)
137,142,138,138,Sep 7,,ARI,"L,2-4",38,36,2,9,2,0,1,2,1,0,7,0,1,0,1,0,0,0,0.257,0.319,0.394,0.714,9,16,R,B.Webb(58)
138,143,139,139,Sep 8,,ARI,"W,8-7",53,42,8,11,3,0,2,8,8,1,4,1,2,0,1,1,1,0,0.257,0.32,0.395,0.715,11,19,R,D.Nippert(45)
139,144,140,140,Sep 9,@,CIN,"W,8-4",44,34,8,8,2,0,2,8,4,0,5,4,0,2,1,0,0,0,0.257,0.32,0.396,0.716,9,14,R,L.Hudson(24)
140,145,141,141,Sep 10,@,CIN,"L,2-6",37,32,2,8,1,0,0,2,2,0,6,0,1,2,1,1,0,0,0.257,0.32,0.395,0.715,8,13,R,R.Ortiz(67)
141,146,142,142,Sep 11,@,CIN,"L,3-5",40,35,3,9,3,0,0,3,5,0,6,0,0,0,0,1,3,0,0.257,0.32,0.395,0.715,10,16,L,B.Claussen(57)
142,147,143,143,Sep 12,@,STL,"L,3-4",40,35,3,11,3,0,0,3,1,0,4,3,1,0,0,1,0,0,0.258,0.321,0.395,0.715,10,15,L,M.Mulder(53)
143,148,144,144,Sep 13,@,STL,"L,4-5",41,38,4,13,2,0,1,4,2,0,4,0,1,0,1,2,0,0,0.258,0.321,0.395,0.716,10,18,R,C.Carpenter(37)
144,149,145,145,Sep 14,@,STL,"W,5-3",39,39,5,10,2,0,3,5,0,0,9,0,0,0,2,0,0,0,0.258,0.321,0.396,0.717,7,17,R,J.Marquis(47)
145,150,146,146,Sep 16 (1),,CIN,"L,2-8",36,32,2,8,2,0,0,2,2,0,8,1,0,1,0,1,0,0,0.258,0.321,0.396,0.717,7,19,L,B.Claussen(65)
146,151,147,147,Sep 16 (2),,CIN,"W,5-4",42,36,5,13,4,0,0,5,6,1,6,0,0,0,0,1,0,0,0.259,0.322,0.396,0.718,13,17,R,R.Ortiz(50)
147,152,148,148,Sep 17,,CIN,"W,4-0",32,30,4,7,1,0,2,4,0,0,7,0,1,1,1,1,1,0,0.259,0.321,0.397,0.718,4,10,R,A.Harang(47)
148,153,149,149,Sep 18,,CIN,"W,9-7",42,35,9,12,1,1,0,9,4,1,8,2,1,0,0,0,2,0,0.259,0.322,0.397,0.719,9,17,L,E.Milton(14)
149,154,150,150,Sep 19,,HOU,"W,7-0",43,39,7,15,4,1,1,7,1,1,7,2,0,1,1,0,1,0,0.26,0.323,0.399,0.721,12,10,R,R.Clemens(31)
150,155,151,151,Sep 20,,HOU,"L,4-7",43,37,4,11,2,0,1,4,5,0,6,0,1,0,1,0,0,0,0.261,0.323,0.399,0.722,12,17,L,A.Pettitte(49)
151,156,152,152,Sep 21,,HOU,"L,8-12",45,42,8,15,3,1,3,7,2,0,11,0,1,0,1,0,0,0,0.261,0.324,0.401,0.725,10,18,R,R.Oswalt(44)
152,157,153,153,Sep 22,,HOU,"L,1-2",33,32,1,5,0,0,1,1,0,0,8,1,0,0,0,0,0,0,0.261,0.323,0.4,0.723,5,14,R,B.Backe(75)
153,158,154,154,Sep 23,@,LAD,"L,3-4",32,30,3,5,0,0,2,3,2,0,9,0,0,0,0,1,0,0,0.26,0.322,0.4,0.722,2,15,R,D.Houlton(61)
154,159,155,155,Sep 24,@,LAD,"W,8-3",45,40,8,13,4,0,1,8,4,0,9,0,1,0,1,0,0,0,0.261,0.323,0.401,0.724,10,14,L,O.Perez(49)
155,160,156,156,Sep 25,@,LAD,"L,2-9",40,35,2,7,2,0,1,2,5,0,6,0,0,0,1,0,0,0,0.26,0.323,0.4,0.723,11,18,R,D.Lowe(55)
156,161,157,157,Sep 26,@,LAD,"L,4-9",39,35,4,7,1,0,1,3,4,0,3,0,0,0,1,0,2,0,0.26,0.322,0.4,0.722,8,15,R,E.Jackson(50)
157,162,158,158,Sep 27,@,CHC,"W,5-3",38,35,5,8,1,0,2,5,1,0,6,0,2,0,2,0,2,0,0.26,0.322,0.4,0.722,6,11,R,G.Maddux(56)
158,163,159,159,Sep 28,@,CHC,"W,3-2",41,35,3,7,0,0,1,2,5,0,14,1,0,0,1,0,0,0,0.259,0.322,0.399,0.721,11,15,R,M.Prior(50)
159,164,160,160,Sep 30,,MIL,"L,5-6",43,36,5,7,3,0,0,4,6,0,14,1,0,0,2,0,3,1,0.259,0.322,0.399,0.72,11,19,L,D.Davis(45)
160,165,161,161,Oct 1,,MIL,"W,5-1",36,30,5,9,4,1,0,5,5,0,4,0,0,1,0,1,0,1,0.259,0.322,0.399,0.721,7,14,R,T.Ohka(41)
161,166,162,162,Oct 2,,MIL,"W,3-1",34,31,3,9,3,0,2,3,3,0,4,0,0,0,0,1,0,0,0.259,0.322,0.4,0.723,7,15,L,C.Capuano(42)
