,index,Rk,Gtm,Date,Unnamed: 3,Opp,Rslt,PA,AB,R,H,2B,3B,HR,RBI,BB,IBB,SO,HBP,SH,SF,ROE,GDP,SB,CS,BA,OBP,SLG,OPS,LOB,#,Thr,Opp. Starter (GmeSc)
0,0,1,1,Mar 29,,MIN,"W,3-2",40,34,3,5,1,1,1,3,5,2,13,0,1,0,0,1,1,0,0.147,0.256,0.324,0.58,7,11,R,J.Odorizzi(73)
1,1,2,2,Mar 31,,MIN,"L,2-6",37,30,2,3,1,0,1,2,7,0,11,0,0,0,0,0,0,0,0.125,0.263,0.281,0.544,8,11,R,K.Gibson(73)
2,2,3,3,Apr 1,,MIN,"L,0-7",31,30,0,3,1,0,0,0,1,0,6,0,0,0,0,0,0,0,0.117,0.224,0.234,0.458,4,9,R,J.Berrios(86)
3,3,4,4,Apr 2,@,HOU,"L,1-6",36,33,1,6,2,0,1,1,2,0,9,1,0,0,0,0,0,0,0.134,0.231,0.26,0.491,8,10,R,C.Morton(70)
4,4,5,5,Apr 3,@,HOU,"L,6-10",41,38,6,12,3,0,2,6,2,0,13,0,0,1,1,1,1,0,0.176,0.255,0.327,0.583,8,9,R,J.Verlander(51)
5,5,6,6,Apr 4,@,HOU,"L,2-3",39,35,2,8,1,0,0,1,4,0,10,0,0,0,1,1,1,0,0.185,0.265,0.315,0.58,10,11,L,D.Keuchel(50)
6,6,7,7,Apr 5,@,NYY,"W,5-2",37,36,5,10,2,0,1,5,1,0,13,0,0,0,0,0,1,0,0.199,0.269,0.331,0.6,5,10,R,M.Tanaka(56)
7,7,8,8,Apr 6,@,NYY,"W,7-3",61,51,7,9,0,0,4,7,8,0,16,1,1,0,2,1,0,0,0.195,0.275,0.345,0.62,12,12,L,C.Sabathia(45)
8,8,9,9,Apr 7,@,NYY,"L,3-8",36,34,3,6,3,0,0,3,2,0,10,0,0,0,1,0,0,0,0.193,0.27,0.336,0.606,6,9,R,S.Gray(54)
9,9,10,10,Apr 8,@,NYY,"W,8-7",54,50,8,16,1,0,2,8,4,0,15,0,0,0,0,2,2,0,0.21,0.283,0.353,0.636,10,10,L,J.Montgomery(29)
10,10,11,11,Apr 9,,TOR,"L,1-7",39,35,1,9,0,0,1,1,3,0,11,1,0,0,1,2,0,0,0.214,0.287,0.352,0.64,11,11,L,J.Happ(64)
11,11,12,12,Apr 10,,TOR,"L,1-2",33,27,1,3,2,0,0,1,5,1,4,1,0,0,0,2,0,1,0.208,0.286,0.342,0.628,5,10,R,A.Sanchez(71)
12,12,13,13,Apr 11,,TOR,"W,5-3",38,34,5,11,4,0,0,5,3,0,11,0,0,1,0,0,0,0,0.216,0.292,0.349,0.641,9,10,R,M.Estrada(36)
13,13,14,14,Apr 13,@,BOS,"L,3-7",37,34,3,9,1,0,0,3,2,0,12,0,0,1,0,0,0,0,0.22,0.293,0.345,0.638,7,12,L,E.Rodriguez(64)
14,14,15,15,Apr 14,@,BOS,"L,3-10",35,34,3,9,3,0,1,3,1,0,9,0,0,0,0,2,0,0,0.222,0.292,0.351,0.644,5,11,R,H.Velazquez(51)
15,15,16,16,Apr 15,@,BOS,"L,1-3",33,30,1,3,1,0,0,1,3,0,14,0,0,0,0,0,1,0,0.216,0.286,0.34,0.626,5,11,L,C.Sale(65)
16,16,17,17,Apr 17,@,DET,"L,2-4",36,31,2,6,0,0,1,2,5,0,12,0,0,0,0,1,0,0,0.215,0.287,0.337,0.625,7,12,L,F.Liriano(53)
17,17,18,18,Apr 18,@,DET,"L,5-6",38,33,5,7,2,0,2,5,4,0,10,0,0,1,0,0,0,0,0.215,0.288,0.343,0.631,6,12,L,M.Boyd(68)
18,18,19,19,Apr 19,@,DET,"L,8-13",42,39,8,14,6,0,3,8,3,0,11,0,0,0,0,1,0,0,0.223,0.294,0.367,0.661,7,9,R,J.Zimmermann(43)
19,19,20,20,Apr 20,,CLE,"W,3-1",33,29,3,6,3,0,1,3,3,1,6,1,0,0,0,1,0,0,0.222,0.295,0.369,0.663,6,10,R,T.Bauer(58)
20,20,21,21,Apr 21,,CLE,"L,0-4",31,29,0,2,0,0,0,0,2,0,3,0,0,0,1,1,0,0,0.216,0.288,0.357,0.645,4,9,R,M.Clevinger(84)
21,21,22,22,Apr 22,,CLE,"L,3-7",32,32,3,6,1,0,2,3,0,0,7,0,0,0,0,1,0,0,0.215,0.284,0.359,0.643,2,10,R,C.Kluber(57)
22,22,23,23,Apr 23,,CLE,"L,1-2",34,32,1,7,1,0,0,1,2,1,11,0,0,0,0,0,1,0,0.215,0.284,0.354,0.638,6,11,R,C.Carrasco(67)
23,23,24,24,Apr 25,,TBR,"L,4-8",35,32,4,5,4,0,1,4,3,0,10,0,0,0,0,0,0,0,0.213,0.281,0.355,0.637,4,9,R,J.Faria(41)
24,24,25,25,Apr 26,,TBR,"L,5-9",42,39,5,16,1,0,2,5,1,0,9,2,0,0,0,4,1,0,0.222,0.289,0.366,0.655,10,10,R,C.Archer(36)
25,25,26,26,Apr 27,,DET,"W,6-0",33,32,6,8,2,0,3,6,1,1,5,0,0,0,0,0,1,0,0.223,0.288,0.374,0.663,3,10,R,M.Fiers(56)
26,26,27,27,Apr 28,,DET,"L,5-9",39,33,5,8,1,1,0,5,5,0,4,1,0,0,0,1,0,0,0.224,0.291,0.373,0.664,7,12,L,F.Liriano(48)
27,27,28,28,Apr 29,,DET,"W,5-3",38,32,5,8,1,0,3,5,5,0,9,1,0,0,0,0,2,1,0.224,0.294,0.379,0.673,9,9,L,D.Norris(39)
28,29,29,29,May 1,@,LAA,"L,2-3",33,31,2,4,2,0,0,2,2,0,6,0,0,0,0,0,0,0,0.221,0.291,0.373,0.664,4,10,R,N.Tropeano(74)
29,30,30,30,May 2,@,LAA,"L,7-10",40,34,7,10,0,2,0,7,4,0,6,0,0,2,0,1,0,0,0.224,0.293,0.374,0.667,6,12,L,A.Heaney(59)
30,31,31,31,May 3,@,LAA,"L,3-12",36,34,3,8,0,0,0,3,2,0,5,0,0,0,1,2,0,0,0.224,0.292,0.37,0.662,6,12,R,J.Barria(56)
31,32,32,32,May 4,@,OAK,"L,4-6",37,35,4,9,2,0,1,4,2,1,11,0,0,0,0,1,0,0,0.225,0.292,0.371,0.663,6,10,R,D.Mengden(61)
32,33,33,33,May 5,@,OAK,"L,0-2",47,41,0,7,3,0,0,0,5,1,20,1,0,0,0,0,1,2,0.223,0.292,0.366,0.658,11,11,R,T.Cahill(75)
33,34,34,34,May 6,@,OAK,"L,1-2",31,29,1,3,0,0,1,1,1,1,9,0,1,0,0,0,0,0,0.22,0.288,0.362,0.65,3,10,R,A.Triggs(78)
34,35,35,35,May 8,,KCR,"L,7-15",45,40,7,14,1,0,3,7,4,0,8,0,0,1,0,0,0,0,0.225,0.292,0.37,0.662,11,11,L,D.Duffy(55)
35,36,36,36,May 9,,KCR,"W,5-3",34,32,5,9,1,0,1,5,2,0,3,0,0,0,0,1,0,0,0.226,0.293,0.371,0.664,5,10,L,E.Skoglund(53)
36,37,37,37,May 10,,KCR,"W,11-6",40,37,11,14,4,0,3,11,3,0,6,0,0,0,0,1,0,0,0.231,0.296,0.382,0.678,5,11,R,I.Kennedy(12)
37,38,38,38,May 11,,TBR,"W,9-4",35,33,9,10,1,0,4,9,1,0,6,1,0,0,0,1,0,0,0.232,0.298,0.39,0.687,2,10,R,J.Faria(30)
38,39,39,39,May 12 (1),,TBR,"W,6-3",34,31,6,7,2,0,3,4,3,0,5,0,0,0,0,0,2,0,0.232,0.297,0.394,0.691,4,10,R,C.Archer(40)
39,40,40,40,May 12 (2),,TBR,"L,3-10",32,30,3,4,2,0,1,3,2,0,7,0,0,0,0,0,0,0,0.23,0.295,0.392,0.687,2,9,R,M.Andriese(54)
40,41,41,41,May 13,,TBR,"W,17-1",49,44,17,19,3,1,4,17,5,0,5,0,0,0,1,0,0,0,0.236,0.301,0.405,0.707,8,11,L,B.Snell(29)
41,42,42,42,May 16,,PHI,"L,1-4",33,31,1,4,2,0,1,1,2,0,13,0,0,0,0,0,0,0,0.234,0.299,0.403,0.702,5,10,R,N.Pivetta(79)
42,43,43,43,May 17,@,BOS,"L,2-6",31,31,2,5,1,0,1,2,0,0,8,0,0,0,0,0,0,0,0.232,0.296,0.4,0.697,2,9,L,D.Price(77)
43,44,44,44,May 18,@,BOS,"W,7-4",42,37,7,10,5,0,1,7,5,0,8,0,0,0,0,0,0,0,0.233,0.298,0.403,0.7,8,11,L,D.Pomeranz(29)
44,45,45,45,May 19,@,BOS,"L,3-6",36,32,3,6,1,0,1,3,3,0,13,0,0,1,0,0,0,0,0.232,0.297,0.401,0.697,6,9,R,R.Porcello(54)
45,46,46,46,May 20,@,BOS,"L,0-5",41,41,0,13,1,0,0,0,0,0,10,0,0,0,1,0,0,0,0.235,0.297,0.399,0.696,14,10,L,E.Rodriguez(58)
46,47,47,47,May 21,@,CHW,"W,3-2",34,31,3,5,0,0,3,3,3,1,12,0,0,0,0,1,1,0,0.233,0.296,0.4,0.696,4,11,L,H.Santiago(55)
47,48,48,48,May 22,@,CHW,"L,2-3",36,32,2,7,3,0,0,2,3,0,9,1,0,0,0,1,0,0,0.233,0.296,0.398,0.695,7,11,R,J.Shields(62)
48,49,49,49,May 23,@,CHW,"L,1-11",35,34,1,6,0,0,0,1,1,0,9,0,0,0,1,0,0,0,0.232,0.294,0.394,0.688,7,11,R,D.Covey(68)
49,50,50,50,May 24,@,CHW,"W,9-3",47,39,9,12,0,0,2,9,7,0,8,1,0,0,1,1,1,0,0.234,0.298,0.395,0.693,11,10,R,L.Giolito(11)
50,51,51,51,May 25,@,TBR,"W,2-0",35,35,2,9,1,0,1,2,0,0,9,0,0,0,0,2,0,0,0.234,0.297,0.395,0.692,6,9,R,S.Romo(45)
51,52,52,52,May 26,@,TBR,"L,1-5",31,30,1,3,1,1,0,1,1,0,11,0,0,0,0,0,0,0,0.232,0.294,0.392,0.686,3,9,R,R.Stanek(58)
52,53,53,53,May 27,@,TBR,"L,3-8",39,33,3,8,2,0,0,3,5,1,6,0,0,1,0,1,0,0,0.232,0.295,0.39,0.685,9,9,R,S.Romo(34)
53,54,54,54,May 28,,WSN,"L,0-6",33,31,0,7,1,0,0,0,2,0,3,0,0,0,0,3,0,0,0.232,0.295,0.388,0.682,6,9,L,G.Gonzalez(68)
54,55,55,55,May 29,,WSN,"L,2-3",36,33,2,9,1,0,1,2,0,0,9,3,0,0,0,2,0,0,0.233,0.295,0.388,0.683,7,12,R,J.Hellickson(50)
55,56,56,56,May 30,,WSN,"L,0-2",31,30,0,4,1,0,0,0,1,0,12,0,0,0,0,0,0,1,0.231,0.293,0.384,0.678,4,10,R,M.Scherzer(89)
56,58,57,57,Jun 1,,NYY,"L,1-4",36,31,1,5,2,0,1,1,3,0,12,2,0,0,0,1,0,0,0.23,0.293,0.384,0.677,8,12,R,S.Gray(66)
57,59,58,58,Jun 2,,NYY,"L,5-8",39,37,5,11,3,0,3,5,2,0,12,0,0,0,0,1,0,0,0.231,0.294,0.388,0.682,7,9,R,M.Tanaka(42)
58,60,59,59,Jun 5,@,NYM,"W,2-1",33,29,2,6,0,0,0,2,2,0,7,0,1,1,0,2,1,0,0.231,0.293,0.385,0.678,4,14,L,J.Vargas(52)
59,61,60,60,Jun 6,@,NYM,"W,1-0",34,29,1,5,0,0,0,1,1,0,7,3,0,1,0,1,1,0,0.23,0.293,0.382,0.675,6,15,R,Z.Wheeler(75)
60,62,61,61,Jun 7,@,TOR,"L,4-5",40,36,4,7,1,0,3,4,3,1,11,0,0,1,0,0,0,0,0.229,0.292,0.384,0.676,6,10,L,J.Garcia(63)
61,63,62,62,Jun 8,@,TOR,"L,1-5",33,31,1,5,1,0,0,0,2,0,3,0,0,0,0,0,1,0,0.228,0.291,0.381,0.672,5,10,L,J.Happ(72)
62,64,63,63,Jun 9,@,TOR,"L,3-4",46,38,3,8,1,0,0,2,7,1,9,1,0,0,1,1,1,0,0.228,0.292,0.379,0.67,13,10,R,A.Sanchez(54)
63,65,64,64,Jun 10,@,TOR,"L,3-13",36,33,3,7,1,0,2,3,2,0,12,1,0,0,0,1,1,0,0.228,0.292,0.379,0.671,6,11,R,M.Estrada(64)
64,66,65,65,Jun 11,,BOS,"L,0-2",49,41,0,5,1,0,0,0,7,0,14,1,0,0,0,0,2,0,0.226,0.291,0.375,0.666,13,11,R,S.Wright(68)
65,67,66,66,Jun 12,,BOS,"L,4-6",44,38,4,11,1,0,1,4,6,0,8,0,0,0,1,1,0,0,0.227,0.293,0.375,0.668,13,11,L,E.Rodriguez(47)
66,68,67,67,Jun 13,,BOS,"L,1-5",37,30,1,4,1,0,0,1,5,0,9,1,0,1,0,0,1,0,0.226,0.293,0.372,0.665,9,10,L,C.Sale(69)
67,69,68,68,Jun 15,,MIA,"L,0-2",30,28,0,3,0,0,0,0,1,0,6,1,0,0,0,2,0,0,0.224,0.291,0.369,0.66,3,9,R,J.Urena(79)
68,70,69,69,Jun 16,,MIA,"L,4-5",39,36,4,11,2,0,1,4,3,0,5,0,0,0,0,2,0,0,0.225,0.292,0.37,0.662,8,11,L,W.Chen(45)
69,71,70,70,Jun 17,,MIA,"W,10-4",40,38,10,14,4,0,2,10,2,0,7,0,0,0,0,0,0,0,0.228,0.294,0.375,0.668,6,10,R,T.Richards(19)
70,72,71,71,Jun 19,@,WSN,"L,7-9",38,32,7,7,1,1,3,6,5,0,6,1,0,0,0,1,0,1,0.228,0.294,0.377,0.672,4,16,R,J.Rodriguez(42)
71,73,72,72,Jun 20,@,WSN,"W,3-0",34,33,3,8,2,1,1,3,0,0,8,0,0,1,0,1,1,0,0.228,0.294,0.379,0.672,4,16,L,G.Gonzalez(46)
72,74,73,73,Jun 21,@,WSN,"L,2-4",33,32,2,5,2,0,2,2,1,0,9,0,0,0,0,0,0,0,0.227,0.292,0.379,0.671,4,12,R,M.Scherzer(67)
73,75,74,74,Jun 22,@,ATL,"W,10-7",62,54,10,15,2,0,2,10,5,1,11,1,1,1,0,2,1,1,0.228,0.293,0.38,0.673,7,21,L,S.Newcomb(64)
74,76,75,75,Jun 23,@,ATL,"W,7-5",37,34,7,7,2,1,1,7,3,0,12,0,0,0,0,0,0,0,0.228,0.293,0.38,0.673,3,13,R,J.Teheran(27)
75,77,76,76,Jun 24,@,ATL,"L,3-7",33,31,3,6,1,0,2,3,1,0,5,1,0,0,0,2,0,0,0.227,0.293,0.381,0.673,3,13,R,B.McCarthy(50)
76,78,77,77,Jun 25,,SEA,"L,3-5",35,31,3,4,0,0,1,3,3,0,8,1,0,0,0,0,0,0,0.226,0.292,0.379,0.671,5,10,R,F.Hernandez(53)
77,79,78,78,Jun 26,,SEA,"L,2-3",33,32,2,8,1,0,1,1,1,0,11,0,0,0,0,1,0,1,0.226,0.292,0.379,0.67,4,12,L,J.Paxton(66)
78,80,79,79,Jun 27,,SEA,"L,7-8",45,45,7,13,1,0,2,6,0,0,5,0,0,0,0,0,0,0,0.227,0.292,0.38,0.672,5,12,L,W.LeBlanc(43)
79,81,80,80,Jun 28,,SEA,"L,2-4",38,35,2,6,0,0,2,2,3,1,8,0,0,0,0,1,1,0,0.227,0.291,0.38,0.67,6,9,R,M.Leake(64)
80,82,81,81,Jun 29,,LAA,"L,1-7",32,31,1,7,1,0,0,1,1,0,9,0,0,0,0,3,0,0,0.227,0.29,0.378,0.669,4,9,R,F.Pena(62)
81,83,82,82,Jun 30,,LAA,"L,2-6",36,33,2,6,0,0,0,2,2,0,7,0,0,1,2,0,0,0,0.226,0.29,0.376,0.665,7,11,L,T.Skaggs(58)
82,85,83,83,Jul 1,,LAA,"W,8-2",34,32,8,10,2,0,4,8,2,0,8,0,0,0,0,2,0,0,0.227,0.29,0.38,0.67,2,11,R,D.McGuire(32)
83,86,84,84,Jul 3,@,PHI,"L,2-3",36,34,2,7,2,0,1,1,2,0,9,0,0,0,0,0,1,0,0.227,0.29,0.38,0.67,7,13,R,Z.Eflin(65)
84,87,85,85,Jul 4,@,PHI,"L,1-4",37,33,1,7,2,0,0,1,3,0,12,1,0,0,0,0,1,1,0.227,0.29,0.379,0.668,9,13,R,A.Nola(66)
85,88,86,86,Jul 5,@,MIN,"L,2-5",34,31,2,5,2,0,2,2,2,1,6,1,0,0,0,1,0,0,0.226,0.289,0.379,0.668,5,10,R,A.Slegers(63)
86,89,87,87,Jul 6,@,MIN,"L,2-6",39,37,2,11,0,0,0,1,2,0,4,0,0,0,1,1,0,0,0.227,0.29,0.378,0.668,10,9,R,L.Lynn(57)
87,90,88,88,Jul 7,@,MIN,"L,4-5",37,33,4,7,4,0,1,4,4,0,11,0,0,0,0,1,1,0,0.227,0.29,0.378,0.668,6,9,R,K.Gibson(62)
88,91,89,89,Jul 8,@,MIN,"L,1-10",34,33,1,7,2,0,1,1,1,0,6,0,0,0,0,1,0,0,0.227,0.289,0.378,0.668,6,12,R,J.Odorizzi(66)
89,92,90,90,Jul 9 (1),,NYY,"W,5-4",36,32,5,10,4,0,2,5,4,0,8,0,0,0,0,2,1,0,0.228,0.29,0.381,0.671,7,10,L,C.Sabathia(34)
90,93,91,91,Jul 9 (2),,NYY,"L,2-10",33,28,2,5,1,0,1,2,5,0,4,0,0,0,0,3,0,1,0.227,0.291,0.38,0.671,4,10,R,L.Cessa(67)
91,94,92,92,Jul 10,,NYY,"W,6-5",41,37,6,10,3,0,2,6,3,1,9,1,0,0,1,0,0,0,0.228,0.291,0.382,0.673,9,9,R,M.Tanaka(42)
92,95,93,93,Jul 11,,NYY,"L,0-9",33,32,0,5,2,0,0,0,1,0,12,0,0,0,0,0,0,0,0.227,0.29,0.38,0.67,6,11,R,S.Gray(73)
93,96,94,94,Jul 12,,PHI,"L,4-5",35,34,4,7,1,0,2,4,1,0,9,0,0,0,2,2,0,0,0.227,0.29,0.381,0.67,4,9,R,N.Pivetta(58)
94,97,95,95,Jul 13,,TEX,"L,4-5",38,34,4,9,2,0,0,4,2,0,7,1,0,1,0,1,2,0,0.227,0.29,0.38,0.67,7,10,L,C.Hamels(49)
95,98,96,96,Jul 14,,TEX,"W,1-0",30,27,1,6,1,0,0,1,2,0,5,0,0,1,1,3,1,0,0.227,0.29,0.379,0.669,5,11,L,M.Perez(65)
96,99,97,97,Jul 15,,TEX,"W,6-5",35,32,6,7,3,0,1,5,3,0,3,0,0,0,1,0,1,0,0.227,0.29,0.379,0.669,5,10,L,M.Minor(27)
97,100,98,98,Jul 20,@,TOR,"L,7-8",42,40,7,10,2,0,4,6,1,0,13,1,0,0,0,0,0,0,0.227,0.29,0.382,0.671,5,9,R,S.Gaviglio(56)
98,101,99,99,Jul 21,@,TOR,"L,1-4",33,30,1,5,1,0,0,1,2,0,9,1,0,0,0,1,0,0,0.227,0.289,0.38,0.669,5,9,R,M.Stroman(68)
99,102,100,100,Jul 22,@,TOR,"L,4-5",39,37,4,10,4,0,1,4,1,0,15,1,0,0,0,0,0,0,0.227,0.289,0.381,0.67,8,9,L,J.Happ(64)
100,103,101,101,Jul 23,,BOS,"L,3-5",36,35,3,11,3,0,1,3,1,0,9,0,0,0,0,1,0,0,0.228,0.29,0.382,0.672,6,9,R,R.Porcello(65)
101,104,102,102,Jul 24,,BOS,"W,7-6",37,31,7,9,0,0,2,7,5,0,5,0,0,1,0,0,1,1,0.229,0.291,0.383,0.674,6,11,L,D.Pomeranz(38)
102,105,103,103,Jul 26,,TBR,"L,3-4",38,35,3,9,2,0,2,3,3,0,7,0,0,0,0,1,0,0,0.229,0.291,0.384,0.675,8,9,R,H.Wood(55)
103,106,104,104,Jul 27,,TBR,"W,15-5",47,39,15,15,2,0,2,13,8,0,4,0,0,0,1,1,0,0,0.231,0.293,0.386,0.68,8,12,R,C.Archer(45)
104,107,105,105,Jul 28,,TBR,"W,11-2",41,35,11,15,3,0,2,11,5,0,3,0,0,1,0,3,0,0,0.233,0.295,0.389,0.685,6,10,R,R.Stanek(39)
105,108,106,106,Jul 29,,TBR,"W,11-5",44,39,11,15,1,0,4,11,4,0,9,1,0,0,1,1,1,0,0.234,0.297,0.393,0.69,9,9,R,Y.Chirinos(34)
106,109,107,107,Jul 31,@,NYY,"L,3-6",36,32,3,6,2,0,0,2,3,0,15,1,0,0,0,1,0,0,0.234,0.297,0.392,0.688,6,9,R,M.Tanaka(72)
107,111,108,108,Aug 1,@,NYY,"W,7-5",42,40,7,15,2,0,1,7,2,0,9,0,0,0,0,0,0,0,0.235,0.298,0.393,0.691,8,10,R,S.Gray(15)
108,112,109,109,Aug 2,@,TEX,"L,8-17",43,40,8,14,1,0,3,8,2,0,6,0,1,0,0,0,0,0,0.237,0.299,0.395,0.694,8,11,R,Y.Gallardo(32)
109,113,110,110,Aug 3,@,TEX,"L,3-11",37,35,3,10,3,0,0,3,2,0,8,0,0,0,1,2,0,0,0.237,0.299,0.395,0.694,7,9,R,A.Jurado(48)
110,114,111,111,Aug 4,@,TEX,"L,1-3",31,31,1,5,1,0,0,1,0,0,7,0,0,0,0,1,0,0,0.236,0.298,0.393,0.691,3,9,L,M.Minor(71)
111,115,112,112,Aug 5,@,TEX,"W,9-6",38,34,9,11,1,0,4,9,3,0,5,0,1,0,0,1,1,0,0.237,0.299,0.396,0.695,2,10,R,D.Hutchison(20)
112,116,113,113,Aug 7,@,TBR,"L,3-4",34,32,3,7,2,0,2,3,1,0,13,1,0,0,0,2,1,0,0.237,0.298,0.397,0.695,4,9,R,T.Glasnow(63)
113,117,114,114,Aug 8,@,TBR,"W,5-4",36,34,5,7,1,0,3,5,2,0,9,0,0,0,0,0,1,0,0.237,0.298,0.397,0.696,4,11,R,R.Stanek(48)
114,118,115,115,Aug 9,@,TBR,"L,4-5",33,32,4,8,1,1,1,4,1,0,8,0,0,0,0,3,0,0,0.237,0.298,0.398,0.696,2,9,R,H.Wood(34)
115,119,116,116,Aug 10,,BOS,"L,12-19",47,41,12,17,3,0,3,11,4,0,10,0,1,1,1,1,1,1,0.239,0.3,0.401,0.701,8,10,R,N.Eovaldi(12)
116,120,117,117,Aug 11 (1),,BOS,"L,0-5",32,32,0,5,1,0,0,0,0,0,14,0,0,0,0,0,0,0,0.238,0.299,0.399,0.698,5,9,L,D.Price(72)
117,121,118,118,Aug 11 (2),,BOS,"L,4-6",41,32,4,7,1,0,2,4,8,0,4,1,0,0,0,0,1,2,0.238,0.299,0.4,0.699,10,11,R,H.Velazquez(45)
118,122,119,119,Aug 12,,BOS,"L,1-4",37,31,1,5,0,0,0,1,5,0,18,0,0,1,0,0,0,0,0.237,0.299,0.398,0.697,9,10,L,C.Sale(77)
119,123,120,120,Aug 14,,NYM,"W,6-3",37,30,6,11,2,0,3,6,5,0,2,0,1,1,0,2,0,0,0.238,0.3,0.4,0.7,7,10,L,J.Vargas(52)
120,124,121,121,Aug 15,,NYM,"L,5-16",42,38,5,12,2,0,1,5,3,0,7,1,0,0,0,1,0,0,0.239,0.301,0.401,0.702,10,11,R,Z.Wheeler(54)
121,125,122,122,Aug 17,@,CLE,"L,1-2",35,32,1,4,0,0,0,1,3,0,9,0,0,0,1,0,1,0,0.238,0.3,0.399,0.699,7,10,R,C.Carrasco(76)
122,126,123,123,Aug 18,@,CLE,"W,4-2",34,32,4,5,1,0,2,4,2,0,9,0,0,0,0,0,1,0,0.237,0.3,0.398,0.698,3,11,R,A.Plutko(64)
123,127,124,124,Aug 19,@,CLE,"L,0-8",34,32,0,9,2,0,0,0,1,0,10,1,0,0,0,3,0,0,0.238,0.3,0.398,0.698,7,11,R,M.Clevinger(64)
124,128,125,125,Aug 20,@,TOR,"L,3-5",38,34,3,8,2,0,1,3,3,0,7,0,0,1,0,0,2,0,0.238,0.3,0.398,0.697,8,9,R,M.Estrada(43)
125,129,126,126,Aug 21,@,TOR,"L,2-8",36,34,2,7,0,0,1,2,2,0,9,0,0,0,0,0,0,0,0.237,0.299,0.397,0.696,7,9,R,S.Gaviglio(63)
126,130,127,127,Aug 22,@,TOR,"L,0-6",33,29,0,2,0,0,0,0,3,0,8,1,0,0,1,0,1,0,0.236,0.298,0.395,0.693,6,9,L,T.Pannone(76)
127,131,128,128,Aug 24,,NYY,"L,5-7",42,40,5,10,0,0,2,5,2,0,13,0,0,0,1,1,0,0,0.236,0.298,0.395,0.693,7,9,L,C.Sabathia(60)
128,132,129,129,Aug 25 (1),,NYY,"L,3-10",38,36,3,8,1,0,0,3,2,0,11,0,0,0,1,0,0,0,0.236,0.298,0.394,0.692,8,10,L,J.Happ(62)
129,133,130,130,Aug 25 (2),,NYY,"L,1-5",36,34,1,7,3,0,0,1,2,0,11,0,0,0,0,0,0,0,0.236,0.298,0.393,0.691,8,9,R,S.Gray(73)
130,134,131,131,Aug 26,,NYY,"L,3-5",38,34,3,7,0,0,1,3,3,0,12,0,0,1,1,0,4,0,0.236,0.297,0.392,0.69,8,9,R,L.Severino(57)
131,135,132,132,Aug 27,,TOR,"W,7-0",37,33,7,11,2,0,1,7,3,1,3,0,1,0,0,1,2,0,0.237,0.298,0.393,0.691,6,9,R,S.Gaviglio(39)
132,136,133,133,Aug 28,,TOR,"W,12-5",42,38,12,17,2,1,2,12,1,0,2,2,0,1,0,1,1,0,0.238,0.3,0.395,0.695,6,10,L,T.Pannone(13)
133,137,134,134,Aug 29,,TOR,"W,10-5",42,39,10,13,2,0,2,7,1,0,5,1,1,0,4,0,2,1,0.239,0.3,0.397,0.697,8,9,L,R.Borucki(30)
134,138,135,135,Aug 31,@,KCR,"L,2-9",33,30,2,4,1,0,1,2,2,0,4,0,0,1,1,1,0,0,0.238,0.299,0.396,0.695,4,9,R,B.Keller(68)
135,140,136,136,Sep 1,@,KCR,"L,4-5",38,36,4,13,1,0,2,4,1,0,7,0,0,1,0,2,1,0,0.239,0.3,0.397,0.697,7,9,R,H.Fillmyer(56)
136,141,137,137,Sep 2,@,KCR,"L,1-9",31,31,1,6,0,0,1,1,0,0,10,0,0,0,0,1,1,0,0.239,0.299,0.396,0.696,3,10,R,J.Lopez(71)
137,142,138,138,Sep 3,@,SEA,"L,1-2",30,30,1,3,0,0,1,1,0,0,12,0,0,0,1,1,0,0,0.238,0.298,0.395,0.693,2,9,R,E.Ramirez(65)
138,143,139,139,Sep 4,@,SEA,"W,5-3",42,39,5,15,1,0,1,4,2,0,7,0,1,0,0,1,0,0,0.239,0.299,0.396,0.695,10,11,L,W.LeBlanc(63)
139,144,140,140,Sep 5,@,SEA,"L,2-5",39,38,2,8,2,0,0,0,0,0,8,1,0,0,3,0,1,0,0.239,0.299,0.395,0.693,10,9,R,M.Leake(58)
140,145,141,141,Sep 7,@,TBR,"L,2-14",32,32,2,6,0,0,1,2,0,0,15,0,0,0,0,1,0,0,0.239,0.298,0.394,0.692,3,12,L,B.Snell(59)
141,146,142,142,Sep 8,@,TBR,"L,5-10",38,34,5,11,1,0,1,5,3,0,10,1,0,0,0,2,3,1,0.239,0.299,0.394,0.693,6,10,R,D.Castillo(51)
142,147,143,143,Sep 9,@,TBR,"L,3-8",37,33,3,9,2,1,0,3,3,0,10,0,0,1,0,0,0,1,0.24,0.299,0.394,0.693,7,10,R,R.Stanek(48)
143,148,144,144,Sep 11,,OAK,"L,2-3",33,32,2,6,0,0,1,2,1,0,11,0,0,0,0,1,2,0,0.239,0.298,0.394,0.692,4,11,R,M.Fiers(66)
144,149,145,145,Sep 12,,OAK,"L,0-10",29,28,0,1,0,0,0,0,1,0,5,0,0,0,1,1,0,0,0.238,0.297,0.392,0.689,2,14,R,L.Hendriks(51)
145,150,146,146,Sep 13,,OAK,"W,5-3",34,32,5,12,1,0,0,5,2,0,5,0,0,0,0,0,0,1,0.239,0.298,0.392,0.689,5,11,L,B.Anderson(31)
146,151,147,147,Sep 14,,CHW,"L,6-8",39,34,6,8,2,0,2,6,4,0,10,0,0,1,1,1,0,0,0.239,0.298,0.392,0.69,6,12,R,J.Shields(60)
147,152,148,148,Sep 15,,CHW,"L,0-2",34,31,0,5,0,0,0,0,3,0,6,0,0,0,0,1,0,0,0.239,0.297,0.391,0.688,7,10,R,R.Lopez(74)
148,153,149,149,Sep 16,,CHW,"W,8-4",40,33,8,11,2,0,2,7,3,0,4,2,1,1,1,3,2,0,0.239,0.298,0.392,0.69,8,11,R,L.Giolito(35)
149,154,150,150,Sep 17,,TOR,"L,0-5",30,29,0,3,0,0,0,0,1,0,10,0,0,0,0,1,2,0,0.238,0.297,0.39,0.688,3,9,L,R.Borucki(82)
150,155,151,151,Sep 18,,TOR,"L,4-6",36,30,4,6,0,1,1,2,3,0,5,2,0,1,0,1,2,1,0.238,0.297,0.39,0.688,5,10,R,A.Sanchez(40)
151,156,152,152,Sep 19,,TOR,"W,2-1",32,31,2,6,1,0,1,2,1,0,7,0,0,0,1,0,0,0,0.238,0.297,0.39,0.687,6,10,R,M.Estrada(64)
152,157,153,153,Sep 21,@,NYY,"L,8-10",43,39,8,13,0,0,3,8,4,0,8,0,0,0,0,1,2,0,0.239,0.298,0.391,0.689,8,10,L,C.Sabathia(54)
153,158,154,154,Sep 22,@,NYY,"L,2-3",47,43,2,12,3,0,0,2,4,1,13,0,0,0,1,0,2,1,0.239,0.298,0.391,0.689,12,12,R,L.Lynn(49)
154,159,155,155,Sep 23,@,NYY,"W,6-3",40,37,6,12,5,1,3,6,2,0,11,0,0,1,0,0,0,1,0.24,0.298,0.393,0.692,7,12,L,J.Happ(58)
155,160,156,156,Sep 24,@,BOS,"L,2-6",34,31,2,7,0,0,0,1,2,0,13,0,0,1,0,1,0,0,0.24,0.298,0.392,0.691,5,11,R,N.Eovaldi(65)
156,161,157,157,Sep 26 (1),@,BOS,"L,3-19",37,34,3,8,2,0,2,3,3,0,9,0,0,0,0,0,1,0,0.239,0.298,0.393,0.691,7,14,L,D.Price(46)
157,162,158,158,Sep 26 (2),@,BOS,"W,10-3",46,37,10,10,3,1,0,9,5,0,14,3,0,1,0,0,3,0,0.24,0.299,0.393,0.692,9,11,L,C.Sale(51)
158,163,159,159,Sep 28,,HOU,"L,1-2",33,32,1,6,2,0,0,1,1,0,7,0,0,0,0,0,0,1,0.239,0.298,0.392,0.69,5,11,R,G.Cole(61)
159,164,160,160,Sep 29 (1),,HOU,"L,3-4",34,32,3,7,2,0,1,3,2,0,11,0,0,0,0,1,0,0,0.239,0.298,0.392,0.69,4,10,R,J.Verlander(75)
160,165,161,161,Sep 29 (2),,HOU,"L,2-5",35,30,2,6,0,0,0,1,5,0,7,0,0,0,0,2,0,0,0.239,0.298,0.391,0.689,6,12,L,D.Keuchel(46)
161,166,162,162,Sep 30,,HOU,"W,4-0",33,31,4,8,4,0,0,3,1,0,10,1,0,0,0,1,2,0,0.239,0.298,0.391,0.689,5,11,R,C.Morton(60)
