,index,Rk,Gtm,Date,Unnamed: 3,Opp,Rslt,PA,AB,R,H,2B,3B,HR,RBI,BB,IBB,SO,HBP,SH,SF,ROE,GDP,SB,CS,BA,OBP,SLG,OPS,LOB,#,Thr,Opp. Starter (GmeSc)
0,0,1,1,Apr 4,@,BAL,"L,2-3",35,33,2,7,3,0,0,2,0,0,10,1,0,1,0,0,0,0,0.212,0.229,0.303,0.532,6,9,R,C.Tillman(61)
1,1,2,2,Apr 6,@,BAL,"L,2-4",38,30,2,5,3,0,1,2,6,0,13,0,1,1,0,0,0,0,0.19,0.264,0.333,0.597,9,10,R,Y.Gallardo(60)
2,2,3,3,Apr 7,@,BAL,"L,2-4",34,34,2,9,2,0,1,2,0,0,12,0,0,0,1,1,1,2,0.216,0.264,0.361,0.625,5,10,R,U.Jimenez(64)
3,3,4,4,Apr 8,@,KCR,"L,3-4",40,32,3,6,2,1,1,3,8,0,14,0,0,0,0,0,1,0,0.209,0.288,0.372,0.66,10,11,R,Y.Ventura(55)
4,4,5,5,Apr 9,@,KCR,"L,0-7",35,33,0,7,1,0,0,0,2,0,9,0,0,0,0,0,0,1,0.21,0.282,0.346,0.627,8,12,R,I.Kennedy(70)
5,5,6,6,Apr 10,@,KCR,"L,3-4",44,40,3,11,0,0,1,3,2,1,14,2,0,0,0,0,1,1,0.223,0.293,0.347,0.64,11,11,R,E.Volquez(55)
6,6,7,7,Apr 11,,CHW,"L,1-4",34,31,1,6,1,0,0,1,3,0,7,0,0,0,0,1,0,0,0.219,0.29,0.33,0.62,6,10,L,J.Quintana(62)
7,7,8,8,Apr 13,,CHW,"L,0-3",36,29,0,4,1,0,0,0,5,1,9,0,2,0,0,0,0,0,0.21,0.287,0.313,0.6,9,10,L,C.Rodon(67)
8,8,9,9,Apr 14,,CHW,"L,1-3",34,31,1,4,1,1,0,1,2,0,6,1,0,0,0,0,2,0,0.201,0.278,0.304,0.582,6,10,R,M.Latos(65)
9,9,10,10,Apr 15,,LAA,"W,5-4",36,32,5,8,4,0,0,5,3,1,7,1,0,0,0,0,0,0,0.206,0.284,0.311,0.595,7,11,R,G.Richards(61)
10,10,11,11,Apr 16,,LAA,"W,6-4",36,33,6,10,1,1,3,6,2,0,4,1,0,0,0,0,2,0,0.215,0.291,0.344,0.634,6,11,R,J.Weaver(30)
11,11,12,12,Apr 17,,LAA,"W,3-2",51,44,3,13,2,0,0,2,5,1,6,1,1,0,0,1,1,0,0.224,0.301,0.343,0.644,13,11,R,N.Tropeano(56)
12,12,13,13,Apr 18,,MIL,"W,7-4",32,31,7,14,3,1,2,6,1,0,5,0,0,0,0,1,1,0,0.24,0.312,0.376,0.688,7,9,R,C.Anderson(31)
13,13,14,14,Apr 19,,MIL,"L,5-6",40,34,5,8,1,0,2,4,6,0,5,0,0,0,0,1,0,0,0.24,0.315,0.381,0.696,8,11,R,W.Peralta(47)
14,14,15,15,Apr 20,@,MIL,"L,5-10",40,37,5,12,3,0,2,5,3,0,9,0,0,0,0,2,0,0,0.246,0.319,0.395,0.714,8,15,R,J.Nelson(43)
15,15,16,16,Apr 21,@,MIL,"W,8-1",45,33,8,11,3,0,2,8,9,0,6,0,1,2,0,2,1,0,0.251,0.329,0.408,0.737,10,14,R,T.Jungmann(38)
16,16,17,17,Apr 22,@,WSN,"L,4-8",38,36,4,8,0,0,1,4,2,0,9,0,0,0,1,0,0,0,0.25,0.325,0.401,0.726,7,14,L,G.Gonzalez(57)
17,17,18,18,Apr 23,@,WSN,"L,0-2",33,29,0,2,1,0,0,0,4,0,18,0,0,0,0,0,0,0,0.241,0.318,0.387,0.705,6,11,R,T.Roark(85)
18,18,19,19,Apr 24,@,WSN,"L,5-6",62,57,5,11,1,0,1,5,3,1,20,0,2,0,0,0,1,0,0.237,0.311,0.376,0.687,9,18,R,S.Strasburg(58)
19,19,20,20,Apr 25,,CLE,"W,4-3",33,29,4,5,2,0,1,4,4,1,5,0,0,0,0,0,0,0,0.234,0.309,0.375,0.684,5,9,R,D.Salazar(45)
20,20,21,21,Apr 26,,CLE,"W,6-5",40,37,6,14,6,0,1,6,3,1,6,0,0,0,0,0,1,1,0.241,0.315,0.388,0.703,9,9,R,C.Anderson(32)
21,21,22,22,Apr 27,,CLE,"L,5-6",39,35,5,9,2,0,1,5,3,0,7,0,0,1,0,0,2,0,0.242,0.315,0.388,0.703,7,9,R,J.Tomlin(38)
22,22,23,23,Apr 29,,DET,"L,2-9",36,34,2,7,1,0,0,2,2,0,9,0,0,0,0,0,0,0,0.241,0.312,0.382,0.694,7,10,R,M.Fulmer(48)
23,23,24,24,Apr 30,,DET,"L,1-4",34,33,1,7,0,0,1,1,1,0,10,0,0,0,1,1,0,1,0.239,0.309,0.378,0.688,6,9,R,J.Zimmermann(68)
24,25,25,25,May 1,,DET,"L,5-6",40,35,5,11,3,0,0,5,3,0,5,0,1,1,0,0,1,0,0.242,0.311,0.379,0.691,8,9,R,M.Pelfrey(26)
25,26,26,26,May 2,@,HOU,"W,6-2",38,32,6,8,1,1,1,6,5,0,10,0,0,1,0,2,0,0,0.243,0.313,0.381,0.694,5,10,L,D.Keuchel(27)
26,27,27,27,May 3,@,HOU,"L,4-6",35,33,4,7,0,0,2,4,2,0,8,0,0,0,1,1,1,0,0.242,0.311,0.382,0.693,4,10,R,C.McHugh(43)
27,28,28,28,May 4,@,HOU,"L,4-16",38,36,4,9,2,0,1,4,2,0,6,0,0,0,0,0,1,0,0.242,0.31,0.382,0.692,7,10,R,M.Fiers(33)
28,29,29,29,May 6,@,CHW,"L,4-10",37,31,4,7,1,0,1,4,3,0,7,2,0,1,0,0,1,1,0.241,0.31,0.381,0.692,6,10,R,M.Latos(39)
29,30,30,30,May 7,@,CHW,"L,2-7",35,31,2,4,2,0,0,2,2,0,12,2,0,0,0,0,0,0,0.238,0.308,0.376,0.684,6,11,L,C.Sale(71)
30,31,31,31,May 8,@,CHW,"L,1-3",36,33,1,7,1,0,0,1,3,0,9,0,0,0,0,0,0,0,0.237,0.307,0.371,0.678,8,12,L,J.Quintana(65)
31,32,32,32,May 10,,BAL,"L,3-5",35,32,3,6,1,0,1,3,2,0,12,0,0,1,0,0,1,0,0.236,0.305,0.37,0.674,5,9,R,K.Gausman(57)
32,33,33,33,May 11,,BAL,"L,2-9",36,34,2,8,1,0,1,2,2,0,3,0,0,0,0,1,1,0,0.236,0.304,0.369,0.673,7,10,R,T.Wilson(58)
33,34,34,34,May 13,@,CLE,"L,6-7",41,36,6,8,1,0,4,6,5,1,8,0,0,0,1,0,1,0,0.235,0.304,0.376,0.68,8,10,R,J.Tomlin(53)
34,35,35,35,May 14,@,CLE,"W,6-3",42,36,6,11,2,0,1,6,4,0,7,1,0,1,0,1,1,0,0.237,0.307,0.378,0.685,9,10,R,C.Kluber(48)
35,36,36,36,May 15,@,CLE,"W,5-1",36,34,5,7,2,0,1,3,2,0,13,0,0,0,1,1,0,0,0.237,0.305,0.377,0.683,4,10,R,T.Bauer(58)
36,37,37,37,May 16,@,DET,"L,8-10",39,39,8,11,2,0,2,6,0,0,12,0,0,0,1,0,2,0,0.238,0.305,0.381,0.685,4,10,R,J.Zimmermann(34)
37,38,38,38,May 17,@,DET,"L,2-7",36,33,2,7,0,0,2,2,3,0,7,0,0,0,0,1,1,0,0.237,0.304,0.381,0.685,7,9,R,M.Pelfrey(48)
38,39,39,39,May 18,@,DET,"L,3-6",37,33,3,7,1,0,0,3,3,0,11,0,0,1,0,0,1,0,0.237,0.303,0.378,0.681,7,11,R,J.Verlander(61)
39,40,40,40,May 19,,TOR,"L,2-3",37,35,2,4,0,0,0,2,1,0,12,0,0,1,1,0,2,1,0.234,0.299,0.371,0.67,2,10,R,M.Estrada(78)
40,41,41,41,May 20,,TOR,"L,3-9",36,36,3,10,3,1,1,3,0,0,8,0,0,0,1,2,1,0,0.235,0.299,0.374,0.673,6,9,R,A.Sanchez(60)
41,42,42,42,May 21,,TOR,"W,5-3",31,27,5,4,2,0,1,5,3,0,6,1,0,0,0,0,1,0,0.233,0.298,0.373,0.671,2,9,L,J.Happ(62)
42,43,43,43,May 22,,TOR,"L,1-3",32,29,1,3,1,0,0,1,2,0,5,1,0,0,0,1,0,0,0.231,0.296,0.369,0.664,4,9,R,M.Stroman(70)
43,44,44,44,May 23,,KCR,"L,4-10",40,36,4,12,1,0,1,3,3,0,5,1,0,0,0,3,1,0,0.233,0.298,0.37,0.669,9,9,R,I.Kennedy(44)
44,45,45,45,May 24,,KCR,"L,4-7",39,33,4,7,2,0,0,2,5,0,10,1,0,0,0,1,0,0,0.233,0.299,0.368,0.667,8,10,R,E.Volquez(53)
45,46,46,46,May 25,,KCR,"W,7-5",37,34,7,12,1,0,3,7,2,0,9,1,0,0,1,1,0,1,0.235,0.301,0.374,0.676,6,9,R,D.Gee(25)
46,47,47,47,May 27,@,SEA,"W,7-2",40,36,7,10,3,0,2,7,3,0,11,1,0,0,0,1,0,0,0.236,0.302,0.378,0.68,6,10,R,F.Hernandez(37)
47,48,48,48,May 28,@,SEA,"W,6-5",41,36,6,11,0,0,3,6,5,1,10,0,0,0,0,1,0,1,0.238,0.304,0.382,0.686,8,10,L,W.Miley(32)
48,49,49,49,May 29,@,SEA,"W,5-4",36,33,5,7,1,0,3,5,2,0,8,1,0,0,0,0,2,1,0.237,0.304,0.384,0.688,4,9,R,T.Walker(32)
49,50,50,50,May 30,@,OAK,"L,2-3",36,31,2,8,0,0,0,2,3,0,10,0,1,1,0,2,0,0,0.238,0.304,0.382,0.686,7,10,R,K.Graveman(54)
50,51,51,51,May 31,@,OAK,"L,4-7",41,38,4,12,6,0,0,4,1,0,8,2,0,0,0,1,0,0,0.239,0.305,0.384,0.689,10,10,L,E.Surkamp(37)
51,53,52,52,Jun 1,@,OAK,"L,1-5",37,31,1,6,1,0,0,1,5,0,10,0,0,1,0,1,0,0,0.238,0.305,0.381,0.686,9,10,L,S.Manaea(63)
52,54,53,53,Jun 2,,TBR,"W,6-4",41,36,6,15,3,0,2,6,3,1,5,1,0,1,0,2,0,0,0.242,0.308,0.387,0.695,11,9,L,M.Moore(37)
53,55,54,54,Jun 3,,TBR,"L,2-4",39,33,2,8,2,1,0,2,5,0,10,1,0,0,0,1,0,0,0.242,0.309,0.387,0.696,10,10,R,J.Odorizzi(57)
54,56,55,55,Jun 4,,TBR,"L,4-7",39,36,4,11,1,0,0,4,2,0,10,0,0,1,1,1,3,0,0.243,0.31,0.386,0.695,8,9,R,M.Andriese(46)
55,57,56,56,Jun 5,,TBR,"L,5-7",43,35,5,9,0,1,3,5,6,2,12,0,2,0,1,0,1,0,0.243,0.311,0.389,0.7,11,9,L,D.Smyly(41)
56,58,57,57,Jun 7,,MIA,"W,6-4",41,38,6,7,1,0,4,5,3,0,10,0,0,0,0,0,0,1,0.242,0.31,0.392,0.701,3,9,L,A.Conley(59)
57,59,58,58,Jun 8,,MIA,"W,7-5",39,37,7,14,5,0,3,7,1,0,5,0,1,0,0,0,0,0,0.245,0.311,0.398,0.71,8,10,L,W.Chen(32)
58,60,59,59,Jun 9,,MIA,"L,3-10",35,32,3,7,1,0,0,2,3,1,10,0,0,0,0,1,0,1,0.244,0.311,0.396,0.707,5,11,R,T.Koehler(61)
59,61,60,60,Jun 10,,BOS,"L,1-8",36,34,1,8,1,0,0,1,2,0,8,0,0,0,1,1,0,1,0.244,0.31,0.394,0.704,8,9,R,S.Wright(66)
60,62,61,61,Jun 11,,BOS,"L,4-15",40,31,4,7,0,0,1,4,8,0,8,0,0,1,0,1,0,0,0.244,0.311,0.393,0.704,9,11,L,E.Rodriguez(36)
61,63,62,62,Jun 12,,BOS,"W,7-4",42,36,7,7,0,0,1,6,5,0,7,0,1,0,2,0,4,0,0.243,0.311,0.391,0.702,7,9,R,R.Porcello(60)
62,64,63,63,Jun 13,@,LAA,"W,9-4",43,39,9,10,1,0,3,8,4,0,6,0,0,0,3,1,1,0,0.243,0.311,0.393,0.704,7,9,R,J.Weaver(36)
63,65,64,64,Jun 14,@,LAA,"L,4-5",39,37,4,10,2,1,0,4,2,0,6,0,0,0,0,0,0,0,0.244,0.311,0.393,0.704,8,9,R,J.Chacin(38)
64,66,65,65,Jun 15,@,LAA,"L,2-10",35,32,2,5,2,0,0,2,3,0,8,0,0,0,0,0,1,0,0.243,0.31,0.39,0.7,6,11,L,H.Santiago(67)
65,67,66,66,Jun 16,,NYY,"L,1-4",38,34,1,7,2,0,0,1,3,0,11,1,0,0,0,0,0,0,0.242,0.31,0.388,0.698,10,9,L,C.Sabathia(60)
66,68,67,67,Jun 17,,NYY,"L,2-8",35,35,2,9,1,0,1,2,0,0,5,0,0,0,1,2,0,0,0.242,0.309,0.388,0.697,6,10,R,M.Tanaka(69)
67,69,68,68,Jun 18,,NYY,"L,6-7",36,34,6,9,1,1,3,6,0,0,15,0,1,1,1,0,2,0,0.243,0.308,0.392,0.7,3,12,R,M.Pineda(51)
68,70,69,69,Jun 19,,NYY,"W,7-4",36,34,7,11,2,1,2,7,2,0,4,0,0,0,0,0,1,1,0.244,0.309,0.395,0.704,5,9,R,N.Eovaldi(40)
69,71,70,70,Jun 21,,PHI,"W,14-10",45,38,14,14,4,2,1,13,6,1,6,0,0,1,1,0,1,0,0.246,0.311,0.399,0.71,7,10,R,A.Nola(14)
70,72,71,71,Jun 22,,PHI,"W,6-5",39,36,6,13,2,1,0,6,2,0,7,0,0,1,0,0,2,0,0.247,0.312,0.4,0.712,9,9,L,A.Morgan(29)
71,73,72,72,Jun 23,,PHI,"L,3-7",36,34,3,8,2,0,0,3,1,0,6,0,0,1,0,0,1,0,0.247,0.311,0.399,0.71,6,10,R,J.Eickhoff(59)
72,74,73,73,Jun 24,@,NYY,"L,3-5",35,33,3,7,3,0,0,3,2,0,12,0,0,0,0,1,0,0,0.247,0.311,0.397,0.708,5,9,R,M.Tanaka(51)
73,75,74,74,Jun 25,@,NYY,"L,1-2",31,30,1,3,0,0,1,1,1,0,12,0,0,0,0,0,0,0,0.245,0.309,0.395,0.704,3,10,R,M.Pineda(71)
74,76,75,75,Jun 26,@,NYY,"W,7-1",37,33,7,8,0,0,6,7,4,0,6,0,0,0,0,1,0,1,0.245,0.309,0.4,0.709,3,9,R,N.Eovaldi(41)
75,77,76,76,Jun 28,@,CHW,"W,4-0",36,33,4,7,1,0,2,4,3,0,10,0,0,0,0,1,1,0,0.245,0.309,0.4,0.709,5,9,L,J.Quintana(56)
76,78,77,77,Jun 29,@,CHW,"L,6-9",43,37,6,11,5,0,1,6,4,0,8,2,0,0,1,1,0,0,0.245,0.31,0.402,0.712,10,11,R,J.Shields(58)
77,79,78,78,Jun 30,@,CHW,"L,5-6",35,33,5,8,2,0,2,5,2,0,12,0,0,0,0,0,0,0,0.245,0.31,0.403,0.713,3,9,L,C.Rodon(48)
78,81,79,79,Jul 1,,TEX,"L,2-3",37,33,2,7,0,0,1,2,3,0,8,0,1,0,0,2,0,0,0.245,0.309,0.402,0.711,5,10,L,M.Perez(60)
79,82,80,80,Jul 2,,TEX,"W,17-5",46,37,17,13,2,1,3,17,6,0,5,1,0,2,0,0,1,0,0.246,0.311,0.406,0.717,5,10,R,C.Gonzalez(36)
80,83,81,81,Jul 3,,TEX,"W,5-4",38,34,5,11,1,1,0,5,4,0,7,0,0,0,1,0,2,0,0.247,0.312,0.406,0.718,9,9,L,C.Hamels(22)
81,84,82,82,Jul 4,,OAK,"L,1-3",36,31,1,4,1,1,0,1,5,0,5,0,0,0,0,0,1,0,0.246,0.311,0.404,0.715,8,10,R,K.Graveman(63)
82,85,83,83,Jul 5,,OAK,"W,11-4",40,36,11,12,4,0,3,11,4,0,8,0,0,0,0,0,0,0,0.247,0.313,0.408,0.72,5,9,L,S.Manaea(31)
83,86,84,84,Jul 6,,OAK,"W,4-0",40,32,4,10,3,1,0,4,6,0,5,0,0,2,0,0,1,0,0.248,0.314,0.408,0.722,12,9,R,S.Gray(57)
84,87,85,85,Jul 7,@,TEX,"W,10-1",52,44,10,18,1,0,3,10,7,0,7,0,0,1,0,0,0,0,0.25,0.316,0.412,0.728,15,11,R,C.Gonzalez(30)
85,88,86,86,Jul 8,@,TEX,"L,5-6",38,32,5,7,3,0,1,5,6,0,6,0,0,0,0,1,2,1,0.25,0.317,0.412,0.728,6,11,L,C.Hamels(31)
86,89,87,87,Jul 9,@,TEX,"W,8-6",44,38,8,12,5,0,2,6,6,0,6,0,0,0,0,1,0,0,0.251,0.318,0.414,0.732,9,10,R,K.Lohse(26)
87,90,88,88,Jul 10,@,TEX,"W,15-5",47,44,15,18,3,0,4,13,3,0,5,0,0,0,2,1,1,0,0.253,0.32,0.419,0.739,5,11,R,A.Griffin(27)
88,91,89,89,Jul 15,,CLE,"L,2-5",32,29,2,4,1,0,1,2,1,0,7,1,0,1,0,0,0,0,0.252,0.318,0.418,0.736,3,9,R,C.Carrasco(60)
89,92,90,90,Jul 16,,CLE,"W,5-4",50,43,5,10,5,0,0,3,6,2,12,0,0,1,2,0,1,0,0.252,0.318,0.417,0.735,14,11,R,T.Bauer(47)
90,93,91,91,Jul 17,,CLE,"L,1-6",35,33,1,6,1,0,1,1,1,0,5,1,0,0,0,0,0,0,0.251,0.318,0.415,0.733,7,9,R,J.Tomlin(66)
91,94,92,92,Jul 18,@,DET,"L,0-1",31,28,0,3,1,0,0,0,2,0,10,1,0,0,0,1,0,1,0.25,0.316,0.413,0.73,4,10,L,M.Boyd(72)
92,95,93,93,Jul 19,@,DET,"W,6-2",38,34,6,10,1,0,1,6,2,0,13,0,1,1,0,0,2,1,0.25,0.317,0.413,0.73,5,9,R,A.Sanchez(54)
93,96,94,94,Jul 20,@,DET,"W,4-1",35,32,4,4,0,0,3,4,2,0,10,1,0,0,1,0,0,0,0.249,0.315,0.413,0.728,4,10,R,J.Verlander(81)
94,97,95,95,Jul 21,@,BOS,"L,2-13",33,32,2,5,3,0,0,1,1,0,9,0,0,0,0,0,0,0,0.248,0.314,0.411,0.726,4,11,R,S.Wright(76)
95,98,96,96,Jul 22,@,BOS,"W,2-1",36,34,2,10,1,0,1,2,2,0,9,0,0,0,0,1,0,1,0.248,0.314,0.411,0.726,7,10,L,E.Rodriguez(55)
96,99,97,97,Jul 23,@,BOS,"W,11-9",48,42,11,19,3,2,1,10,3,0,9,1,0,2,0,2,1,0,0.251,0.317,0.415,0.731,10,11,L,D.Price(29)
97,100,98,98,Jul 24,@,BOS,"L,7-8",39,36,7,9,3,1,0,7,2,0,12,0,0,1,1,0,0,0,0.251,0.316,0.415,0.731,5,9,R,R.Porcello(51)
98,101,99,99,Jul 26,,ATL,"L,0-2",34,31,0,5,1,0,0,0,3,0,8,0,0,0,0,0,2,1,0.25,0.315,0.413,0.728,7,9,R,L.Harrell(65)
99,102,100,100,Jul 27,,ATL,"L,7-9",42,41,7,13,3,0,1,7,1,0,9,0,0,0,1,0,0,0,0.251,0.316,0.413,0.729,8,9,R,M.Foltynewicz(21)
100,103,101,101,Jul 28,,BAL,"W,6-2",39,34,6,12,3,2,1,6,5,1,10,0,0,0,0,2,1,0,0.252,0.317,0.416,0.732,9,9,R,U.Jimenez(58)
101,104,102,102,Jul 29,,CHW,"W,2-1",47,39,2,8,4,0,0,2,6,0,11,1,1,0,1,1,0,0,0.251,0.317,0.414,0.731,11,12,L,J.Quintana(64)
102,105,103,103,Jul 30,,CHW,"L,5-6",43,38,5,8,2,0,1,4,5,1,6,0,0,0,1,1,3,0,0.251,0.317,0.414,0.73,8,9,R,M.Gonzalez(63)
103,106,104,104,Jul 31,,CHW,"W,6-4",34,31,6,9,2,0,3,6,3,0,8,0,0,0,0,1,1,0,0.251,0.317,0.416,0.733,4,12,L,C.Rodon(42)
104,108,105,105,Aug 1,@,CLE,"W,12-5",49,45,12,19,3,2,5,12,4,0,9,0,0,0,0,0,0,1,0.254,0.319,0.422,0.741,10,9,R,D.Salazar(21)
105,109,106,106,Aug 2,@,CLE,"W,10-6",43,39,10,14,6,0,3,10,4,1,5,0,0,0,0,2,2,0,0.255,0.32,0.425,0.745,6,9,R,C.Carrasco(10)
106,110,107,107,Aug 3,@,CLE,"W,13-5",47,39,13,15,4,2,1,13,7,0,4,0,1,0,0,1,0,0,0.256,0.322,0.428,0.749,7,9,R,T.Bauer(8)
107,111,108,108,Aug 4,@,CLE,"L,2-9",36,31,2,7,1,0,1,2,5,0,8,0,0,0,0,1,0,0,0.256,0.322,0.427,0.749,7,9,R,M.Clevinger(40)
108,112,109,109,Aug 5,@,TBR,"W,6-2",41,36,6,10,2,1,2,6,3,0,10,0,2,0,1,0,1,0,0.256,0.322,0.428,0.75,8,10,L,B.Snell(61)
109,113,110,110,Aug 6,@,TBR,"L,3-7",37,33,3,7,1,0,0,3,4,0,10,0,0,0,1,1,0,0,0.256,0.322,0.427,0.748,7,9,R,C.Archer(66)
110,114,111,111,Aug 7,@,TBR,"W,6-3",43,39,6,12,2,0,2,6,3,0,9,0,0,1,2,0,1,0,0.256,0.322,0.428,0.75,10,9,R,M.Andriese(44)
111,115,112,112,Aug 8,,HOU,"W,3-1",34,33,3,11,2,1,0,2,1,0,7,0,0,0,0,0,0,1,0.257,0.322,0.428,0.75,7,9,R,C.McHugh(50)
112,116,113,113,Aug 9,,HOU,"L,5-7",39,35,5,9,2,0,3,5,4,0,10,0,0,0,0,0,0,0,0.257,0.322,0.429,0.751,7,9,R,M.Fiers(44)
113,117,114,114,Aug 11 (1),,HOU,"L,7-15",40,37,7,13,3,0,2,7,2,0,6,0,0,1,0,2,0,0,0.258,0.323,0.431,0.753,6,10,R,D.Fister(44)
114,118,115,115,Aug 11 (2),,HOU,"L,2-10",37,37,2,9,3,0,0,2,0,0,9,0,0,0,1,0,0,0,0.258,0.322,0.43,0.752,8,11,R,C.Devenski(68)
115,119,116,116,Aug 12,,KCR,"L,3-7",33,32,3,5,1,0,2,3,1,0,12,0,0,0,0,0,0,0,0.257,0.321,0.429,0.75,3,9,R,Y.Ventura(65)
116,120,117,117,Aug 13,,KCR,"W,5-3",38,36,5,12,1,0,3,5,2,0,7,0,0,0,0,0,0,0,0.257,0.322,0.431,0.752,9,9,R,D.Gee(31)
117,121,118,118,Aug 14,,KCR,"L,4-11",34,32,4,6,0,0,1,4,2,0,6,0,0,0,1,2,1,0,0.257,0.321,0.43,0.751,3,9,R,E.Volquez(52)
118,122,119,119,Aug 16,@,ATL,"W,4-2",42,35,4,11,1,0,1,4,6,0,7,1,0,0,0,1,0,1,0.257,0.322,0.43,0.751,11,13,R,J.De La Cruz(59)
119,123,120,120,Aug 17,@,ATL,"W,10-3",49,40,10,14,4,0,0,10,9,2,13,0,0,0,0,0,1,0,0.258,0.323,0.43,0.753,12,9,R,M.Foltynewicz(53)
120,124,121,121,Aug 18,@,KCR,"L,1-8",32,31,1,5,0,0,1,1,1,0,9,0,0,0,0,1,1,0,0.258,0.323,0.429,0.751,4,9,R,D.Gee(69)
121,125,122,122,Aug 19,@,KCR,"L,4-5",45,40,4,7,3,0,1,4,5,0,12,0,0,0,0,0,1,0,0.257,0.322,0.428,0.75,8,9,R,E.Volquez(39)
122,126,123,123,Aug 20,@,KCR,"L,0-10",31,30,0,4,0,0,0,0,0,0,6,1,0,0,0,1,0,0,0.256,0.321,0.425,0.746,4,10,R,I.Kennedy(80)
123,127,124,124,Aug 21,@,KCR,"L,1-2",36,34,1,8,3,0,0,1,2,0,5,0,0,0,0,1,0,0,0.256,0.321,0.425,0.745,8,11,L,D.Duffy(56)
124,128,125,125,Aug 23,,DET,"L,3-8",32,32,3,6,0,1,1,3,0,0,2,0,0,0,0,0,1,0,0.255,0.32,0.424,0.744,2,9,R,A.Sanchez(55)
125,129,126,126,Aug 24,,DET,"L,4-9",38,35,4,8,0,0,2,4,3,0,10,0,0,0,1,1,0,0,0.255,0.319,0.424,0.743,7,9,L,M.Boyd(56)
126,130,127,127,Aug 25,,DET,"L,5-8",37,36,5,9,4,1,0,5,1,0,7,0,0,0,0,0,0,0,0.255,0.319,0.424,0.743,5,10,L,D.Norris(58)
127,131,128,128,Aug 26,@,TOR,"L,8-15",42,32,8,9,3,0,1,8,5,0,9,1,0,4,1,1,0,0,0.255,0.319,0.424,0.744,7,9,L,F.Liriano(52)
128,132,129,129,Aug 27,@,TOR,"L,7-8",39,37,7,11,3,0,1,6,2,0,10,0,0,0,0,1,1,0,0.255,0.32,0.424,0.744,5,9,R,M.Stroman(38)
129,133,130,130,Aug 28,@,TOR,"L,6-9",41,37,6,10,1,0,0,6,4,0,9,0,0,0,1,1,0,0,0.256,0.32,0.423,0.743,8,10,R,R.Dickey(46)
130,134,131,131,Aug 29,@,CLE,"L,0-1",41,38,0,9,3,0,0,0,3,0,10,0,0,0,0,0,0,0,0.255,0.319,0.423,0.742,11,10,R,T.Bauer(65)
131,135,132,132,Aug 30,@,CLE,"L,4-5",39,36,4,10,1,0,1,4,3,0,8,0,0,0,0,0,0,0,0.256,0.32,0.422,0.742,8,9,R,J.Tomlin(27)
132,136,133,133,Aug 31,@,CLE,"L,4-8",37,34,4,8,2,0,2,3,3,0,13,0,0,0,0,0,0,0,0.255,0.319,0.423,0.742,6,10,R,C.Kluber(67)
133,138,134,134,Sep 1,,CHW,"W,8-5",34,32,8,9,1,0,2,7,2,0,12,0,0,0,0,0,0,1,0.256,0.319,0.423,0.743,2,9,L,J.Quintana(33)
134,139,135,135,Sep 2,,CHW,"L,4-11",34,31,4,8,1,0,1,4,1,0,6,1,0,1,0,2,0,1,0.256,0.319,0.423,0.742,3,9,L,C.Rodon(53)
135,140,136,136,Sep 3,,CHW,"W,11-3",42,36,11,12,5,0,4,10,6,0,10,0,0,0,1,0,2,0,0.256,0.32,0.426,0.746,7,11,R,J.Shields(25)
136,141,137,137,Sep 4,,CHW,"L,11-13",61,55,11,18,5,0,4,11,6,1,13,0,0,0,0,0,0,0,0.257,0.321,0.428,0.749,14,13,R,A.Ranaudo(8)
137,142,138,138,Sep 5,,KCR,"L,5-11",42,37,5,12,3,0,3,5,3,0,10,1,1,0,0,1,0,0,0.258,0.322,0.43,0.751,10,11,R,I.Kennedy(38)
138,143,139,139,Sep 6,,KCR,"L,3-10",35,34,3,8,0,0,3,3,1,0,6,0,0,0,0,1,0,0,0.257,0.321,0.43,0.752,5,13,R,D.Gee(46)
139,144,140,140,Sep 7,,KCR,"W,6-5",38,37,6,12,4,0,2,5,1,0,11,0,0,0,1,0,1,0,0.258,0.321,0.432,0.753,8,12,L,D.Duffy(56)
140,145,141,141,Sep 9,,CLE,"L,4-5",36,32,4,6,1,0,2,4,4,0,8,0,0,0,1,2,0,0,0.257,0.321,0.432,0.753,5,10,R,D.Salazar(40)
141,146,142,142,Sep 10,,CLE,"W,2-1",47,40,2,7,0,0,1,2,5,1,9,0,2,0,0,0,0,0,0.257,0.321,0.43,0.751,10,11,R,M.Clevinger(57)
142,147,143,143,Sep 11,,CLE,"L,1-7",37,33,1,5,1,0,0,1,2,0,12,2,0,0,1,0,0,0,0.256,0.32,0.428,0.748,9,10,R,C.Kluber(75)
143,148,144,144,Sep 12,@,DET,"L,2-4",38,31,2,5,0,0,2,2,6,0,14,1,0,0,0,0,0,1,0.256,0.32,0.428,0.748,9,11,L,D.Norris(64)
144,149,145,145,Sep 13,@,DET,"W,8-1",43,37,8,13,3,1,2,8,4,0,7,1,0,1,0,2,0,0,0.256,0.321,0.43,0.75,8,9,L,M.Boyd(18)
145,150,146,146,Sep 14,@,DET,"L,6-9",35,33,6,6,1,0,2,6,2,0,10,0,0,0,0,0,0,0,0.256,0.32,0.429,0.75,2,10,R,A.Sanchez(33)
146,151,147,147,Sep 15,@,DET,"W,5-1",38,34,5,11,1,1,0,5,2,1,7,0,2,0,0,2,1,0,0.256,0.32,0.429,0.75,6,9,R,M.Pelfrey(30)
147,152,148,148,Sep 16,@,NYM,"L,0-3",33,29,0,3,0,0,0,0,4,0,8,0,0,0,1,1,0,0,0.255,0.32,0.427,0.747,6,17,R,B.Colon(75)
148,153,149,149,Sep 17,@,NYM,"L,2-3",50,43,2,8,1,0,2,2,6,0,12,0,1,0,0,0,1,0,0.255,0.32,0.427,0.746,12,18,R,S.Lugo(53)
149,154,150,150,Sep 18,@,NYM,"L,2-3",37,34,2,8,0,0,1,2,2,0,15,0,0,1,0,0,0,0,0.255,0.319,0.426,0.745,8,14,R,G.Ynoa(59)
150,155,151,151,Sep 20,,DET,"L,1-8",31,29,1,3,0,0,1,1,2,0,9,0,0,0,0,0,1,1,0.254,0.318,0.425,0.743,3,10,L,M.Boyd(78)
151,156,152,152,Sep 22 (1),,DET,"L,2-9",34,31,2,5,3,0,1,2,3,0,8,0,0,0,1,0,0,2,0.253,0.318,0.424,0.742,5,11,R,A.Sanchez(62)
152,157,153,153,Sep 22 (2),,DET,"L,2-4",35,30,2,4,0,0,2,2,4,0,17,1,0,0,0,0,0,1,0.253,0.318,0.424,0.741,6,11,R,J.Verlander(65)
153,158,154,154,Sep 23,,SEA,"L,1-10",32,31,1,5,0,1,0,1,1,0,11,0,0,0,0,1,0,0,0.252,0.317,0.423,0.74,4,10,L,J.Paxton(72)
154,159,155,155,Sep 24,,SEA,"W,3-2",28,27,3,3,0,0,2,3,1,0,6,0,0,0,0,0,0,0,0.251,0.316,0.422,0.738,1,9,L,A.Miranda(43)
155,160,156,156,Sep 25,,SEA,"L,3-4",38,34,3,9,2,0,1,2,4,0,11,0,0,0,0,2,1,0,0.251,0.316,0.422,0.738,8,9,R,T.Walker(43)
156,161,157,157,Sep 27,@,KCR,"L,3-4",46,39,3,8,1,0,1,3,7,0,11,0,0,0,0,2,3,0,0.251,0.316,0.421,0.738,10,12,R,I.Kennedy(47)
157,162,158,158,Sep 28,@,KCR,"L,2-5",37,34,2,8,3,0,1,2,3,0,10,0,0,0,0,0,1,1,0.251,0.316,0.421,0.738,8,10,L,J.Vargas(64)
158,163,159,159,Sep 29,@,KCR,"W,7-6",42,38,7,13,2,1,1,7,3,0,7,0,1,0,0,1,0,0,0.252,0.317,0.422,0.739,8,9,L,D.Duffy(42)
159,164,160,160,Sep 30,@,CHW,"L,3-7",36,30,3,6,1,0,0,2,5,0,12,0,0,1,1,3,0,0,0.251,0.317,0.421,0.738,6,9,L,C.Rodon(63)
160,165,161,161,Oct 1,@,CHW,"W,6-0",36,33,6,5,2,0,2,6,3,0,10,0,0,0,0,0,0,0,0.251,0.316,0.421,0.737,3,10,R,J.Shields(53)
161,166,162,162,Oct 2,@,CHW,"W,6-3",41,35,6,9,2,0,2,6,4,0,11,1,0,1,0,0,0,0,0.251,0.316,0.421,0.738,8,9,L,C.Sale(40)
