,index,Rk,Gtm,Date,Unnamed: 3,Opp,Rslt,IP,H,R,ER,UER,BB,SO,HR,HBP,ERA,BF,Pit,Str,IR,IS,SB,CS,AB,2B,3B,IBB,SH,SF,ROE,GDP,#,Umpire,Pitchers Used (Rest-GameScore-Dec)
0,0,1,1,Apr 2,,DET,"W,9-5",9.0,12,5,5,0,3,5,0,0,5.0,40,149,106,5.0,2.0,1,0,37,3,0,0,0,0,0,2,6,Dale Scott,"T.Sturtze (99-32), J.Colome (99), D.Creek (99), T.Phelps (99), V.Zambrano (99-W), E.Yan (99)"
1,1,2,2,Apr 3,,DET,"W,2-1",12.0,10,1,1,0,4,5,1,1,2.57,47,141,90,0.0,0.0,0,0,40,2,0,2,2,0,1,4,3,Jim Joyce,"P.Wilson (99-64), V.Zambrano (0), J.Colome (0-W)"
2,2,3,3,Apr 4,,DET,"W,9-2",9.0,6,2,2,0,0,8,2,2,2.4,36,135,81,0.0,0.0,1,0,34,2,0,0,0,0,1,0,3,Chris Guccione,"R.Rupe (99-78-W), S.Kent (99), J.Sosa (99)"
3,3,4,4,Apr 5,@,NYY,"L,0-4",8.0,9,4,4,0,6,5,0,2,2.84,39,140,84,0.0,0.0,0,0,30,1,0,0,0,1,1,2,4,Tony Randazzo,"J.Kennedy (99-35-L), S.Kent (0), D.Creek (2), T.Phelps (2)"
4,4,5,5,Apr 6,@,NYY,"L,0-3",8.0,7,3,3,0,4,6,1,1,2.93,35,151,83,4.0,1.0,0,1,30,1,0,0,0,0,0,0,5,Bruce Froemming,"W.Alvarez (99-39-L), J.Colome (2), D.Creek (0), V.Zambrano (2), E.Yan (3)"
5,5,6,6,Apr 7,@,NYY,"L,2-7",8.0,11,7,7,0,6,3,0,0,3.67,40,147,82,0.0,0.0,3,0,34,3,0,0,0,0,0,1,3,Ed Rapuano,"T.Sturtze (4-29-L), S.Kent (1), J.Sosa (2)"
6,6,7,7,Apr 10,@,BAL,"W,3-2",9.0,6,2,2,0,4,7,1,1,3.43,37,136,79,0.0,0.0,0,0,30,1,0,0,1,1,0,0,4,Kerwin Danley,"P.Wilson (6-66-W), D.Creek (3-H), V.Zambrano (3-H), E.Yan (3-Sv)"
7,7,8,8,Apr 11,@,BAL,"L,6-15",8.0,18,15,13,2,6,7,2,0,4.69,48,166,97,4.0,4.0,2,0,41,3,0,0,0,1,1,1,4,Dana DeMuth,"J.Kennedy (5-44), T.Phelps (5-H), J.Colome (4-BL), S.Kent (3)"
8,8,9,9,Apr 12,,TOR,"L,7-14",9.0,16,14,14,0,9,9,1,0,5.74,52,199,116,5.0,3.0,1,0,42,2,0,0,0,1,0,0,5,Chuck Meriwether,"R.Rupe (7-21-L), T.Phelps (0), D.Creek (1), V.Zambrano (1), J.Sosa (4)"
9,9,10,10,Apr 13,,TOR,"L,4-5",9.0,8,5,3,2,7,7,1,0,5.46,44,162,95,0.0,0.0,0,1,37,1,0,0,0,0,3,0,3,Brian Runge,"T.Sturtze (5-36-L), S.Kent (1), D.Creek (0)"
10,10,11,11,Apr 14,,TOR,"W,5-4",10.0,5,4,4,0,5,10,2,0,5.27,39,151,90,5.0,2.0,1,0,34,1,0,1,0,0,0,0,4,Jim Wolf,"W.Alvarez (7-61), J.Colome (2-BSv), D.Creek (0-BSv), E.Yan (3-W)"
11,11,12,12,Apr 16,@,DET,"L,3-9",8.0,11,9,9,0,5,5,1,0,5.64,38,133,88,2.0,2.0,0,0,32,4,1,0,0,1,1,3,5,Jerry Crawford,"D.James (99-51-L), S.Kent (2), V.Zambrano (3), J.Sosa (3), T.Martin (99)"
12,12,13,13,Apr 17,@,DET,"L,6-7",8.2,15,7,5,2,2,3,2,0,5.6,40,119,75,0.0,0.0,0,1,37,2,1,2,1,0,0,3,3,Mark Barron,"J.Kennedy (5-40), J.Colome (2-BSv), V.Zambrano (0-L)"
13,13,14,14,Apr 18,@,DET,"W,6-4",9.0,11,4,4,0,2,4,0,1,5.49,40,136,94,2.0,1.0,0,0,36,2,1,0,0,1,0,1,4,Brian Gorman,"R.Rupe (5-43-W), D.Creek (3-H), J.Sosa (1-H), E.Yan (3-Sv)"
14,14,15,15,Apr 19,,BAL,"L,5-6",14.0,11,6,3,3,1,7,1,1,5.13,54,212,135,1.0,0.0,0,1,47,4,0,0,4,1,1,2,5,Marty Foster,"T.Sturtze (5-61), S.Kent (2), V.Zambrano (1), E.Yan (0), J.Colome (1-L)"
15,15,16,16,Apr 20,,BAL,"L,3-6",9.0,12,6,6,0,4,2,1,1,5.18,44,156,90,1.0,1.0,1,0,39,6,1,0,0,0,0,0,3,Andy Fletcher,"P.Wilson (9-41-L), J.Sosa (1), T.Martin (3)"
16,16,17,17,Apr 21,,BAL,"W,2-1",9.0,4,1,1,0,5,8,0,0,4.94,35,145,80,3.0,0.0,2,0,30,2,0,1,0,0,0,1,4,Joe Brinkman,"D.James (4-58), J.Colome (1), D.Creek (2-W), E.Yan (1-Sv)"
17,17,18,18,Apr 23,,MIN,"W,6-4",9.0,10,4,3,1,0,6,0,0,4.84,36,161,107,0.0,0.0,0,0,36,4,1,0,0,0,1,0,4,Bill Welke,"J.Kennedy (5-48-W), S.Kent (3-H), V.Zambrano (3-H), E.Yan (1-Sv)"
18,18,19,19,Apr 24,,MIN,"W,9-1",9.0,3,1,1,0,2,6,1,0,4.64,31,111,67,0.0,0.0,0,1,29,1,0,0,0,0,0,0,3,Rick Reed,"R.Rupe (5-79-W), T.Harper (99), J.Sosa (3)"
19,19,20,20,Apr 25,,MIN,"L,2-6",9.0,12,6,6,0,3,6,1,0,4.7,39,142,94,0.0,0.0,0,2,35,2,0,0,0,1,0,1,2,Tim Tschida,"T.Sturtze (5-66), E.Yan (1-BL)"
20,20,21,21,Apr 26,@,BOS,"L,2-4",8.0,10,4,3,1,4,5,2,1,4.65,37,133,79,0.0,0.0,1,0,32,2,0,0,0,0,0,1,2,Tim Timmons,"P.Wilson (5-47-L), J.Colome (4)"
21,21,22,22,Apr 27,@,BOS,"L,0-10",8.0,13,10,10,0,6,10,1,1,4.91,44,168,99,3.0,3.0,0,0,37,4,0,1,0,0,1,0,5,Steve Rippley,"D.James (5-22-L), J.Sosa (2), T.Harper (2), V.Zambrano (3), D.Creek (5)"
22,22,23,23,Apr 29,@,MIN,"L,2-3",8.0,7,3,3,0,3,5,0,1,4.85,32,125,73,1.0,0.0,0,1,26,3,0,0,0,2,0,0,2,Gary Cederstrom,"J.Kennedy (5-54-L), V.Zambrano (1)"
23,23,24,24,Apr 30,@,MIN,"L,3-6",8.0,10,6,5,1,3,4,1,0,4.88,35,122,74,0.0,0.0,0,0,30,2,0,0,1,1,0,2,3,Brian O'Nora,"R.Rupe (5-31-L), S.Kent (6), E.Yan (4)"
24,25,25,25,May 1,@,MIN,"L,3-5",8.0,13,5,5,0,4,9,1,0,4.91,40,147,92,3.0,0.0,1,0,36,6,0,1,0,0,0,1,2,Alfonso Marquez,"T.Sturtze (5-31-L), V.Zambrano (1)"
25,26,26,26,May 2,@,MIN,"L,6-7",9.1,10,7,7,0,7,8,2,0,4.98,42,156,92,5.0,3.0,1,0,34,0,1,0,1,0,0,2,5,Tim Welke,"P.Wilson (5-47), J.Colome (5-H), D.Creek (4-H), E.Yan (1), S.Kent (1-BL)"
26,27,27,27,May 3,,BOS,"L,2-3",9.0,7,3,2,1,3,5,0,0,4.87,35,118,68,0.0,0.0,0,0,32,2,0,0,0,0,0,2,3,Mike Winters,"D.James (5-67), D.Creek (0-H), J.Colome (0-BL)"
27,28,28,28,May 4,,BOS,"L,5-7",9.0,10,7,5,2,4,5,1,1,4.88,43,155,95,0.0,0.0,1,0,38,2,0,1,0,0,1,0,2,Greg Gibson,"J.Kennedy (4-65), V.Zambrano (2-BL)"
28,29,29,29,May 5,,BOS,"L,0-2",9.0,6,2,2,0,1,9,1,2,4.78,35,149,89,1.0,1.0,1,0,30,1,0,0,1,1,0,0,3,Dan Iassogna,"R.Rupe (4-77-L), S.Kent (2), E.Yan (2)"
29,30,30,30,May 6,,BOS,"L,3-5",9.0,14,5,5,0,4,2,1,0,4.78,41,135,83,0.0,0.0,0,2,37,1,0,0,0,0,0,2,2,Gerry Davis,"T.Sturtze (4-29-L), J.Sosa (8)"
30,31,31,31,May 7,,NYY,"L,2-5",9.0,11,5,5,0,4,6,0,0,4.79,39,134,82,1.0,1.0,1,0,35,5,0,0,0,0,0,2,2,Mike Reilly,"P.Wilson (4-45-L), J.Colome (3)"
31,32,32,32,May 8,,NYY,"L,2-7",9.0,8,7,7,0,4,10,3,0,4.86,39,152,85,0.0,0.0,0,0,35,1,0,0,0,0,1,1,3,Jeff Kellogg,"D.James (4-21-L), T.Harper (10), D.Creek (4)"
32,33,33,33,May 9,,NYY,"L,1-3",9.0,5,3,2,1,3,10,2,1,4.77,35,127,79,0.0,0.0,0,0,30,1,0,0,1,0,1,1,2,Jerry Meals,"J.Kennedy (4-70-L), V.Zambrano (4)"
33,34,34,34,May 10,,BAL,"L,5-6",9.0,7,6,6,0,2,10,1,0,4.81,35,133,84,0.0,0.0,1,1,32,4,0,0,0,1,0,0,3,Wally Bell,"R.Rupe (4-49-L), D.Creek (1), J.Sosa (3)"
34,35,35,35,May 11,,BAL,"W,6-4",9.0,10,4,4,0,4,5,0,0,4.79,39,162,100,0.0,0.0,0,0,35,5,0,0,0,0,0,1,3,CB Bucknor,"T.Sturtze (4-42), J.Sosa (0), E.Yan (5-W)"
35,36,36,36,May 12,,BAL,"W,6-3",9.0,10,3,1,2,3,4,0,1,4.68,40,122,76,0.0,0.0,1,0,36,1,2,0,0,0,1,1,3,Mark Carlson,"P.Wilson (4-53-W), V.Zambrano (2-H), E.Yan (0-Sv)"
36,37,37,37,May 14,@,NYY,"L,3-10",8.0,11,10,10,0,6,5,3,1,4.84,40,151,82,4.0,0.0,2,0,33,0,0,1,0,0,0,1,4,Tim Tschida,"T.Harper (5-38-L), S.Kent (8), J.Colome (6), J.Sosa (2)"
37,38,38,38,May 15,@,NYY,"W,10-7",9.0,8,7,6,1,4,8,2,1,4.87,39,131,82,4.0,3.0,0,0,34,1,0,0,0,0,0,1,4,Mark Wegner,"J.Kennedy (5-40-W), D.Creek (4), V.Zambrano (2-H), E.Yan (2-Sv)"
38,39,39,39,May 16,@,NYY,"L,0-13",8.0,15,13,11,2,7,2,4,1,5.04,47,180,99,0.0,0.0,0,0,39,2,0,0,0,0,3,1,3,Bill Welke,"R.Rupe (5-11-L), J.Standridge (99), J.Sosa (1)"
39,40,40,40,May 17,@,BAL,"L,3-5",8.0,8,5,5,0,3,3,1,0,5.06,36,124,71,0.0,0.0,3,0,33,1,0,0,0,0,2,1,2,Ed Montague,"T.Sturtze (5-49), V.Zambrano (1-BL)"
40,41,41,41,May 18,@,BAL,"W,5-4",9.0,11,4,4,0,1,5,1,0,5.03,37,144,88,0.0,0.0,0,0,34,4,0,0,0,2,0,0,3,Jerry Layne,"P.Wilson (5-51), D.Creek (2-W), E.Yan (2-Sv)"
41,42,42,42,May 19,@,BAL,"W,4-0",9.0,5,0,0,0,2,8,0,2,4.91,36,149,99,0.0,0.0,0,0,32,0,0,0,0,0,0,0,2,Hunter Wendelstedt,"T.Harper (4-63-W), S.Kent (4-Sv)"
42,43,43,43,May 21,@,SEA,"W,1-0",9.0,4,0,0,0,1,7,0,0,4.79,30,112,71,,,0,1,28,0,0,0,1,0,0,0,1,Joe Brinkman,J.Kennedy (5-85-W)
43,44,44,44,May 22,@,SEA,"W,3-2",9.0,8,2,2,0,2,4,0,0,4.73,36,136,79,0.0,0.0,1,0,33,2,0,0,1,0,1,1,3,Derryl Cousins,"R.Rupe (5-55-W), V.Zambrano (4-H), E.Yan (3-Sv)"
44,45,45,45,May 23,@,SEA,"L,3-7",8.0,11,7,7,0,8,6,1,0,4.79,41,174,98,2.0,2.0,1,1,33,2,0,0,0,0,0,1,3,Marty Foster,"T.Sturtze (5-34-L), S.Kent (3), D.Creek (4)"
45,46,46,46,May 24,@,OAK,"L,8-9",8.0,12,9,9,0,4,6,3,0,4.9,39,139,85,0.0,0.0,0,0,35,1,1,0,0,0,0,1,3,Ron Kulpa,"P.Wilson (5-31), L.Gardner (99), V.Zambrano (1-L)"
46,47,47,47,May 25,@,OAK,"L,0-6",8.0,8,6,6,0,4,3,2,0,4.93,36,125,75,2.0,0.0,1,0,32,2,0,0,0,0,0,0,3,Dale Scott,"T.Harper (5-51-L), J.Sosa (8), D.Creek (1)"
47,48,48,48,May 26,@,OAK,"L,0-7",8.0,8,7,7,0,0,2,3,1,4.99,33,137,91,0.0,0.0,0,0,32,1,0,0,0,0,0,0,4,Jim Joyce,"J.Kennedy (4-30-L), L.Gardner (1), V.Zambrano (1), E.Yan (3)"
48,49,49,49,May 28,,SEA,"W,5-1",9.0,5,1,1,0,1,5,0,0,4.91,32,114,74,,,0,0,31,1,0,0,0,0,0,1,1,Richard Shulock,R.Rupe (5-77-W)
49,50,50,50,May 29,,SEA,"L,2-5",9.0,10,5,5,0,5,6,1,0,4.91,38,132,73,6.0,0.0,1,1,31,2,0,0,1,1,0,3,3,Mike Everitt,"T.Sturtze (5-39-L), S.Kent (5), V.Zambrano (2)"
50,51,51,51,May 30,,OAK,"W,4-3",13.0,7,3,3,0,3,9,0,2,4.83,49,179,111,1.0,1.0,0,0,44,2,0,1,0,0,0,2,5,Doug Eddings,"P.Wilson (5-71), L.Gardner (3), D.Creek (4), E.Yan (3), T.Harper (4-W)"
51,52,52,52,May 31,,OAK,"L,9-13",9.0,17,13,11,2,5,9,2,3,4.95,53,231,141,5.0,2.0,1,0,44,1,1,0,0,1,2,0,5,Steve Rippley,"W.Alvarez (46-31), S.Kent (1), L.Gardner (0-BSv), D.Creek (0), E.Yan (0-L)"
52,54,53,53,Jun 1,,OAK,"L,3-8",9.0,12,8,8,0,2,5,2,0,5.0,38,145,90,0.0,0.0,0,1,35,4,0,0,0,1,0,1,2,Gary Darling,"J.Kennedy (5-36-L), V.Zambrano (2)"
53,55,54,54,Jun 2,,OAK,"L,2-4",9.0,7,4,4,0,5,4,1,1,4.99,40,152,91,0.0,0.0,0,1,33,2,0,0,0,1,1,0,2,Tim Timmons,"R.Rupe (4-51-L), T.Harper (2)"
54,56,55,55,Jun 3,@,TOR,"L,1-6",8.0,9,6,6,0,4,5,2,0,5.01,35,130,76,0.0,0.0,0,1,31,5,0,0,0,0,0,0,2,Marvin Hudson,"T.Sturtze (4-36-L), J.Jimenez (99)"
55,57,56,56,Jun 4,@,TOR,"L,1-3",8.0,6,3,3,0,4,2,2,0,4.99,34,112,66,,,0,0,30,1,0,0,0,0,0,0,1,Charlie Reliford,P.Wilson (4-56-L)
56,58,57,57,Jun 5,@,TOR,"W,8-6",9.0,9,6,6,0,3,10,2,0,5.01,39,150,91,0.0,0.0,0,0,35,3,1,0,0,1,1,0,3,Dana DeMuth,"W.Alvarez (4-57-W), V.Zambrano (3), E.Yan (4)"
57,59,58,58,Jun 6,@,TOR,"L,4-5",8.0,6,5,5,0,6,3,1,0,5.02,36,144,82,0.0,0.0,1,0,28,2,0,1,1,1,0,1,2,Kerwin Danley,"J.Kennedy (4-50), T.Harper (3-L)"
58,60,59,59,Jun 7,,SDP,"L,4-8",9.0,8,8,8,0,6,5,2,1,5.07,40,165,94,0.0,0.0,0,1,33,5,0,0,0,0,0,1,3,Larry Young,"R.Rupe (4-34-L), D.Creek (6), J.Jimenez (3)"
59,61,60,60,Jun 8,,SDP,"W,3-2",10.0,7,2,2,0,4,5,1,1,5.01,38,143,77,0.0,0.0,0,2,33,2,0,0,0,0,0,2,2,Fieldin Culbreth,"T.Sturtze (4-66), V.Zambrano (2-W)"
60,62,61,61,Jun 9,,SDP,"L,6-9",9.0,16,9,6,3,2,3,3,0,5.02,43,149,98,3.0,0.0,0,2,40,2,0,0,1,0,1,1,3,Bill Miller,"P.Wilson (4-24-L), S.Kent (8), T.Harper (2)"
61,63,62,62,Jun 10,,LAD,"L,5-10",9.0,14,10,9,1,2,7,2,0,5.09,43,151,99,1.0,1.0,0,0,40,4,1,0,0,1,0,0,4,Brian Gorman,"W.Alvarez (4-18-L), J.Jimenez (2), D.Creek (2), E.Yan (4)"
62,64,63,63,Jun 11,,LAD,"W,11-2",9.0,6,2,2,0,0,4,0,0,5.04,32,119,77,,,2,0,32,2,0,0,0,0,1,2,1,Phil Cuzzi,J.Kennedy (4-71-W)
63,65,64,64,Jun 12,,LAD,"L,2-4",9.0,7,4,4,0,1,7,1,1,5.02,36,104,74,,,2,0,34,2,0,0,0,0,0,0,1,Jerry Crawford,R.Rupe (4-63-L)
64,66,65,65,Jun 14,@,FLA,"W,4-3",14.0,6,3,3,0,10,10,0,0,4.95,56,199,107,0.0,0.0,0,1,42,3,0,1,3,1,0,1,4,Jim Wolf,"T.Sturtze (5-80), V.Zambrano (5), E.Yan (3-BW), T.Harper (4-Sv)"
65,67,66,66,Jun 15,@,FLA,"L,0-3",8.0,9,3,3,0,1,8,0,0,4.93,33,124,79,1.0,0.0,0,1,32,2,0,0,0,0,0,0,2,Andy Fletcher,"P.Wilson (5-52-L), D.Creek (4)"
66,68,67,67,Jun 16,@,FLA,"W,4-1",9.0,6,1,1,0,6,5,0,0,4.87,36,159,93,0.0,0.0,2,1,30,2,0,0,0,0,0,2,3,Joe Brinkman,"W.Alvarez (5-62), V.Zambrano (1-W), E.Yan (1-Sv)"
67,69,68,68,Jun 18,@,SFG,"W,8-3",9.0,8,3,3,0,2,4,1,1,4.84,40,161,106,0.0,0.0,0,0,36,0,0,0,0,1,1,0,2,Ted Barrett,"J.Kennedy (6-50-W), T.Harper (3)"
68,70,69,69,Jun 19,@,SFG,"L,0-8",8.0,11,8,8,0,3,5,1,3,4.89,40,134,79,0.0,0.0,1,0,34,3,0,0,0,0,0,0,3,Brian Runge,"R.Rupe (6-23-L), S.Kent (9), J.Jimenez (8)"
69,71,70,70,Jun 20,@,SFG,"L,2-10",8.0,16,10,9,1,1,6,3,0,4.96,42,125,89,2.0,0.0,3,0,41,2,1,0,0,0,1,1,3,Tim McClelland,"T.Sturtze (5-19-L), D.Creek (4), J.Jimenez (0)"
70,72,71,71,Jun 21,@,COL,"L,7-8",9.2,17,8,8,0,2,5,1,0,5.0,48,159,102,3.0,1.0,1,0,46,4,1,1,0,0,0,0,3,Gary Cederstrom,"P.Wilson (5-50), V.Zambrano (4-H), E.Yan (4-BL)"
71,73,72,72,Jun 22,@,COL,"L,5-6",10.1,15,6,6,0,7,7,3,0,5.0,51,186,117,0.0,0.0,0,0,42,1,0,0,2,0,0,1,4,Brian O'Nora,"W.Alvarez (5-44), D.Creek (1-BSv), T.Harper (3), S.Kent (2-L)"
72,74,73,73,Jun 23,@,COL,"L,5-6",8.0,9,6,5,1,4,5,1,0,5.01,32,118,68,,,2,1,28,2,0,0,0,0,0,3,1,Alfonso Marquez,J.Kennedy (4-43-L)
73,75,74,74,Jun 25,,TOR,"L,11-20",9.0,19,20,20,0,7,10,5,2,5.21,55,220,136,0.0,0.0,0,0,45,3,0,0,0,1,0,0,5,Ed Rapuano,"J.Sosa (30-28-L), T.Harper (2), S.Kent (2), D.Creek (2), J.Colome (41)"
74,76,75,75,Jun 26,,TOR,"W,4-2",9.0,7,2,2,0,5,8,0,0,5.17,39,138,81,0.0,0.0,0,0,34,3,0,0,0,0,0,0,3,Dan Iassogna,"T.Sturtze (5-56-W), T.Phelps (74-H), E.Yan (4-Sv)"
75,77,76,76,Jun 27,,TOR,"W,6-4",9.0,6,4,4,0,3,9,2,1,5.15,37,150,95,0.0,0.0,0,0,33,1,0,0,0,0,0,0,3,Larry Poncino,"P.Wilson (5-41), T.Harper (1-W), E.Yan (0-Sv)"
76,78,77,77,Jun 28,,FLA,"W,4-0",9.0,5,0,0,0,6,6,0,0,5.09,37,155,99,0.0,0.0,0,0,31,1,0,0,0,0,0,0,3,Mike Reilly,"W.Alvarez (5-71-W), T.Phelps (1), E.Yan (0)"
77,79,78,78,Jun 29,,FLA,"L,2-3",9.0,6,3,3,0,2,7,2,1,5.06,36,111,73,,,0,0,33,1,0,0,0,0,1,1,1,Jeff Kellogg,J.Kennedy (5-68-L)
78,80,79,79,Jun 30,,FLA,"W,6-5",12.0,9,5,4,1,3,7,1,0,5.03,47,198,124,0.0,0.0,2,1,43,1,0,0,0,1,2,2,4,Jim Wolf,"J.Sosa (4-42), J.Colome (4), T.Harper (2), E.Yan (1-W)"
79,82,80,80,Jul 2,@,TEX,"L,1-3",8.0,9,3,3,0,3,5,2,0,5.01,34,115,74,,,1,1,31,1,0,0,0,0,0,1,1,Jeff Nelson,T.Sturtze (5-54-L)
80,83,81,81,Jul 3,@,TEX,"L,5-6",8.0,11,6,6,0,1,6,2,0,5.03,33,135,85,0.0,0.0,0,0,31,2,1,0,1,0,0,1,2,Ron Kulpa,"P.Wilson (5-49), J.Colome (2-L)"
81,84,82,82,Jul 4,@,TEX,"L,8-11",8.0,11,11,11,0,3,3,5,0,5.11,38,128,82,1.0,0.0,0,0,35,2,0,0,0,0,0,0,3,Dale Scott,"W.Alvarez (5-17), D.Creek (8), T.Harper (3-L)"
82,85,83,83,Jul 5,@,ANA,"L,5-6",9.1,15,6,6,0,2,7,1,2,5.11,46,165,109,1.0,0.0,1,0,42,5,0,0,0,0,0,0,3,Kerwin Danley,"J.Kennedy (5-33), T.Phelps (6), E.Yan (4-L)"
83,86,84,84,Jul 6,@,ANA,"L,3-4",8.0,4,4,4,0,5,2,1,0,5.11,32,122,69,0.0,0.0,2,1,27,0,0,0,0,0,0,0,2,Dana DeMuth,"J.Sosa (5-63), J.Colome (2-L)"
84,87,85,85,Jul 7,@,ANA,"L,1-2",9.2,10,2,2,0,1,3,0,0,5.07,39,125,84,0.0,0.0,0,0,37,0,0,1,1,0,0,0,2,Mike Vanvleet,"T.Sturtze (4-70), T.Harper (2-L)"
85,88,86,86,Jul 11,,SEA,"L,0-4",9.0,8,4,3,1,3,6,0,1,5.04,40,142,87,0.0,0.0,3,0,35,4,0,0,0,1,1,0,3,Mike DiMuro,"J.Kennedy (5-52-L), T.Phelps (5), E.Yan (5)"
86,89,87,87,Jul 12,,SEA,"L,1-2",9.0,8,2,2,0,4,8,0,1,5.01,38,152,88,0.0,0.0,1,1,33,4,0,1,0,0,1,2,2,Jerry Layne,"P.Wilson (8-62), T.Harper (4-L)"
87,90,88,88,Jul 13,,SEA,"W,4-3",10.0,8,3,3,0,4,7,3,1,4.98,38,137,77,0.0,0.0,0,3,33,0,0,0,0,0,0,1,2,Ed Montague,"T.Sturtze (5-63), E.Yan (1-W)"
88,91,89,89,Jul 14,,SEA,"L,6-7",9.0,10,7,7,0,3,7,2,0,5.0,39,133,87,2.0,0.0,0,1,35,1,0,1,0,1,0,0,4,Hunter Wendelstedt,"W.Alvarez (9-24), D.Creek (9), J.Colome (7), T.Phelps (2-L)"
89,92,90,90,Jul 15,,OAK,"L,0-4",9.0,8,4,3,1,4,4,0,0,4.98,36,156,95,1.0,0.0,0,0,32,2,0,0,0,0,1,4,4,Randy Marsh,"R.Rupe (25-36-L), S.Kent (19), J.Colome (0), T.Harper (2)"
90,93,91,91,Jul 16,,OAK,"L,1-2",9.0,8,2,2,0,3,7,1,0,4.95,37,138,88,0.0,0.0,0,0,33,1,0,0,0,1,0,0,2,Larry Vanover,"J.Sosa (9-52-L), T.Harper (0)"
91,94,92,92,Jul 17,,BOS,"L,1-6",9.0,11,6,6,0,7,6,2,0,4.96,45,179,101,2.0,0.0,2,0,37,1,0,0,0,1,0,0,3,Brian O'Nora,"P.Wilson (4-42-L), T.Phelps (2), E.Yan (3)"
92,95,93,93,Jul 18,,BOS,"L,3-4",9.0,9,4,4,0,3,4,2,2,4.95,41,157,99,2.0,0.0,1,0,36,2,0,0,0,0,0,0,3,Alfonso Marquez,"T.Sturtze (4-55), E.Yan (0-L), J.Colome (2)"
93,96,94,94,Jul 19,@,TOR,"L,8-11",8.0,12,11,9,2,6,6,1,1,5.0,44,179,98,0.0,0.0,1,0,37,3,0,0,0,0,3,1,3,Mike Winters,"J.Kennedy (7-29), D.Creek (4-L), B.Backe (99)"
94,97,95,95,Jul 20,@,TOR,"L,10-12",8.0,10,12,9,3,6,10,1,3,5.04,44,188,115,2.0,2.0,1,0,34,5,0,0,0,1,1,1,3,Gerry Davis,"L.de los Santos (99-12-L), S.Kent (4), J.Colome (1)"
95,98,96,96,Jul 21,@,TOR,"W,7-5",9.0,9,5,5,0,3,7,2,1,5.04,40,152,94,0.0,0.0,0,0,36,2,0,0,0,0,0,0,3,Dan Iassogna,"J.Sosa (4-51-W), T.Harper (4-H), E.Yan (2-Sv)"
96,99,97,97,Jul 23(1),@,BOS,"L,4-22",8.0,19,22,17,5,7,4,7,0,5.17,51,180,99,3.0,1.0,1,0,44,5,0,0,0,0,2,0,4,Chris Guccione,"T.Sturtze (4-7-L), B.Backe (3), S.Kent (2), T.Phelps (5)"
97,100,98,98,Jul 23(2),@,BOS,"W,5-4",9.0,11,4,4,0,4,9,0,0,5.16,40,131,83,2.0,0.0,0,0,35,2,0,0,0,1,0,2,3,Doug Eddings,"P.Wilson (5-47), V.Zambrano (31-W), E.Yan (1-Sv)"
98,101,99,99,Jul 24,@,BOS,"W,9-5",9.0,10,5,5,0,3,5,0,1,5.16,40,145,85,2.0,1.0,0,0,36,2,0,0,0,0,0,1,3,Joe West,"J.Kennedy (4-21), J.Colome (3-W), V.Zambrano (0-Sv)"
99,102,100,100,Jul 25,@,BOS,"L,0-6",8.0,8,6,6,0,2,2,3,0,5.17,32,113,69,0.0,0.0,0,0,29,1,0,0,0,1,0,1,3,Mike Everitt,"L.de los Santos (4-32-L), B.Backe (1), S.Kent (1)"
100,103,101,101,Jul 26,,NYY,"L,9-12",9.0,10,12,12,0,10,9,2,1,5.24,46,180,95,5.0,3.0,2,1,34,2,0,0,0,1,0,0,4,Ted Barrett,"J.Sosa (4-37-L), T.Phelps (2), V.Zambrano (1), B.Backe (0)"
101,104,102,102,Jul 27,,NYY,"W,7-4",9.0,7,4,4,0,2,6,1,2,5.23,38,129,74,2.0,1.0,1,0,33,2,0,0,0,1,0,0,3,Brian Runge,"T.Harper (5-47-W), J.Colome (2-H), E.Yan (3-Sv)"
102,105,103,103,Jul 28,,NYY,"L,1-9",9.0,12,9,9,0,9,6,2,1,5.27,48,171,97,0.0,0.0,0,1,38,1,0,1,0,0,1,1,2,Tim McClelland,"T.Sturtze (4-32-L), S.Kent (2)"
103,106,104,104,Jul 29,,BAL,"W,6-1",9.0,4,1,1,0,3,5,0,1,5.23,35,142,95,0.0,0.0,1,0,31,1,0,0,0,0,1,1,2,Jim Reynolds,"P.Wilson (5-72-W), J.Colome (1)"
104,107,105,105,Jul 30,,BAL,"W,10-3",9.0,5,3,3,0,1,7,2,0,5.2,32,107,70,,,0,0,31,0,0,0,0,0,0,1,1,Jim Wolf,J.Kennedy (5-71-W)
105,108,106,106,Jul 31,,BAL,"L,2-12",9.0,18,12,12,0,3,3,3,1,5.27,48,178,114,2.0,0.0,3,1,44,2,0,0,0,0,0,1,3,Mark Hirschbeck,"L.de los Santos (5-33-L), V.Zambrano (4), B.Backe (4)"
106,110,107,107,Aug 1,,BAL,"L,3-4",9.0,6,4,4,0,8,4,2,0,5.26,39,173,98,3.0,0.0,1,2,31,1,0,0,0,0,0,0,4,Matt Hollowell,"J.Sosa (5-41-L), S.Kent (3), T.Phelps (5), E.Yan (4)"
107,111,108,108,Aug 2,,CHW,"L,5-8",12.0,16,8,8,0,6,7,1,3,5.27,61,234,134,0.0,0.0,2,0,50,2,0,1,2,0,1,1,4,Rob Drake,"T.Sturtze (4-40), T.Harper (5-BSv), E.Yan (0), J.Colome (3-L)"
108,112,109,109,Aug 3,,CHW,"W,6-2",9.0,5,2,2,0,6,5,0,1,5.24,38,157,89,0.0,0.0,0,0,31,2,0,0,0,0,0,0,2,Steve Rippley,"P.Wilson (4-64-W), T.Phelps (1)"
109,113,110,110,Aug 4,,CHW,"W,10-3",9.0,9,3,2,1,4,5,0,1,5.21,41,154,91,0.0,0.0,0,0,35,2,0,0,1,0,1,0,3,Gary Darling,"J.Kennedy (4-58-W), T.Harper (1), S.Kent (2)"
110,114,111,111,Aug 5,,CHW,"L,3-4",9.0,9,4,4,0,3,8,1,1,5.2,39,150,85,2.0,2.0,0,0,35,1,2,0,0,0,0,0,3,Paul Emmel,"V.Zambrano (4-62), J.Colome (2-H), E.Yan (2-BL)"
111,115,112,112,Aug 6,@,CLE,"L,2-4",8.0,8,4,4,0,5,5,1,0,5.19,37,149,89,2.0,0.0,0,0,32,4,0,0,0,0,0,0,3,Fieldin Culbreth,"J.Sosa (4-34-L), W.Alvarez (22), B.Backe (5)"
112,116,113,113,Aug 7,@,CLE,"L,2-6",8.0,7,6,4,2,4,5,1,0,5.18,33,116,70,,,0,1,27,2,0,0,1,1,2,2,1,Bill Hohn,T.Sturtze (4-49-L)
113,117,114,114,Aug 8,@,CLE,"W,4-2",9.0,7,2,2,0,1,5,2,0,5.16,34,122,82,0.0,0.0,0,0,33,1,0,0,0,0,0,0,2,Lance Barksdale,"P.Wilson (4-69-W), E.Yan (2-Sv)"
114,118,115,115,Aug 9,@,KCR,"L,4-5",11.1,15,5,4,1,5,3,0,1,5.13,51,211,125,0.0,0.0,1,2,44,5,0,0,0,1,0,3,4,Gerry Davis,"J.Kennedy (4-49), T.Harper (4-H), E.Yan (0-BSv), T.Phelps (5-L)"
115,119,116,116,Aug 10,@,KCR,"W,13-6",9.0,9,6,6,0,3,5,1,2,5.14,40,173,104,0.0,0.0,0,0,34,4,0,0,0,1,0,0,2,Dan Iassogna,"V.Zambrano (4-33-W), W.Alvarez (3-Sv)"
116,120,117,117,Aug 11,@,KCR,"L,0-10",8.0,14,10,9,1,3,3,4,1,5.18,44,144,82,0.0,0.0,3,0,40,1,0,0,0,0,2,0,4,Greg Gibson,"J.Sosa (4-31-L), S.Kent (6), B.Backe (4), J.Colome (5)"
117,121,118,118,Aug 13,,CLE,"L,5-9",9.0,9,9,9,0,6,10,2,1,5.21,42,167,97,0.0,0.0,0,0,34,1,0,0,1,0,0,1,3,Dana DeMuth,"T.Sturtze (5-30-L), B.Backe (1), T.Phelps (3)"
118,122,119,119,Aug 14,,CLE,"L,4-6",9.0,11,6,6,0,2,4,1,1,5.22,38,119,81,1.0,1.0,0,0,34,2,0,1,1,0,0,3,2,Kerwin Danley,"P.Wilson (5-46-L), W.Alvarez (3)"
119,123,120,120,Aug 15,,CLE,"W,4-3",9.0,7,3,3,0,5,0,1,0,5.2,37,122,71,0.0,0.0,1,1,32,1,0,0,0,0,0,1,2,Jim Wolf,"J.Kennedy (5-63), T.Harper (5-W)"
120,124,121,121,Aug 16,,KCR,"L,5-6",9.0,9,6,6,0,4,9,1,0,5.21,41,149,93,0.0,0.0,0,0,35,1,1,0,0,2,1,0,4,Jerry Layne,"V.Zambrano (5-52), J.Colome (4-BSv), T.Harper (0-H), E.Yan (6-BL)"
121,125,122,122,Aug 17,,KCR,"L,3-7",12.0,12,7,6,1,5,7,3,0,5.2,53,199,117,0.0,0.0,1,0,47,2,0,0,0,1,2,0,4,Mike DiMuro,"J.Sosa (5-67), T.Phelps (3-H), E.Yan (0-BSv), J.Colome (0-L)"
122,126,123,123,Aug 18,,KCR,"W,8-6",9.0,9,6,6,0,5,11,1,0,5.21,40,162,102,0.0,0.0,1,1,35,1,0,0,0,0,0,0,2,Ed Montague,"T.Sturtze (4-53-W), W.Alvarez (3)"
123,127,124,124,Aug 19,@,BAL,"W,7-3",9.0,5,3,3,0,2,4,2,0,5.19,33,119,75,0.0,0.0,0,0,31,1,0,0,0,0,0,1,2,CB Bucknor,"P.Wilson (4-63-W), T.Harper (2)"
124,128,125,125,Aug 20,@,BAL,"L,4-7",8.2,9,7,3,4,4,4,1,0,5.17,39,148,94,0.0,0.0,0,1,34,1,0,0,0,1,1,0,2,Mark Carlson,"J.Kennedy (4-57), L.Gardner (80-BL)"
125,129,126,126,Aug 21,@,BAL,"L,1-2",8.0,5,2,2,0,6,9,1,0,5.15,33,119,61,3.0,0.0,1,1,27,0,0,0,0,0,0,0,2,Jay Klemm,"V.Zambrano (4-56-L), E.Yan (3)"
126,130,127,127,Aug 22,@,BAL,"L,2-3",10.1,8,3,3,0,2,7,2,0,5.13,40,146,99,0.0,0.0,0,0,37,1,0,1,1,0,0,1,3,Andy Fletcher,"J.Sosa (4-66), W.Alvarez (3), T.Harper (2-L)"
127,131,128,128,Aug 23,@,CHW,"W,8-2",9.0,11,2,2,0,1,6,2,0,5.1,39,112,77,,,0,0,37,0,0,0,1,0,1,1,1,Ron Kulpa,T.Sturtze (4-62-W)
128,132,129,129,Aug 24,@,CHW,"L,2-5",8.0,7,5,5,0,4,6,3,0,5.11,35,128,83,0.0,0.0,0,0,31,1,0,0,0,0,0,0,2,Jim Joyce,"P.Wilson (4-44-L), T.Phelps (6)"
129,133,130,130,Aug 25,@,CHW,"L,3-8",8.0,9,8,8,0,4,4,1,1,5.13,36,133,80,1.0,0.0,1,0,31,1,0,0,0,0,0,1,4,Dale Scott,"J.Kennedy (4-25-L), L.Gardner (4), B.Backe (11), S.Kent (13)"
130,134,131,131,Aug 27,@,ANA,"L,3-7",8.0,16,7,4,3,2,2,0,0,5.13,40,145,94,3.0,3.0,0,2,38,3,0,0,0,0,2,1,2,Ed Rapuano,"V.Zambrano (5-30-L), T.Harper (4)"
131,135,132,132,Aug 28,@,ANA,"W,8-5",10.0,10,5,3,2,4,5,0,1,5.11,46,159,98,1.0,1.0,3,0,40,2,1,0,1,0,1,0,3,Tony Randazzo,"J.Sosa (5-44), W.Alvarez (5), E.Yan (6-W)"
132,136,133,133,Aug 29,@,ANA,"L,1-6",8.0,11,6,6,0,3,3,0,1,5.12,39,129,79,0.0,0.0,1,0,33,4,0,0,1,1,1,1,2,Tim Timmons,"T.Sturtze (5-37-L), L.Gardner (3)"
133,137,134,134,Aug 30,@,TEX,"W,9-7",9.0,13,7,7,0,8,4,3,1,5.14,46,208,117,1.0,0.0,1,0,37,2,0,0,0,0,0,3,5,Rob Drake,"P.Wilson (5-15), T.Phelps (5-W), W.Alvarez (1-H), L.Gardner (0-H), E.Yan (1-Sv)"
134,138,135,135,Aug 31,@,TEX,"W,7-5",9.0,13,5,5,0,5,7,1,1,5.13,42,168,104,2.0,0.0,0,2,36,2,0,0,0,0,0,1,4,Matt Hollowell,"T.Harper (3-22), T.Phelps (0), L.Gardner (0-W), E.Yan (0-Sv)"
135,140,136,136,Sep 1,@,TEX,"W,8-3",9.0,11,3,3,0,3,5,2,0,5.12,39,147,89,0.0,0.0,0,0,36,1,0,0,0,0,0,1,2,Derryl Cousins,"V.Zambrano (4-49-W), L.Carter (99-Sv)"
136,141,137,137,Sep 3,,ANA,"L,2-10",9.0,12,10,9,1,6,6,0,0,5.15,46,169,98,3.0,3.0,0,0,40,2,0,0,0,0,1,0,3,Laz Diaz,"J.Sosa (5-22-L), T.Phelps (2), S.Kent (8)"
137,142,138,138,Sep 4,,ANA,"L,2-4",9.0,10,4,4,0,0,1,0,0,5.14,36,109,75,,,1,0,35,2,0,0,0,1,0,0,1,Jim Wolf,T.Sturtze (5-52-L)
138,143,139,139,Sep 5,,ANA,"L,1-10",9.0,10,10,9,1,5,6,2,1,5.17,42,144,87,1.0,1.0,1,0,35,3,0,0,0,1,0,1,3,Randy Marsh,"J.Kennedy (10-23-L), S.Kent (1), L.Gardner (4)"
139,144,140,140,Sep 6,,TEX,"L,3-9",9.0,15,9,9,0,4,3,1,1,5.19,47,169,96,0.0,0.0,0,0,41,5,0,0,0,1,1,1,4,Greg Gibson,"T.Harper (5-13-L), L.Carter (4), T.Phelps (2), E.Yan (5)"
140,145,141,141,Sep 7,,TEX,"L,2-11",9.0,13,11,11,0,7,8,2,1,5.23,47,189,101,0.0,0.0,0,0,37,1,0,0,0,2,0,1,4,Mike Winters,"V.Zambrano (5-29-L), L.Gardner (1), S.Kent (1), T.Phelps (0)"
141,146,142,142,Sep 8,,TEX,"W,6-3",9.0,7,3,3,0,6,8,2,0,5.22,38,151,89,0.0,0.0,0,0,32,0,0,0,0,0,0,2,3,Gerry Davis,"J.Sosa (4-59-W), W.Alvarez (8), E.Yan (1)"
142,147,143,143,Sep 9,,BOS,"L,3-6",9.0,14,6,5,1,1,3,3,0,5.22,41,111,76,1.0,0.0,0,0,39,2,1,0,0,1,0,2,2,Jerry Crawford,"T.Sturtze (4-31-L), L.Carter (2)"
143,148,144,144,Sep 10,,BOS,"L,1-12",9.0,15,12,11,1,1,3,3,3,5.26,47,168,112,2.0,1.0,1,0,42,5,0,0,0,1,1,0,4,Brian Gorman,"J.Kennedy (4-31-L), S.Kent (2), L.Gardner (2), T.Phelps (2)"
144,149,145,145,Sep 11,,BOS,"L,3-6",9.0,12,6,6,0,5,7,1,0,5.26,44,162,99,2.0,0.0,1,0,39,2,1,0,0,0,0,0,3,Phil Cuzzi,"P.Wilson (11-28-L), W.Alvarez (2), T.Harper (4)"
145,150,146,146,Sep 12,,BOS,"L,3-6",9.0,7,6,6,0,5,5,1,0,5.27,37,132,77,0.0,0.0,0,0,31,2,0,0,0,1,0,2,2,Matt Hollowell,"V.Zambrano (4-62), E.Yan (3-BL)"
146,151,147,147,Sep 13,@,TOR,"L,2-5",8.0,6,5,5,0,4,3,2,2,5.27,30,99,61,0.0,0.0,0,0,24,2,0,0,0,0,0,2,2,Larry Young,"D.Brazelton (99-42-L), L.Carter (3)"
147,152,148,148,Sep 14,@,TOR,"L,4-8",8.0,10,8,8,0,4,3,3,0,5.29,36,123,75,0.0,0.0,1,0,30,3,0,0,0,2,0,1,3,Bill Miller,"T.Sturtze (4-28-L), J.Colome (27), D.James (99)"
148,153,149,149,Sep 15,@,TOR,"W,7-4",9.0,8,4,4,0,2,6,2,0,5.28,36,145,99,2.0,0.0,0,0,33,1,0,0,0,1,0,1,3,Fieldin Culbreth,"J.Kennedy (4-64-W), W.Alvarez (3), E.Yan (2-Sv)"
149,154,150,150,Sep 17,,NYY,"W,9-7",9.0,12,7,7,0,5,9,1,1,5.3,43,162,97,1.0,0.0,0,0,36,4,1,1,1,0,0,2,2,Paul Emmel,"P.Wilson (5-27), L.Carter (3-W)"
150,155,151,151,Sep 18,,NYY,"L,1-7",9.0,13,7,7,0,5,7,1,0,5.31,44,149,88,0.0,0.0,2,1,39,2,0,0,0,0,0,0,3,Gary Darling,"V.Zambrano (5-43-L), T.Harper (6), J.Sosa (9)"
151,156,152,152,Sep 19,,NYY,"W,3-2",10.0,7,2,2,0,5,6,1,0,5.28,39,150,92,0.0,0.0,0,0,34,1,0,0,0,0,1,3,3,Steve Rippley,"D.Brazelton (5-54), W.Alvarez (3), E.Yan (3-W)"
152,157,153,153,Sep 20,,TOR,"W,11-7",9.0,7,7,7,0,3,9,1,1,5.29,36,134,81,0.0,0.0,0,0,32,3,1,0,0,0,0,2,2,Derryl Cousins,"T.Sturtze (5-58-W), J.Colome (5)"
153,158,154,154,Sep 21,,TOR,"W,4-3",9.0,6,3,0,3,1,6,1,0,5.26,36,156,103,0.0,0.0,0,0,35,0,0,0,0,0,2,0,3,Marty Foster,"J.Kennedy (5-55), T.Phelps (10), L.Carter (3-W)"
154,159,155,155,Sep 22,,TOR,"L,6-12",9.0,19,12,9,3,5,3,2,0,5.28,51,181,107,3.0,2.0,0,1,44,3,2,1,0,2,2,1,4,Joe Brinkman,"P.Wilson (4-13-L), J.Sosa (3), J.Colome (1), S.Kent (11)"
155,160,156,156,Sep 23,@,NYY,"W,3-2",9.0,6,2,0,2,5,5,0,1,5.25,37,129,68,0.0,0.0,0,1,31,0,0,0,0,0,1,1,3,Mike Reilly,"V.Zambrano (4-56-W), W.Alvarez (3-H), E.Yan (3-Sv)"
156,161,157,157,Sep 24,@,NYY,"L,0-6",8.0,9,6,6,0,3,6,2,2,5.26,37,138,81,0.0,0.0,0,0,32,3,0,0,0,0,0,1,2,Sam Holbrook,"T.Harper (5-26-L), D.James (9)"
157,162,158,158,Sep 25,@,NYY,"L,3-4",8.0,10,4,3,1,2,7,0,1,5.25,37,141,87,2.0,0.0,1,0,34,3,0,0,0,0,1,1,2,Jerry Meals,"T.Sturtze (4-42-L), L.Carter (3)"
158,163,159,159,Sep 27,@,BOS,"L,1-6",8.0,9,6,6,0,3,4,1,1,5.25,34,132,79,2.0,0.0,0,0,30,1,0,0,0,0,0,3,3,Rick Reed,"P.Wilson (4-19-L), T.Phelps (5), J.Sosa (4)"
159,164,160,160,Sep 28,@,BOS,"W,9-6",9.0,8,6,5,1,4,7,1,0,5.25,39,133,78,0.0,0.0,0,0,35,4,0,1,0,0,1,1,2,Tim Tschida,"V.Zambrano (4-47-W), L.Carter (2-Sv)"
160,165,161,161,Sep 29,@,BOS,"L,8-11",8.0,15,11,10,1,7,2,1,2,5.29,45,154,80,3.0,2.0,0,0,35,6,0,0,0,1,1,3,4,Mark Wegner,"D.James (4-17), W.Alvarez (5-L), T.Harper (4), E.Yan (5)"
