,index,Rk,Gtm,Date,Unnamed: 3,Opp,Rslt,PA,AB,R,H,2B,3B,HR,RBI,BB,IBB,SO,HBP,SH,SF,ROE,GDP,SB,CS,BA,OBP,SLG,OPS,LOB,#,Thr,Opp. Starter (GmeSc)
0,0,1,1,Apr 4,@,ARI,"L,4-6",37,33,4,6,1,0,2,4,3,0,10,0,1,0,1,0,0,0,0.182,0.25,0.394,0.644,6,14,L,R.Johnson(74)
1,1,2,2,Apr 5,@,ARI,"L,3-11",38,35,3,9,1,0,1,2,3,0,6,0,0,0,1,2,2,0,0.221,0.284,0.382,0.666,8,18,R,T.Stottlemyre(44)
2,2,3,3,Apr 6,@,ARI,"L,2-3",43,41,2,8,1,0,0,2,2,1,8,0,0,0,0,0,0,0,0.211,0.265,0.321,0.586,8,16,L,O.Daal(63)
3,3,4,4,Apr 7,@,HOU,"W,4-1",35,31,4,6,1,0,2,4,3,0,5,0,0,1,0,0,2,0,0.207,0.263,0.343,0.606,4,12,R,O.Dotel(58)
4,4,5,5,Apr 8,@,HOU,"L,5-8",38,34,5,11,3,0,1,5,3,0,4,1,0,0,0,2,1,0,0.23,0.289,0.374,0.663,6,16,R,D.Gooden(32)
5,5,6,6,Apr 9,@,HOU,"W,3-2",38,33,3,7,2,0,0,3,5,0,4,0,0,0,0,0,0,1,0.227,0.294,0.357,0.651,8,13,R,S.Reynolds(58)
6,6,7,7,Apr 10,,NYM,"W,9-7",34,29,9,9,3,1,1,8,2,0,4,0,1,2,1,0,0,0,0.237,0.299,0.386,0.684,1,16,R,B.Jones(25)
7,7,8,8,Apr 12,,NYM,"W,8-5",43,35,8,12,4,0,2,8,8,1,5,0,0,0,0,0,1,0,0.251,0.322,0.417,0.739,11,15,L,M.Hampton(18)
8,8,9,9,Apr 13,,NYM,"L,1-2",36,31,1,5,2,0,1,1,4,0,2,0,1,0,0,0,0,0,0.242,0.316,0.407,0.723,8,15,R,R.Reed(63)
9,9,10,10,Apr 14,,MON,"L,0-4",33,31,0,6,1,0,0,0,2,0,5,0,0,0,1,1,0,1,0.237,0.309,0.39,0.7,6,12,R,D.Hermanson(78)
10,10,11,11,Apr 16,,MON,"W,5-4",39,32,5,9,2,0,0,5,5,0,8,1,1,0,0,0,0,1,0.241,0.317,0.386,0.703,9,12,R,H.Irabu(61)
11,11,12,12,Apr 18,@,ATL,"L,3-4",51,45,3,9,1,0,1,3,5,0,9,1,0,0,1,0,1,0,0.237,0.315,0.376,0.69,12,15,R,G.Maddux(56)
12,12,13,13,Apr 19,@,ATL,"L,1-10",37,31,1,4,0,0,0,1,6,1,5,0,0,0,1,1,1,0,0.229,0.311,0.358,0.67,9,13,L,T.Glavine(64)
13,13,14,14,Apr 20,@,ATL,"L,4-6",38,34,4,8,0,0,3,4,4,0,7,0,0,0,1,2,0,0,0.229,0.312,0.368,0.68,7,14,R,K.Millwood(46)
14,14,15,15,Apr 21,@,FLA,"W,4-3",40,33,4,8,2,0,1,4,4,0,3,1,2,0,0,0,3,0,0.23,0.314,0.37,0.684,9,10,R,V.Núñez(46)
15,15,16,16,Apr 22,@,FLA,"L,2-4",36,32,2,8,2,0,0,2,2,0,6,2,0,0,1,2,0,1,0.231,0.315,0.367,0.681,7,15,L,J.Sanchez(53)
16,16,17,17,Apr 23,@,FLA,"L,2-5",34,32,2,6,1,0,0,2,1,0,4,0,1,0,0,0,1,0,0.229,0.309,0.358,0.668,5,14,R,B.Penny(57)
17,17,18,18,Apr 24,@,FLA,"L,1-3",36,32,1,7,0,0,1,1,3,0,3,0,1,0,0,1,0,0,0.228,0.308,0.356,0.664,8,13,R,A.Fernandez(62)
18,18,19,19,Apr 25,,ARI,"L,2-10",36,31,2,5,2,0,0,2,4,0,14,0,1,0,0,0,0,0,0.225,0.306,0.35,0.655,7,16,L,R.Johnson(68)
19,19,20,20,Apr 26,,ARI,"L,4-10",36,32,4,6,2,0,2,4,4,0,7,0,0,0,0,1,0,0,0.223,0.304,0.354,0.658,5,17,R,T.Stottlemyre(40)
20,20,21,21,Apr 27,,ARI,"W,5-4",39,33,5,10,2,0,3,5,6,0,4,0,0,0,0,1,0,0,0.227,0.31,0.367,0.677,9,15,L,O.Daal(35)
21,21,22,22,Apr 28,,STL,"L,4-7",37,33,4,9,3,0,0,4,3,0,3,1,0,0,0,1,0,2,0.229,0.312,0.367,0.679,6,16,R,G.Stephenson(37)
22,22,23,23,Apr 29,,STL,"L,6-7",44,37,6,10,4,1,0,6,5,1,11,0,1,1,0,0,1,0,0.231,0.313,0.37,0.683,8,17,R,A.Benes(62)
23,23,24,24,Apr 30,,STL,"L,3-4",37,32,3,8,5,0,0,3,3,0,7,1,1,0,0,2,0,0,0.232,0.314,0.372,0.686,7,14,R,D.Kile(56)
24,25,25,25,May 2,,CIN,"L,0-7",35,30,0,3,1,0,0,0,5,0,7,0,0,0,1,1,0,0,0.227,0.311,0.363,0.674,8,12,L,D.Neagle(71)
25,26,26,26,May 3,,CIN,"W,5-2",33,28,5,9,1,0,0,3,3,0,6,0,2,0,1,3,0,0,0.23,0.313,0.363,0.676,4,11,R,S.Parris(41)
26,27,27,27,May 4,,CIN,"W,14-1",46,44,14,21,8,0,2,14,2,0,7,0,0,0,0,0,0,0,0.242,0.322,0.384,0.706,8,15,R,P.Harnisch(16)
27,28,28,28,May 5,@,ATL,"L,5-6",38,34,5,9,0,2,1,5,3,0,3,0,1,0,0,0,2,0,0.243,0.322,0.387,0.709,6,14,L,T.Glavine(65)
28,29,29,29,May 6,@,ATL,"W,6-0",43,39,6,13,4,0,1,6,3,0,6,0,1,0,0,1,0,0,0.247,0.324,0.392,0.716,10,9,R,K.Millwood(35)
29,30,30,30,May 7,@,ATL,"W,7-4",43,38,7,14,3,0,1,7,3,0,5,0,2,0,1,1,1,0,0.251,0.327,0.397,0.725,9,12,L,T.Mulholland(25)
30,31,31,31,May 9,@,MON,"L,2-3",33,31,2,6,1,0,1,2,0,0,6,1,1,0,0,1,2,0,0.25,0.324,0.395,0.719,4,12,R,H.Irabu(61)
31,32,32,32,May 10,@,MON,"W,8-0",45,37,8,13,2,0,0,7,4,0,1,1,2,1,1,1,1,0,0.253,0.328,0.395,0.723,10,10,R,J.Vazquez(27)
32,33,33,33,May 11,@,MON,"W,6-4",40,35,6,8,3,2,0,5,3,0,11,2,0,0,2,1,1,0,0.252,0.328,0.396,0.724,7,13,R,C.Pavano(53)
33,34,34,34,May 12,,ATL,"L,7-8",40,36,7,9,1,0,1,6,4,0,9,0,0,0,0,0,1,0,0.252,0.328,0.395,0.723,6,16,L,T.Mulholland(52)
34,35,35,35,May 13,,ATL,"L,2-3",37,33,2,6,1,0,0,2,1,1,12,1,1,1,0,1,2,0,0.25,0.325,0.39,0.715,5,16,R,G.Maddux(67)
35,36,36,36,May 14,,ATL,"L,2-11",35,32,2,8,1,0,1,2,3,0,6,0,0,0,0,3,0,0,0.25,0.325,0.39,0.714,6,17,R,J.Burkett(71)
36,37,37,37,May 16,,STL,"L,2-8",36,36,2,10,1,0,0,2,0,0,9,0,0,0,0,0,1,0,0.251,0.323,0.387,0.711,7,14,R,A.Benes(57)
37,38,38,38,May 17,,STL,"W,5-4",36,34,5,11,1,0,3,5,2,0,5,0,0,0,0,0,0,1,0.253,0.324,0.393,0.718,7,12,R,D.Kile(38)
38,39,39,39,May 18,,STL,"L,2-7",40,37,2,10,3,0,0,2,1,0,7,2,0,0,0,0,2,0,0.253,0.324,0.392,0.716,11,15,R,G.Stephenson(46)
39,40,40,40,May 19,,COL,"L,2-10",36,31,2,6,3,0,0,2,5,0,11,0,0,0,0,2,1,0,0.252,0.324,0.39,0.714,7,16,R,P.Astacio(62)
40,41,41,41,May 20,,COL,"L,3-4",32,29,3,2,0,0,2,3,3,0,5,0,0,0,1,1,0,0,0.248,0.32,0.387,0.708,2,13,R,K.Jarvis(55)
41,42,42,42,May 21,,COL,"W,4-3",33,29,4,6,0,0,1,4,4,0,7,0,0,0,0,0,1,1,0.247,0.32,0.386,0.706,5,12,R,M.Yoshii(39)
42,43,43,43,May 23,@,HOU,"L,2-10",37,32,2,8,2,0,0,2,4,0,7,1,0,0,0,2,0,0,0.247,0.321,0.384,0.705,8,16,R,C.Holt(66)
43,44,44,44,May 24,@,HOU,"W,9-7",42,37,9,13,1,2,3,9,4,0,6,0,0,1,0,2,0,0,0.25,0.323,0.393,0.716,6,14,R,O.Dotel(45)
44,45,45,45,May 25,@,HOU,"L,6-10",37,35,6,8,1,1,3,6,2,0,7,0,0,0,0,0,0,0,0.25,0.322,0.397,0.719,4,13,R,S.Elarton(36)
45,46,46,46,May 26,@,LAD,"L,4-11",38,33,4,8,0,1,1,4,2,0,9,0,3,0,2,1,2,0,0.249,0.321,0.397,0.718,7,14,R,K.Brown(54)
46,47,47,47,May 27,@,LAD,"W,7-6",43,33,7,9,0,0,3,7,9,1,10,0,1,0,1,1,0,1,0.25,0.324,0.4,0.724,9,15,R,D.Dreifort(25)
47,48,48,48,May 28,@,LAD,"W,4-2",41,37,4,12,3,0,0,4,3,0,6,0,1,0,0,0,0,1,0.252,0.325,0.4,0.725,10,9,L,C.Perez(50)
48,49,49,49,May 29,@,SFG,"L,2-7",32,27,2,4,2,0,0,1,4,0,4,0,1,0,0,3,0,0,0.25,0.324,0.397,0.721,3,13,L,S.Estes(61)
49,50,50,50,May 30,@,SFG,"L,3-7",35,33,3,8,1,1,1,3,1,0,7,0,1,0,1,2,0,0,0.25,0.322,0.398,0.72,5,13,R,L.Hernández(61)
50,51,51,51,May 31,@,SFG,"L,4-10",38,36,4,9,4,0,2,4,2,0,4,0,0,0,0,0,0,0,0.25,0.322,0.4,0.722,7,13,R,M.Gardner(44)
51,53,52,52,Jun 2,,BOS,"W,2-1",45,38,2,9,3,0,0,2,6,2,4,1,0,0,0,0,1,1,0.249,0.323,0.399,0.721,12,15,R,B.Rose(60)
52,54,53,53,Jun 3,,BOS,"W,9-3",42,33,9,10,2,0,2,8,6,2,3,1,1,1,1,0,2,0,0.25,0.324,0.401,0.726,9,11,R,T.Wakefield(28)
53,55,54,54,Jun 4,,BOS,"W,6-5",51,46,6,12,3,0,3,6,4,1,6,0,1,0,0,0,0,0,0.251,0.324,0.404,0.729,10,17,L,J.Fassero(39)
54,56,55,55,Jun 5,,TBD,"L,3-5",51,40,3,5,1,0,1,3,10,2,15,0,1,0,2,1,2,1,0.248,0.324,0.401,0.724,12,16,R,C.Lidle(63)
55,57,56,56,Jun 6,,TBD,"L,3-5",41,37,3,8,1,1,1,3,4,0,10,0,0,0,1,1,2,0,0.247,0.323,0.4,0.723,8,13,R,B.Rekar(57)
56,58,57,57,Jun 7,,TBD,"W,5-4",35,33,5,10,4,0,1,5,2,0,6,0,0,0,0,0,0,0,0.248,0.324,0.402,0.726,6,11,R,A.Lopez(41)
57,59,58,58,Jun 9,@,BAL,"W,9-5",46,38,9,10,1,1,2,8,8,0,10,0,0,0,2,1,1,0,0.249,0.325,0.404,0.729,10,10,R,P.Rapp(30)
58,60,59,59,Jun 10,@,BAL,"L,4-11",35,33,4,6,1,0,2,4,2,0,5,0,0,0,0,0,0,0,0.248,0.323,0.404,0.727,4,9,R,S.Ponson(59)
59,61,60,60,Jun 11,@,BAL,"L,2-7",35,31,2,5,2,0,1,2,3,0,8,0,0,1,0,0,0,0,0.246,0.322,0.403,0.725,6,9,R,M.Mussina(69)
60,62,61,61,Jun 12,,FLA,"L,2-5",35,33,2,6,1,0,1,2,2,0,11,0,0,0,0,0,0,0,0.245,0.321,0.401,0.722,6,14,R,B.Penny(43)
61,63,62,62,Jun 13,,FLA,"W,4-3",38,31,4,10,2,0,1,4,7,1,7,0,0,0,0,2,2,0,0.246,0.323,0.402,0.725,10,15,R,C.Smith(59)
62,64,63,63,Jun 14,,FLA,"L,1-8",34,31,1,4,3,1,0,1,3,0,7,0,0,0,1,1,0,0,0.245,0.321,0.401,0.722,6,13,R,R.Dempster(79)
63,65,64,64,Jun 16,,ATL,"W,2-1",29,26,2,4,0,0,1,2,2,0,5,0,1,0,0,0,1,1,0.244,0.32,0.399,0.719,3,12,L,T.Glavine(69)
64,66,65,65,Jun 17,,ATL,"W,9-3",40,37,9,16,6,0,1,9,3,1,4,0,0,0,0,2,0,0,0.247,0.322,0.404,0.726,7,13,L,T.Mulholland(20)
65,67,66,66,Jun 18,,ATL,"L,3-5",38,32,3,6,3,0,0,3,4,0,14,1,1,0,1,0,1,0,0.246,0.322,0.402,0.724,8,18,R,J.Burkett(66)
66,68,67,67,Jun 19,,ATL,"W,5-2",36,30,5,8,1,0,1,5,4,1,8,1,1,0,0,0,2,1,0.246,0.323,0.402,0.724,7,13,R,G.Maddux(66)
67,69,68,68,Jun 20,@,NYM,"W,3-2",41,33,3,7,1,0,1,3,6,0,8,0,1,1,0,1,0,1,0.246,0.323,0.401,0.723,8,17,L,M.Hampton(62)
68,70,69,69,Jun 21,@,NYM,"W,10-5",44,38,10,12,3,0,3,10,5,1,9,0,0,1,1,1,0,0,0.247,0.324,0.405,0.728,7,14,L,A.Leiter(45)
69,71,70,70,Jun 22,@,NYM,"L,4-5",39,36,4,8,0,0,1,4,2,0,6,0,0,1,2,0,1,0,0.246,0.323,0.403,0.726,8,13,L,G.Rusch(59)
70,72,71,71,Jun 23,@,MON,"W,13-6",48,44,13,17,5,1,2,13,3,1,13,1,0,0,0,0,0,0,0.249,0.325,0.408,0.733,8,14,R,J.Vazquez(21)
71,73,72,72,Jun 24,@,MON,"W,8-1",43,36,8,11,2,0,0,6,5,0,6,0,1,1,1,1,2,0,0.25,0.326,0.407,0.733,8,12,R,C.Pavano(54)
72,74,73,73,Jun 25,@,MON,"L,1-3",37,34,1,8,2,0,0,1,3,0,4,0,0,0,1,2,0,0,0.25,0.325,0.406,0.731,9,14,R,M.Johnson(68)
73,75,74,74,Jun 27,,MIL,"W,7-0",38,32,7,8,7,0,0,7,5,0,7,1,0,0,1,1,0,0,0.25,0.326,0.407,0.733,7,11,R,J.Haynes(44)
74,76,75,75,Jun 28,,MIL,"W,9-7",39,37,9,13,4,2,3,7,2,1,7,0,0,0,1,1,0,0,0.251,0.327,0.413,0.739,6,15,R,J.Snyder(47)
75,77,76,76,Jun 29,,MIL,"L,6-8",40,36,6,10,1,0,1,6,3,0,15,0,1,0,0,0,0,0,0.251,0.327,0.412,0.739,7,17,R,J.Bere(69)
76,78,77,77,Jun 30,,PIT,"L,3-8",39,35,3,11,3,0,0,3,2,0,5,1,1,0,0,1,1,0,0.252,0.327,0.412,0.739,9,13,R,K.Benson(47)
77,80,78,78,Jul 1,,PIT,"W,4-3",33,29,4,10,2,1,0,4,4,0,8,0,0,0,0,0,1,2,0.253,0.328,0.413,0.741,5,14,R,B.Arroyo(38)
78,81,79,79,Jul 2,,PIT,"W,9-1",43,39,9,15,3,0,2,9,4,0,2,0,0,0,0,0,0,0,0.255,0.33,0.416,0.746,10,13,R,T.Ritchie(16)
79,82,80,80,Jul 3,@,MIL,"W,5-3",39,34,5,10,2,0,0,4,3,0,4,0,0,2,2,2,1,1,0.256,0.33,0.415,0.745,7,13,R,J.Snyder(42)
80,83,81,81,Jul 4,@,MIL,"W,7-4",44,38,7,11,3,0,0,7,5,1,7,0,1,0,1,1,1,0,0.256,0.331,0.414,0.745,10,17,R,J.Bere(53)
81,84,82,82,Jul 5,@,MIL,"W,5-2",46,38,5,12,0,1,1,5,7,0,7,1,0,0,0,0,0,0,0.257,0.332,0.415,0.747,14,15,R,J.Wright(28)
82,85,83,83,Jul 6,@,MIL,"L,2-4",41,39,2,11,0,0,1,2,2,0,4,0,0,0,2,1,0,0,0.257,0.332,0.414,0.746,12,12,R,J.D'Amico(55)
83,86,84,84,Jul 7,,BAL,"L,1-2",38,34,1,8,3,0,0,1,3,0,10,0,1,0,0,0,2,0,0.257,0.331,0.413,0.744,10,12,R,M.Mussina(71)
84,87,85,85,Jul 8,,BAL,"W,13-4",45,39,13,15,6,0,0,13,5,0,7,0,0,1,2,1,0,0,0.259,0.333,0.415,0.748,8,14,R,J.Mercedes(16)
85,88,86,86,Jul 9,,BAL,"L,4-5",38,34,4,8,2,1,0,3,4,1,7,0,0,0,1,1,2,0,0.258,0.333,0.414,0.747,7,14,R,S.Erickson(41)
86,89,87,87,Jul 13,@,TOR,"W,8-5",40,37,8,11,5,0,2,8,3,1,5,0,0,0,0,0,0,1,0.259,0.333,0.416,0.749,5,10,R,C.Carpenter(29)
87,90,88,88,Jul 14,@,TOR,"L,2-3",37,31,2,6,2,0,0,2,4,0,7,0,2,0,0,0,0,0,0.258,0.333,0.415,0.747,8,10,R,K.Escobar(65)
88,91,89,89,Jul 15,@,TOR,"W,7-3",39,35,7,11,3,0,2,7,2,0,7,1,0,1,0,1,1,0,0.259,0.333,0.416,0.749,5,9,L,D.Wells(41)
89,92,90,90,Jul 16,@,NYY,"L,8-9",44,41,8,14,2,0,2,8,2,0,4,0,0,1,0,1,0,0,0.26,0.333,0.418,0.751,6,9,L,A.Pettitte(20)
90,93,91,91,Jul 17,@,NYY,"W,10-8",39,36,10,9,1,0,3,10,2,1,7,1,0,0,0,0,1,0,0.26,0.333,0.419,0.752,2,11,R,D.Cone(33)
91,94,92,92,Jul 18,@,NYY,"L,1-3",33,31,1,5,1,0,1,1,2,0,4,0,0,0,0,0,0,0,0.259,0.332,0.418,0.75,5,11,L,D.Neagle(69)
92,95,93,93,Jul 19,@,CHC,"L,4-5",38,34,4,9,0,0,2,4,3,0,7,1,0,0,0,0,1,1,0.259,0.332,0.418,0.75,7,15,R,J.Lieber(50)
93,96,94,94,Jul 20,@,CHC,"W,3-2",36,33,3,6,2,0,2,3,3,0,8,0,0,0,0,0,0,0,0.258,0.331,0.418,0.749,6,13,R,K.Tapani(61)
94,97,95,95,Jul 21,@,PIT,"L,2-9",36,31,2,4,0,0,1,2,4,0,5,1,0,0,0,0,0,0,0.257,0.33,0.416,0.747,7,14,L,J.Anderson(78)
95,98,96,96,Jul 22,@,PIT,"L,1-2",33,28,1,4,0,0,1,1,3,0,5,0,2,0,0,1,0,0,0.256,0.329,0.415,0.744,5,13,R,B.Arroyo(73)
96,99,97,97,Jul 23,@,PIT,"W,4-1",33,33,4,7,1,0,2,4,0,0,6,0,0,0,0,0,1,1,0.256,0.328,0.415,0.744,2,11,R,T.Ritchie(52)
97,100,98,98,Jul 25,,CHC,"L,7-8",45,40,7,14,3,0,1,7,3,0,7,1,0,1,0,0,1,0,0.257,0.329,0.416,0.745,11,15,R,J.Lieber(33)
98,101,99,99,Jul 26,,CHC,"L,9-14",44,35,9,9,2,0,4,9,7,0,8,1,1,0,0,0,1,0,0.257,0.33,0.419,0.749,8,18,R,K.Tapani(44)
99,102,100,100,Jul 27,,CHC,"L,1-4",38,33,1,7,3,1,0,1,4,1,12,0,0,1,0,0,0,0,0.256,0.33,0.418,0.748,10,13,L,S.Downs(57)
100,103,101,101,Jul 28,,LAD,"L,0-2",32,28,0,2,1,0,0,0,3,0,7,1,0,0,0,1,1,0,0.255,0.328,0.416,0.744,5,16,R,D.Dreifort(77)
101,104,102,102,Jul 29,,LAD,"W,3-0",34,30,3,7,4,0,0,3,4,1,6,0,0,0,0,1,0,0,0.255,0.328,0.415,0.744,7,11,R,K.Brown(49)
102,105,103,103,Jul 30,,LAD,"W,3-2",37,30,3,9,1,0,0,2,6,0,3,0,1,0,1,3,0,0,0.255,0.329,0.414,0.744,10,13,R,C.Park(43)
103,106,104,104,Jul 31,@,SDP,"L,1-4",33,31,1,4,0,0,1,1,2,0,4,0,0,0,0,0,0,0,0.254,0.328,0.413,0.741,5,12,R,W.Williams(77)
104,108,105,105,Aug 1,@,SDP,"L,9-10",46,42,9,11,4,0,3,7,3,0,9,0,0,1,2,0,0,0,0.254,0.328,0.415,0.742,7,17,R,A.Eaton(47)
105,109,106,106,Aug 2,@,SDP,"L,2-5",37,35,2,8,2,0,0,2,2,0,9,0,0,0,1,1,0,0,0.254,0.327,0.413,0.741,8,13,R,M.Clement(57)
106,110,107,107,Aug 4,@,COL,"L,1-8",35,32,1,7,2,0,0,1,2,0,2,0,0,1,0,0,0,0,0.253,0.327,0.412,0.739,7,11,R,J.Tavarez(59)
107,111,108,108,Aug 5,@,COL,"L,6-7",40,37,6,9,1,1,3,5,3,0,8,0,0,0,2,0,1,0,0.253,0.326,0.414,0.74,7,15,L,B.Bohanon(42)
108,112,109,109,Aug 6,@,COL,"W,10-9",46,38,10,13,4,0,0,10,5,0,8,2,0,1,1,2,0,0,0.254,0.328,0.414,0.742,9,13,R,P.Astacio(28)
109,113,110,110,Aug 7,,SDP,"L,4-6",41,37,4,11,0,0,2,4,3,0,8,1,0,0,1,1,0,0,0.255,0.328,0.415,0.742,10,14,R,M.Clement(54)
110,114,111,111,Aug 8,,SDP,"W,10-4",43,35,10,14,1,0,3,9,7,1,3,0,1,0,0,1,4,0,0.256,0.33,0.417,0.747,9,16,R,B.Tollberg(30)
111,115,112,112,Aug 9,,SDP,"W,3-2",40,34,3,9,3,2,0,2,5,2,5,0,0,1,1,0,0,0,0.256,0.33,0.418,0.747,12,13,R,J.Witasick(69)
112,116,113,113,Aug 10,,SDP,"L,3-15",40,34,3,8,2,1,0,3,5,0,6,0,0,1,1,1,0,0,0.256,0.33,0.417,0.747,10,14,R,W.Williams(49)
113,117,114,114,Aug 11,,HOU,"L,2-7",38,34,2,7,2,0,1,2,4,0,11,0,0,0,0,0,1,0,0.255,0.329,0.416,0.746,9,12,R,S.Elarton(56)
114,118,115,115,Aug 12,,HOU,"W,3-2",34,28,3,6,0,0,0,3,5,0,10,0,1,0,0,1,1,0,0.255,0.329,0.415,0.744,7,13,R,W.Miller(53)
115,119,116,116,Aug 13,,HOU,"L,7-14",38,34,7,8,4,1,1,6,3,0,6,0,1,0,1,1,0,0,0.255,0.329,0.416,0.745,4,16,R,B.Powell(25)
116,120,117,117,Aug 14,,ARI,"L,3-4",46,38,3,6,0,0,1,3,7,1,16,0,1,0,0,0,2,0,0.254,0.329,0.414,0.743,10,16,L,R.Johnson(62)
117,121,118,118,Aug 15,,ARI,"L,6-11",41,38,6,13,0,0,1,6,1,0,8,0,1,1,0,0,0,0,0.255,0.329,0.414,0.743,8,12,R,G.Guzman(38)
118,122,119,119,Aug 16,,ARI,"L,1-5",36,32,1,7,1,0,0,1,3,0,9,0,1,0,0,0,0,0,0.255,0.329,0.413,0.741,8,14,R,A.Reynoso(69)
119,123,120,120,Aug 18,@,STL,"L,6-7",38,30,6,7,2,0,0,5,5,0,5,0,1,2,0,1,0,1,0.254,0.329,0.412,0.741,5,15,L,R.Ankiel(38)
120,124,121,121,Aug 19,@,STL,"L,3-6",39,34,3,7,0,0,1,3,5,0,6,0,0,0,0,0,1,0,0.254,0.328,0.411,0.739,9,11,R,P.Hentgen(53)
121,125,122,122,Aug 20,@,STL,"W,6-0",48,38,6,10,3,1,0,6,10,2,8,0,0,0,1,0,2,0,0.254,0.329,0.411,0.74,15,9,R,B.Reames(41)
122,126,123,123,Aug 21,@,CIN,"L,4-7",41,35,4,11,4,0,0,4,5,0,2,0,0,1,1,2,0,0,0.255,0.33,0.411,0.741,10,15,R,P.Harnisch(34)
123,127,124,124,Aug 22,@,CIN,"W,5-4",37,32,5,9,1,0,2,4,3,1,5,0,2,0,1,2,1,1,0.255,0.33,0.412,0.742,5,14,R,R.Bell(51)
124,128,125,125,Aug 23,@,CIN,"W,4-3",40,34,4,7,1,0,1,4,5,0,8,1,0,0,0,0,1,0,0.254,0.33,0.411,0.741,9,13,R,S.Williamson(70)
125,129,126,126,Aug 24,@,CIN,"L,3-8",40,36,3,11,4,0,0,2,4,0,6,0,0,0,0,1,1,0,0.255,0.33,0.411,0.741,10,13,R,S.Parris(51)
126,130,127,127,Aug 25,,SFG,"L,3-16",41,36,3,11,3,0,0,3,5,0,6,0,0,0,0,2,0,0,0.255,0.331,0.411,0.742,11,20,R,R.Ortiz(53)
127,131,128,128,Aug 26,,SFG,"W,5-2",34,32,5,11,1,1,0,5,2,0,8,0,0,0,0,2,0,1,0.256,0.331,0.411,0.742,5,13,L,K.Rueter(25)
128,132,129,129,Aug 27,,SFG,"W,2-1",37,33,2,7,2,0,2,2,4,0,7,0,0,0,0,1,0,0,0.256,0.331,0.411,0.742,8,12,R,M.Gardner(65)
129,133,130,130,Aug 28,,COL,"W,3-2",34,32,3,8,1,1,1,3,2,0,9,0,0,0,0,0,1,0,0.256,0.331,0.412,0.742,7,13,R,M.Yoshii(58)
130,134,131,131,Aug 29,,COL,"L,1-2",36,29,1,3,2,0,0,1,7,0,9,0,0,0,0,1,0,0,0.255,0.33,0.41,0.74,8,13,R,B.Rose(63)
131,135,132,132,Aug 30,,COL,"L,4-5",50,41,4,10,1,0,1,4,8,1,10,0,1,0,1,1,1,0,0.254,0.331,0.409,0.74,13,16,R,J.Tavarez(39)
132,137,133,133,Sep 1,@,LAD,"L,1-2",30,29,1,4,2,0,0,1,1,0,7,0,0,0,0,1,0,1,0.254,0.33,0.408,0.738,2,11,R,I.Valdez(74)
133,138,134,134,Sep 2,@,LAD,"L,0-1",38,36,0,6,1,0,0,0,1,0,13,1,0,0,1,1,1,0,0.253,0.329,0.406,0.735,8,11,R,K.Brown(78)
134,139,135,135,Sep 3,@,LAD,"L,1-6",37,29,1,4,0,0,0,1,8,0,7,0,0,0,1,3,0,0,0.252,0.329,0.405,0.733,9,13,R,C.Park(77)
135,140,136,136,Sep 4,@,SFG,"L,0-3",35,29,0,4,0,0,0,0,5,0,8,0,1,0,0,1,1,0,0.252,0.328,0.403,0.731,8,14,R,R.Ortiz(69)
136,141,137,137,Sep 5,@,SFG,"L,5-8",44,33,5,8,2,0,1,5,8,0,4,1,2,0,0,0,2,0,0.252,0.329,0.403,0.732,12,14,L,K.Rueter(40)
137,142,138,138,Sep 6,@,SFG,"L,4-5",38,35,4,11,1,1,0,4,2,0,10,0,0,1,0,2,0,0,0.252,0.329,0.403,0.732,7,14,R,M.Gardner(39)
138,143,139,139,Sep 8,@,NYM,"W,2-0",36,30,2,4,1,0,1,2,5,0,10,0,1,0,0,0,0,0,0.251,0.329,0.402,0.731,7,14,L,M.Hampton(67)
139,144,140,140,Sep 9,@,NYM,"W,6-3",45,40,6,13,3,0,1,6,4,2,9,0,0,1,1,0,1,0,0.252,0.329,0.403,0.732,12,18,L,G.Rusch(59)
140,145,141,141,Sep 10,@,NYM,"L,0-3",32,30,0,5,0,0,0,0,2,0,9,0,0,0,0,2,0,0,0.251,0.328,0.401,0.73,5,12,L,A.Leiter(84)
141,146,142,142,Sep 11 (1),,MON,"W,5-2",34,31,5,8,2,0,0,2,1,0,0,0,1,1,2,0,0,0,0.251,0.328,0.401,0.729,5,11,R,D.Hermanson(48)
142,147,143,143,Sep 11 (2),,MON,"L,6-7",40,32,6,10,1,1,0,5,3,0,5,2,2,1,0,1,2,1,0.252,0.328,0.401,0.729,7,19,R,M.Johnson(45)
143,148,144,144,Sep 12,,MON,"L,0-1",32,30,0,3,1,0,0,0,2,1,4,0,0,0,0,0,0,0,0.251,0.327,0.399,0.727,5,11,R,T.Armas(74)
144,149,145,145,Sep 13,,MON,"W,15-5",49,43,15,19,3,3,1,13,5,0,5,0,0,1,2,0,0,0,0.253,0.329,0.402,0.731,10,16,R,F.Lira(21)
145,150,146,146,Sep 15,,FLA,"W,7-4",39,31,7,8,2,1,1,7,8,0,5,0,0,0,1,1,0,0,0.253,0.329,0.402,0.732,8,14,R,A.Burnett(37)
146,151,147,147,Sep 16,,FLA,"L,2-3",31,29,2,4,1,0,1,1,1,0,6,0,1,0,0,0,0,1,0.252,0.329,0.402,0.73,2,14,R,B.Penny(71)
147,152,148,148,Sep 17,,FLA,"W,6-5",40,31,6,9,1,1,1,5,6,0,9,1,2,0,0,0,1,0,0.252,0.329,0.402,0.731,10,15,R,C.Smith(51)
148,153,149,149,Sep 18,,PIT,"L,5-6",41,36,5,10,2,1,1,5,4,0,4,0,1,0,0,0,2,0,0.252,0.329,0.403,0.732,9,19,R,T.Ritchie(38)
149,154,150,150,Sep 19,,PIT,"L,8-12",39,33,8,6,3,0,0,6,6,0,7,0,0,0,0,0,0,0,0.252,0.329,0.402,0.731,4,20,R,B.Arroyo(56)
150,155,151,151,Sep 20,,PIT,"L,6-7",43,37,6,7,1,0,1,5,5,0,4,1,0,0,1,1,5,0,0.251,0.329,0.401,0.73,7,17,R,K.Benson(55)
151,156,152,152,Sep 21,,NYM,"W,6-5",41,36,6,12,3,1,2,5,5,2,8,0,0,0,0,0,0,1,0.252,0.33,0.403,0.732,11,17,R,R.Reed(37)
152,157,153,153,Sep 22,,NYM,"L,6-9",38,33,6,8,1,0,2,6,4,0,6,0,0,1,0,1,0,0,0.252,0.329,0.403,0.733,5,16,R,B.Jones(54)
153,158,154,154,Sep 23,,NYM,"L,3-7",36,31,3,6,1,0,0,2,5,0,12,0,0,0,0,1,0,0,0.252,0.329,0.402,0.731,6,17,L,M.Hampton(56)
154,159,155,155,Sep 24,,NYM,"L,2-3",34,33,2,7,1,0,0,2,1,0,8,0,0,0,0,0,1,0,0.251,0.329,0.401,0.73,5,15,L,G.Rusch(75)
155,160,156,156,Sep 25,@,CHC,"L,3-4",37,30,3,8,1,0,0,3,6,0,3,0,1,0,0,2,0,1,0.251,0.329,0.4,0.73,7,17,R,R.Quevedo(52)
156,161,157,157,Sep 26,@,CHC,"W,10-4",42,38,10,14,3,0,1,10,4,2,7,0,0,0,0,2,2,1,0.252,0.33,0.401,0.731,5,17,R,J.Lieber(44)
157,162,158,158,Sep 27,@,CHC,"L,0-1",38,35,0,8,3,0,0,0,3,0,10,0,0,0,0,0,0,0,0.252,0.33,0.401,0.73,11,13,R,K.Wood(74)
158,163,159,159,Sep 28,@,CHC,"W,4-2",38,33,4,7,1,0,1,4,2,0,4,1,1,1,1,0,2,0,0.252,0.329,0.4,0.73,7,13,L,J.Nation(45)
159,164,160,160,Sep 29,@,FLA,"L,1-7",33,29,1,4,0,1,0,0,3,0,13,0,1,0,0,1,1,0,0.251,0.329,0.399,0.728,5,12,R,C.Smith(80)
160,165,161,161,Sep 30,@,FLA,"L,5-11",39,35,5,10,3,1,1,5,2,0,7,1,0,1,0,1,1,0,0.251,0.329,0.4,0.729,7,14,L,J.Sanchez(51)
161,166,162,162,Oct 1,@,FLA,"L,5-7",42,35,5,9,2,0,0,5,6,0,8,1,0,0,0,0,1,0,0.251,0.329,0.4,0.729,10,16,R,R.Dempster(43)
