,index,Rk,Gtm,Date,Unnamed: 3,Opp,Rslt,PA,AB,R,H,2B,3B,HR,RBI,BB,IBB,SO,HBP,SH,SF,ROE,GDP,SB,CS,BA,OBP,SLG,OPS,LOB,#,Thr,Opp. Starter (GmeSc)
0,0,1,1,Apr 5,,BOS,"L,2-6",35,31,2,5,0,0,0,2,3,0,15,0,0,1,0,0,0,0,0.161,0.229,0.161,0.39,6,10,L,D.Price(62)
1,1,2,2,Apr 6,,BOS,"W,7-6",38,31,7,9,2,0,2,7,6,0,6,0,0,1,1,1,1,1,0.226,0.315,0.355,0.67,7,11,R,C.Buchholz(31)
2,2,3,3,Apr 8,@,CHW,"W,7-1",38,34,7,9,3,1,0,6,2,0,9,0,0,2,0,1,0,0,0.24,0.306,0.375,0.681,4,11,L,J.Danks(32)
3,3,4,4,Apr 9,@,CHW,"L,3-7",35,33,3,7,0,0,2,3,2,0,9,0,0,0,0,0,0,0,0.233,0.295,0.38,0.674,5,9,L,C.Sale(57)
4,4,5,5,Apr 12,@,TBR,"L,1-5",32,31,1,5,1,0,1,1,1,0,6,0,0,0,0,0,0,0,0.219,0.275,0.363,0.638,4,9,L,M.Moore(67)
5,5,6,6,Apr 13,@,TBR,"W,4-1",34,32,4,5,2,0,1,3,1,0,15,0,0,1,1,0,1,0,0.208,0.259,0.354,0.614,3,10,L,D.Smyly(71)
6,6,7,7,Apr 14,@,TBR,"W,6-0",46,39,6,13,1,0,3,6,7,0,8,0,0,0,1,1,5,0,0.229,0.291,0.394,0.685,13,10,R,C.Archer(47)
7,7,8,8,Apr 15,,NYM,"L,5-6",45,42,5,14,4,0,1,5,3,0,9,0,0,0,1,0,1,0,0.245,0.304,0.41,0.714,13,11,R,B.Colon(48)
8,8,9,9,Apr 16,,NYM,"W,7-5",37,33,7,11,3,0,0,7,3,0,5,0,1,0,0,1,2,0,0.255,0.313,0.412,0.724,6,10,R,M.Harvey(38)
9,9,10,10,Apr 17,,NYM,"L,0-6",32,30,0,3,1,0,0,0,2,0,15,0,0,0,0,1,0,0,0.241,0.299,0.387,0.686,5,10,L,S.Matz(78)
10,10,11,11,Apr 19,,SEA,"W,3-2",36,31,3,10,2,0,0,3,5,0,4,0,0,0,0,3,0,0,0.248,0.31,0.387,0.697,9,10,L,W.Miley(29)
11,11,12,12,Apr 20,,SEA,"L,1-2",33,30,1,4,2,0,0,1,1,0,9,1,0,1,1,0,0,1,0.239,0.3,0.373,0.673,5,10,R,T.Walker(70)
12,12,13,13,Apr 21,,SEA,"L,7-10",42,36,7,8,2,0,2,7,6,0,10,0,0,0,0,1,1,1,0.238,0.303,0.379,0.682,5,11,R,N.Karns(41)
13,13,14,14,Apr 22,@,DET,"W,2-1",35,33,2,6,1,0,2,2,2,0,12,0,0,0,0,0,0,0,0.234,0.298,0.38,0.678,6,10,R,J.Verlander(69)
14,14,15,15,Apr 23,@,DET,"W,10-1",43,41,10,15,4,1,1,9,2,0,3,0,0,0,0,0,2,1,0.245,0.305,0.396,0.702,6,9,R,A.Sanchez(14)
15,15,16,16,Apr 24,@,DET,"W,6-3",41,35,6,11,1,1,0,6,6,0,5,0,0,0,0,1,0,1,0.249,0.313,0.397,0.709,8,11,R,S.Greene(51)
16,16,17,17,Apr 25,@,MIN,"L,3-4",40,37,3,12,2,0,1,3,3,1,10,0,0,0,0,1,1,0,0.254,0.317,0.401,0.717,10,11,L,T.Milone(45)
17,17,18,18,Apr 26,@,MIN,"L,5-6",33,32,5,6,2,0,3,5,0,0,11,0,0,1,0,0,0,0,0.25,0.31,0.408,0.718,1,10,R,R.Nolasco(61)
18,18,19,19,Apr 27,@,MIN,"W,6-5",41,36,6,10,3,0,0,6,3,1,11,1,0,1,2,1,2,0,0.252,0.312,0.405,0.717,8,9,R,J.Berrios(33)
19,19,20,20,Apr 29,@,PHI,"L,3-4",41,37,3,6,3,0,1,3,3,1,18,0,1,0,0,1,0,0,0.247,0.307,0.401,0.708,5,15,L,A.Morgan(51)
20,20,21,21,Apr 30,@,PHI,"L,3-4",37,33,3,9,1,1,0,3,1,0,5,0,1,2,0,0,3,0,0.248,0.306,0.399,0.705,7,16,R,J.Eickhoff(52)
21,22,22,22,May 1,@,PHI,"L,1-2",33,29,1,4,0,0,1,1,4,0,9,0,0,0,1,1,0,1,0.244,0.303,0.393,0.696,5,11,R,V.Velasquez(70)
22,23,23,23,May 3,,DET,"W,7-3",36,32,7,10,2,0,1,7,4,0,5,0,0,0,0,2,0,0,0.247,0.307,0.396,0.703,5,11,R,J.Verlander(22)
23,24,24,24,May 4,,DET,"W,4-0",30,26,4,5,2,0,0,3,3,0,7,1,0,0,0,3,0,0,0.245,0.307,0.392,0.699,2,9,R,A.Sanchez(57)
24,25,25,25,May 5,,DET,"W,9-4",41,38,9,16,2,0,2,9,3,0,7,0,0,0,0,2,0,0,0.253,0.314,0.403,0.716,8,10,R,M.Fulmer(31)
25,26,26,26,May 6,,KCR,"W,7-1",37,30,7,9,2,0,0,7,7,0,5,0,0,0,0,3,0,0,0.255,0.318,0.401,0.72,6,9,R,Y.Ventura(28)
26,27,27,27,May 7,,KCR,"L,0-7",33,31,0,6,1,0,0,0,2,0,7,0,0,0,0,1,1,0,0.252,0.316,0.395,0.711,6,11,R,I.Kennedy(73)
27,28,28,28,May 8,,KCR,"W,5-4",37,33,5,8,1,0,2,5,4,0,8,0,0,0,1,0,1,0,0.252,0.316,0.397,0.713,8,11,R,E.Volquez(29)
28,29,29,29,May 9,@,HOU,"L,1-7",32,30,1,3,2,0,0,1,2,0,7,0,0,0,1,0,0,1,0.247,0.311,0.39,0.701,4,9,R,M.Fiers(69)
29,30,30,30,May 10,@,HOU,"W,4-0",35,31,4,8,2,1,0,4,2,0,9,1,1,0,0,1,0,1,0.248,0.312,0.39,0.702,4,9,R,C.Devenski(59)
30,31,31,31,May 11,@,HOU,"L,3-5",61,60,3,14,1,1,1,3,1,0,11,0,0,0,0,2,0,0,0.247,0.308,0.387,0.695,10,10,R,D.Fister(60)
31,32,32,32,May 13,,MIN,"W,7-6",36,31,7,8,2,0,2,7,4,0,5,0,0,1,0,0,1,0,0.247,0.309,0.391,0.7,5,10,R,R.Nolasco(48)
32,33,33,33,May 14,,MIN,"L,3-6",35,32,3,7,1,0,1,3,3,0,9,0,0,0,0,2,0,0,0.246,0.308,0.389,0.698,5,9,R,E.Santana(62)
33,34,34,34,May 15,,MIN,"L,1-5",37,36,1,9,0,0,1,1,1,0,9,0,0,0,0,0,0,0,0.247,0.307,0.388,0.695,9,9,R,T.Duffey(70)
34,35,35,35,May 16,,CIN,"W,15-6",48,39,15,19,3,0,2,14,6,0,5,0,1,2,0,1,0,0,0.254,0.315,0.398,0.713,9,12,L,J.Lamb(13)
35,36,36,36,May 17,,CIN,"W,13-1",50,41,13,17,5,0,0,12,9,0,7,0,0,0,0,0,1,0,0.26,0.323,0.403,0.726,13,16,R,A.Simon(-4)
36,37,37,37,May 18,@,CIN,"W,8-7",51,46,8,10,2,0,3,7,4,1,14,0,0,1,2,0,1,0,0.258,0.321,0.405,0.726,7,19,L,B.Finnegan(45)
37,38,38,38,May 19,@,CIN,"W,7-2",42,36,7,10,3,0,2,7,5,0,6,0,1,0,1,1,2,0,0.259,0.322,0.408,0.73,8,11,R,T.Adleman(47)
38,39,39,39,May 20,@,BOS,"W,4-2",40,33,4,8,2,0,1,4,5,0,5,0,1,1,0,0,2,0,0.258,0.322,0.408,0.73,9,9,R,C.Buchholz(47)
39,40,40,40,May 21,@,BOS,"L,1-9",34,30,1,2,1,0,1,1,4,0,11,0,0,0,1,0,0,0,0.254,0.319,0.403,0.723,6,11,R,J.Kelly(76)
40,41,41,41,May 22,@,BOS,"L,2-5",37,33,2,6,2,0,0,2,2,0,9,2,0,0,0,0,0,0,0.252,0.318,0.4,0.718,8,9,R,R.Porcello(55)
41,42,42,42,May 23 (1),@,CHW,"L,6-7",37,33,6,7,3,0,3,6,4,0,7,0,0,0,0,1,1,0,0.252,0.318,0.404,0.721,4,10,R,M.Latos(53)
42,43,43,43,May 23 (2),@,CHW,"W,5-1",36,33,5,7,1,0,3,5,3,0,5,0,0,0,0,1,0,0,0.251,0.317,0.406,0.723,4,9,R,E.Johnson(44)
43,44,44,44,May 24,@,CHW,"W,6-2",41,35,6,10,0,1,1,6,5,0,8,0,0,1,0,1,3,0,0.251,0.318,0.407,0.725,8,9,L,C.Sale(25)
44,45,45,45,May 25,@,CHW,"W,4-3",38,34,4,8,0,2,0,4,1,0,10,2,0,1,0,0,0,0,0.251,0.317,0.405,0.723,7,9,L,J.Quintana(57)
45,46,46,46,May 27,,BAL,"L,4-6",38,33,4,10,4,0,2,4,4,1,8,0,0,1,0,2,0,1,0.252,0.318,0.41,0.728,7,9,R,M.Wright(42)
46,47,47,47,May 28,,BAL,"W,11-4",44,39,11,13,1,0,0,8,5,0,5,0,0,0,3,1,5,0,0.254,0.321,0.408,0.729,9,11,R,U.Jimenez(25)
47,48,48,48,May 29,,BAL,"L,4-6",39,34,4,8,2,0,3,4,5,1,9,0,0,0,0,1,0,0,0.254,0.321,0.411,0.732,8,10,R,C.Tillman(48)
48,49,49,49,May 30,,TEX,"L,2-9",37,34,2,11,1,0,2,2,3,0,3,0,0,0,0,4,0,0,0.255,0.322,0.414,0.736,8,12,L,D.Holland(56)
49,50,50,50,May 31,,TEX,"L,3-7",36,33,3,8,0,0,1,3,3,0,5,0,0,0,0,2,0,0,0.255,0.322,0.412,0.734,6,9,R,C.Lewis(68)
50,52,51,51,Jun 1,,TEX,"W,5-4",45,40,5,10,4,0,1,5,5,0,7,0,0,0,0,0,0,0,0.255,0.322,0.413,0.735,10,11,L,C.Hamels(55)
51,53,52,52,Jun 2,,KCR,"W,5-4",40,35,5,11,0,1,0,5,3,0,5,0,1,1,0,0,1,0,0.256,0.323,0.412,0.734,9,10,R,Y.Ventura(53)
52,54,53,53,Jun 3,,KCR,"W,6-1",34,30,6,8,3,0,2,4,4,0,5,0,0,0,0,2,1,0,0.256,0.323,0.414,0.738,4,9,R,E.Volquez(40)
53,55,54,54,Jun 4,,KCR,"W,7-1",37,34,7,12,3,0,3,7,2,0,7,0,0,1,0,1,0,0,0.258,0.324,0.42,0.744,6,9,R,I.Kennedy(41)
54,56,55,55,Jun 5,,KCR,"W,7-0",34,31,7,9,2,1,4,7,2,0,7,0,0,1,0,1,0,0,0.258,0.324,0.426,0.75,3,12,R,C.Young(36)
55,57,56,56,Jun 6,@,SEA,"W,3-1",34,32,3,5,1,0,1,2,1,0,14,0,0,1,1,0,1,0,0.257,0.322,0.424,0.745,4,9,L,J.Paxton(63)
56,58,57,57,Jun 7,@,SEA,"L,1-7",33,31,1,6,1,0,1,1,2,0,5,0,0,0,0,1,0,1,0.256,0.321,0.422,0.743,5,12,L,W.Miley(70)
57,59,58,58,Jun 8,@,SEA,"L,0-5",31,30,0,3,0,0,0,0,0,0,13,1,0,0,0,0,0,0,0.253,0.318,0.417,0.735,4,9,R,T.Walker(87)
58,60,59,59,Jun 9,@,SEA,"W,5-3",42,34,5,7,1,0,1,5,8,0,7,0,0,0,1,0,1,0,0.253,0.319,0.416,0.734,10,9,R,N.Karns(55)
59,61,60,60,Jun 10,@,LAA,"W,6-2",37,35,6,10,3,0,0,5,1,0,7,0,0,1,1,1,1,1,0.253,0.318,0.415,0.733,4,9,L,H.Santiago(19)
60,62,61,61,Jun 11,@,LAA,"L,3-4",36,33,3,7,1,0,0,3,2,0,11,0,0,1,1,0,2,0,0.253,0.317,0.412,0.729,6,12,R,M.Shoemaker(86)
61,63,62,62,Jun 12,@,LAA,"W,8-3",42,39,8,11,1,0,3,8,2,0,7,1,0,0,1,0,0,0,0.253,0.318,0.414,0.732,7,10,L,D.Huff(32)
62,64,63,63,Jun 13,@,KCR,"L,1-2",35,29,1,4,1,0,1,1,5,0,4,1,0,0,1,3,0,0,0.252,0.317,0.413,0.73,7,9,R,E.Volquez(72)
63,65,64,64,Jun 14,@,KCR,"L,2-3",38,32,2,9,1,0,1,2,6,0,6,0,0,0,0,2,3,1,0.252,0.318,0.412,0.731,9,10,R,C.Young(45)
64,66,65,65,Jun 15,@,KCR,"L,4-9",35,32,4,5,0,0,2,4,2,0,8,1,0,0,1,1,0,0,0.251,0.317,0.411,0.728,4,9,R,I.Kennedy(52)
65,67,66,66,Jun 17,,CHW,"W,3-2",32,31,3,8,1,0,1,3,1,0,6,0,0,0,0,0,1,1,0.251,0.317,0.411,0.728,5,10,L,J.Quintana(62)
66,68,67,67,Jun 18,,CHW,"W,13-2",47,38,13,15,2,1,3,12,9,0,9,0,0,0,0,1,1,0,0.253,0.32,0.417,0.737,10,11,R,J.Shields(8)
67,69,68,68,Jun 19,,CHW,"W,3-2",42,36,3,12,3,0,1,3,4,2,10,0,1,1,0,0,2,1,0.254,0.321,0.418,0.739,10,10,L,C.Rodon(56)
68,70,69,69,Jun 20,,TBR,"W,7-4",35,33,7,11,2,0,3,7,0,0,6,0,1,1,0,0,3,0,0.255,0.321,0.421,0.743,4,10,L,D.Smyly(50)
69,71,70,70,Jun 21,,TBR,"W,6-0",36,31,6,10,1,0,2,5,3,0,5,0,2,0,1,0,2,0,0.256,0.322,0.423,0.745,6,10,L,B.Snell(50)
70,72,71,71,Jun 22,,TBR,"W,6-1",35,32,6,9,4,0,1,6,2,0,6,0,0,1,0,0,2,0,0.257,0.322,0.424,0.746,5,10,R,C.Archer(47)
71,73,72,72,Jun 24,@,DET,"W,7-5",38,37,7,12,1,4,0,7,0,0,5,1,0,0,0,1,0,0,0.258,0.322,0.426,0.748,4,10,R,J.Zimmermann(18)
72,74,73,73,Jun 25,@,DET,"W,6-0",36,34,6,8,1,1,4,6,2,0,5,0,0,0,0,0,0,0,0.257,0.322,0.43,0.751,3,10,R,A.Sanchez(42)
73,75,74,74,Jun 26,@,DET,"W,9-3",40,38,9,13,0,1,4,8,2,0,10,0,0,0,0,1,0,0,0.259,0.322,0.434,0.756,4,9,R,J.Verlander(17)
74,76,75,75,Jun 27,@,ATL,"W,8-3",40,38,8,14,3,0,2,8,1,0,6,0,1,0,1,1,0,0,0.26,0.323,0.436,0.76,5,15,R,J.Gant(48)
75,77,76,76,Jun 28,@,ATL,"W,5-3",41,34,5,9,0,0,0,3,5,0,11,1,1,0,1,2,4,0,0.26,0.324,0.434,0.758,9,12,R,M.Wisler(59)
76,78,77,77,Jun 29,@,ATL,"W,3-0",36,33,3,8,2,0,1,3,1,0,2,1,1,0,1,2,1,0,0.26,0.324,0.434,0.757,6,12,R,J.De La Cruz(46)
77,79,78,78,Jun 30,@,TOR,"W,4-1",36,35,4,10,3,1,2,4,1,0,5,0,0,0,0,1,0,0,0.26,0.323,0.436,0.759,5,10,R,R.Dickey(52)
78,81,79,79,Jul 1,@,TOR,"W,2-1",76,72,2,15,1,0,1,2,3,1,15,1,0,0,2,2,0,0,0.259,0.321,0.431,0.753,17,11,R,M.Stroman(65)
79,82,80,80,Jul 2,@,TOR,"L,6-9",39,37,6,10,2,1,2,6,1,0,12,1,0,0,0,1,1,0,0.259,0.321,0.433,0.754,6,10,R,M.Estrada(52)
80,83,81,81,Jul 3,@,TOR,"L,1-17",32,32,1,5,2,0,0,1,0,0,14,0,0,0,0,0,0,0,0.258,0.32,0.43,0.75,4,11,L,J.Happ(74)
81,84,82,82,Jul 4,,DET,"W,5-3",36,29,5,8,3,0,1,5,5,0,9,0,0,2,0,0,0,1,0.258,0.32,0.431,0.751,7,10,L,D.Norris(44)
82,85,83,83,Jul 5,,DET,"W,12-1",43,35,12,13,5,0,2,12,7,0,8,0,0,1,0,1,0,0,0.26,0.322,0.434,0.756,7,9,R,A.Sanchez(27)
83,86,84,84,Jul 6,,DET,"L,2-12",36,30,2,7,3,0,0,2,3,0,4,1,0,2,0,2,0,0,0.259,0.322,0.433,0.755,7,11,R,M.Fulmer(56)
84,87,85,85,Jul 7,,NYY,"L,4-5",35,34,4,7,2,0,2,3,1,0,10,0,0,0,0,0,1,0,0.259,0.321,0.433,0.754,4,12,R,I.Nova(48)
85,88,86,86,Jul 8,,NYY,"W,10-2",36,33,10,9,2,0,5,10,3,0,10,0,0,0,0,0,0,0,0.259,0.321,0.437,0.758,2,13,R,C.Green(29)
86,89,87,87,Jul 9,,NYY,"L,6-7",49,42,6,11,4,0,0,6,5,0,10,1,1,0,0,0,1,1,0.259,0.321,0.436,0.757,10,9,L,C.Sabathia(35)
87,90,88,88,Jul 10,,NYY,"L,7-11",43,38,7,11,2,0,1,5,5,0,8,0,0,0,1,0,1,0,0.259,0.322,0.436,0.758,9,9,R,M.Tanaka(27)
88,91,89,89,Jul 15,@,MIN,"W,5-2",37,34,5,8,0,0,1,4,3,0,8,0,0,0,1,0,0,0,0.259,0.322,0.434,0.756,5,9,R,E.Santana(45)
89,92,90,90,Jul 16,@,MIN,"L,4-5",45,39,4,9,2,0,0,4,4,0,5,0,1,1,1,2,0,0,0.259,0.321,0.432,0.754,8,13,R,T.Duffey(44)
90,93,91,91,Jul 17,@,MIN,"W,6-1",40,37,6,13,3,0,3,6,3,0,4,0,0,0,0,1,2,2,0.26,0.322,0.435,0.758,7,11,R,K.Gibson(39)
91,94,92,92,Jul 18,@,KCR,"L,3-7",36,32,3,7,2,0,1,3,4,0,6,0,0,0,0,2,0,0,0.259,0.322,0.435,0.757,6,10,R,E.Volquez(64)
92,95,93,93,Jul 19,@,KCR,"W,7-3",40,36,7,12,1,0,2,7,2,0,6,0,1,1,0,2,1,0,0.26,0.323,0.436,0.758,6,10,L,B.Flynn(37)
93,96,94,94,Jul 20,@,KCR,"W,11-4",46,37,11,10,1,0,5,11,7,0,12,2,0,0,0,0,0,0,0.26,0.324,0.439,0.763,8,12,R,I.Kennedy(30)
94,97,95,95,Jul 22,@,BAL,"L,1-5",36,34,1,8,2,0,0,0,1,0,9,1,0,0,0,2,0,0,0.26,0.323,0.437,0.761,8,12,R,D.Bundy(60)
95,98,96,96,Jul 23,@,BAL,"L,2-5",34,31,2,7,2,0,0,2,3,0,9,0,0,0,0,3,0,0,0.26,0.323,0.436,0.759,5,12,R,K.Gausman(73)
96,99,97,97,Jul 24,@,BAL,"L,3-5",36,32,3,7,2,0,0,3,3,0,6,0,0,1,1,1,0,0,0.259,0.323,0.434,0.757,6,9,R,V.Worley(59)
97,100,98,98,Jul 26,,WSN,"W,7-6",39,33,7,11,4,0,0,4,4,1,4,0,1,1,1,2,0,0,0.26,0.323,0.435,0.758,7,12,L,G.Gonzalez(55)
98,101,99,99,Jul 27,,WSN,"L,1-4",36,32,1,6,1,0,0,1,3,0,9,0,1,0,1,1,1,0,0.259,0.323,0.433,0.755,8,12,R,S.Strasburg(76)
99,102,100,100,Jul 29,,OAK,"W,5-3",36,30,5,8,0,0,1,4,4,0,3,0,1,1,1,1,1,0,0.259,0.323,0.432,0.755,7,11,R,K.Graveman(46)
100,103,101,101,Jul 30,,OAK,"W,6-3",37,35,6,12,2,0,4,6,2,0,5,0,0,0,0,1,0,0,0.26,0.323,0.435,0.759,7,10,L,D.Overton(20)
101,104,102,102,Jul 31,,OAK,"W,8-0",38,30,8,10,1,0,1,8,5,0,8,0,0,3,0,0,0,0,0.261,0.324,0.435,0.76,6,11,R,S.Gray(17)
102,106,103,103,Aug 1,,MIN,"L,5-12",36,34,5,7,1,0,1,5,1,0,10,1,0,0,0,0,0,0,0.26,0.323,0.434,0.758,4,11,R,J.Berrios(55)
103,107,104,104,Aug 2,,MIN,"L,6-10",42,39,6,13,2,0,2,6,3,0,5,0,0,0,0,1,1,0,0.261,0.324,0.435,0.76,9,9,R,K.Gibson(21)
104,108,105,105,Aug 3,,MIN,"L,5-13",34,32,5,8,2,0,2,4,2,0,9,0,0,0,0,2,0,0,0.261,0.324,0.436,0.76,2,13,R,T.Duffey(42)
105,109,106,106,Aug 4,,MIN,"W,9-2",40,36,9,11,1,0,4,8,4,0,7,0,0,0,1,0,3,0,0.261,0.324,0.438,0.763,7,10,L,H.Santiago(43)
106,110,107,107,Aug 5,@,NYY,"L,7-13",41,35,7,11,2,0,1,7,4,0,10,1,0,1,0,0,0,2,0.262,0.325,0.438,0.763,7,11,R,M.Pineda(49)
107,111,108,108,Aug 6,@,NYY,"W,5-2",41,34,5,10,0,0,3,5,6,0,10,1,0,0,0,2,2,0,0.262,0.326,0.44,0.765,9,10,L,C.Sabathia(46)
108,112,109,109,Aug 7,@,NYY,"L,2-3",38,35,2,8,2,0,0,1,3,0,12,0,0,0,1,1,2,0,0.262,0.326,0.438,0.764,9,11,R,M.Tanaka(64)
109,113,110,110,Aug 9,@,WSN,"W,3-1",33,32,3,5,2,0,0,3,1,0,14,0,0,0,0,0,1,0,0.261,0.324,0.436,0.761,3,13,R,M.Scherzer(74)
110,114,111,111,Aug 10,@,WSN,"L,4-7",37,36,4,10,3,0,1,4,1,0,9,0,0,0,0,1,2,0,0.261,0.324,0.436,0.761,6,15,L,G.Gonzalez(41)
111,115,112,112,Aug 11,,LAA,"W,14-4",42,37,14,14,6,0,3,14,4,0,8,0,0,1,1,0,1,0,0.262,0.325,0.44,0.765,4,12,R,J.Chacin(11)
112,116,113,113,Aug 12,,LAA,"W,13-3",43,40,13,17,4,0,2,12,3,0,8,0,0,0,0,0,8,0,0.264,0.327,0.442,0.769,6,10,L,T.Skaggs(23)
113,117,114,114,Aug 13,,LAA,"W,5-1",35,35,5,14,3,0,0,4,0,0,7,0,0,0,1,1,1,2,0.265,0.327,0.443,0.77,6,10,R,M.Shoemaker(31)
114,118,115,115,Aug 14,,LAA,"W,5-4",36,32,5,11,2,0,1,5,4,0,1,0,0,0,0,1,2,0,0.266,0.328,0.443,0.771,7,9,R,J.Weaver(26)
115,119,116,116,Aug 15,,BOS,"L,2-3",34,31,2,6,4,0,1,2,3,0,8,0,0,0,0,1,2,1,0.265,0.327,0.443,0.77,5,11,L,D.Pomeranz(65)
116,120,117,117,Aug 16,,CHW,"W,3-1",37,34,3,11,4,0,0,3,3,0,5,0,0,0,0,0,3,0,0.266,0.328,0.443,0.771,10,10,L,J.Quintana(51)
117,121,118,118,Aug 17,,CHW,"L,7-10",44,38,7,13,2,0,2,7,5,0,5,0,0,1,0,1,2,0,0.266,0.329,0.444,0.772,10,10,R,A.Ranaudo(27)
118,122,119,119,Aug 18,,CHW,"W,5-4",36,33,5,12,5,0,0,5,1,0,8,1,0,1,1,3,0,0,0.267,0.329,0.444,0.773,6,11,L,C.Rodon(53)
119,123,120,120,Aug 19,,TOR,"W,3-2",34,30,3,6,0,0,2,3,3,0,9,1,0,0,0,1,0,0,0.267,0.329,0.444,0.773,6,10,L,F.Liriano(67)
120,124,121,121,Aug 20,,TOR,"L,5-6",34,32,5,6,1,0,1,5,1,0,9,0,0,1,2,2,0,0,0.266,0.328,0.443,0.771,2,11,R,A.Sanchez(40)
121,125,122,122,Aug 21,,TOR,"W,3-2",32,31,3,9,0,0,1,3,1,0,10,0,0,0,0,3,0,0,0.266,0.328,0.443,0.77,5,11,R,M.Stroman(68)
122,126,123,123,Aug 22,@,OAK,"W,1-0",34,33,1,7,2,0,1,1,1,0,9,0,0,0,0,0,0,1,0.266,0.327,0.442,0.769,6,9,R,A.Triggs(71)
123,127,124,124,Aug 23,@,OAK,"L,1-9",31,29,1,4,1,0,1,1,2,0,10,0,0,0,0,1,0,0,0.265,0.326,0.441,0.767,3,12,L,S.Manaea(73)
124,128,125,125,Aug 24,@,OAK,"L,1-5",37,34,1,9,2,0,1,1,2,0,4,1,0,0,0,2,0,0,0.265,0.326,0.441,0.767,9,11,R,K.Graveman(58)
125,129,126,126,Aug 25,@,TEX,"L,0-9",30,29,0,2,0,0,0,0,1,0,8,0,0,0,0,0,0,0,0.264,0.325,0.438,0.763,3,12,L,C.Hamels(86)
126,130,127,127,Aug 26,@,TEX,"W,12-1",46,41,12,17,4,0,0,11,1,0,4,3,0,1,0,2,0,0,0.265,0.326,0.439,0.765,7,11,L,M.Perez(27)
127,131,128,128,Aug 27,@,TEX,"L,0-7",36,34,0,7,0,2,0,0,1,0,10,1,0,0,1,0,0,1,0.265,0.326,0.438,0.764,9,10,R,A.Griffin(67)
128,132,129,129,Aug 28,@,TEX,"L,1-2",35,31,1,6,0,0,0,1,3,0,8,1,0,0,0,1,2,0,0.264,0.325,0.436,0.762,7,12,L,D.Holland(65)
129,133,130,130,Aug 29,,MIN,"W,1-0",38,34,1,8,1,0,0,1,4,0,5,0,0,0,1,1,0,1,0.264,0.325,0.435,0.76,9,11,L,H.Santiago(65)
130,134,131,131,Aug 30,,MIN,"W,5-4",38,29,5,9,3,1,2,5,8,0,10,1,0,0,0,1,1,1,0.264,0.326,0.437,0.763,9,9,L,A.Albers(27)
131,135,132,132,Aug 31,,MIN,"W,8-4",39,32,8,12,3,0,2,8,5,0,3,0,0,2,0,2,1,0,0.265,0.327,0.438,0.765,7,11,L,P.Dean(22)
132,137,133,133,Sep 2,,MIA,"W,6-2",39,29,6,7,4,0,0,6,8,0,7,0,1,1,0,0,0,0,0.265,0.328,0.438,0.765,9,9,R,A.Cashner(31)
133,138,134,134,Sep 3,,MIA,"W,8-3",42,35,8,12,5,0,1,6,5,1,6,0,1,1,1,1,0,0,0.265,0.328,0.439,0.767,10,9,R,J.Fernandez(22)
134,139,135,135,Sep 4,,MIA,"W,6-5",42,35,6,10,2,0,0,6,7,0,7,0,0,0,0,1,2,0,0.266,0.329,0.438,0.767,10,14,R,T.Koehler(70)
135,140,136,136,Sep 5,,HOU,"L,2-6",36,33,2,7,1,0,1,2,3,0,9,0,0,0,0,1,0,0,0.265,0.329,0.437,0.766,7,13,R,M.Fiers(47)
136,141,137,137,Sep 6,,HOU,"L,3-4",36,34,3,7,4,0,1,2,2,0,7,0,0,0,0,0,1,0,0.265,0.328,0.437,0.765,6,12,R,B.Peacock(48)
137,142,138,138,Sep 7,,HOU,"W,6-5",40,34,6,12,1,0,1,6,4,0,4,2,0,0,0,0,1,1,0.265,0.329,0.437,0.766,10,10,R,D.Fister(20)
138,143,139,139,Sep 8,,HOU,"W,10-7",38,31,10,9,4,1,1,8,6,0,5,1,0,0,0,2,1,0,0.266,0.33,0.438,0.768,4,11,R,D.Paulino(33)
139,144,140,140,Sep 9,@,MIN,"W,5-4",44,38,5,9,1,0,1,5,5,0,8,1,0,0,1,0,0,0,0.265,0.33,0.438,0.767,12,10,R,T.Duffey(44)
140,145,141,141,Sep 10,@,MIN,"L,1-2",47,41,1,7,2,0,0,1,5,1,5,0,0,1,0,1,0,0,0.265,0.329,0.436,0.765,10,13,L,H.Santiago(61)
141,146,142,142,Sep 11,@,MIN,"W,7-1",45,38,7,13,0,1,1,6,6,0,6,0,1,0,1,1,1,0,0.265,0.33,0.436,0.766,11,12,R,J.Berrios(33)
142,147,143,143,Sep 12,@,CHW,"L,4-11",37,35,4,8,4,0,1,4,2,0,6,0,0,0,1,1,0,0,0.265,0.33,0.436,0.766,6,13,R,M.Gonzalez(52)
143,148,144,144,Sep 13,@,CHW,"L,1-8",34,32,1,6,3,0,1,1,1,0,7,1,0,0,0,1,0,0,0.264,0.329,0.436,0.765,6,12,L,J.Quintana(73)
144,149,145,145,Sep 14,@,CHW,"W,6-1",39,36,6,10,3,1,1,6,3,0,6,0,0,0,0,1,2,0,0.265,0.329,0.436,0.765,6,11,L,C.Rodon(27)
145,150,146,146,Sep 15,@,CHW,"L,1-2",37,30,1,4,1,0,0,1,5,0,12,1,0,1,0,0,2,0,0.264,0.329,0.434,0.763,9,13,R,J.Shields(67)
146,151,147,147,Sep 16,,DET,"W,11-4",42,34,11,14,3,0,1,11,5,1,6,0,1,2,0,1,3,0,0.265,0.33,0.435,0.765,7,13,R,M.Fulmer(29)
147,152,148,148,Sep 17,,DET,"W,1-0",41,31,1,4,1,0,0,1,9,2,10,0,1,0,0,0,4,0,0.264,0.33,0.434,0.763,12,13,R,J.Verlander(78)
148,153,149,149,Sep 18,,DET,"L,5-9",35,33,5,7,1,0,1,4,1,0,9,0,0,1,1,0,1,0,0.264,0.329,0.433,0.762,3,12,L,D.Norris(52)
149,154,150,150,Sep 20,,KCR,"W,2-1",36,31,2,5,0,0,1,2,4,0,7,0,1,0,1,0,2,0,0.263,0.329,0.432,0.761,8,12,R,E.Volquez(64)
150,155,151,151,Sep 21,,KCR,"W,4-3",38,33,4,13,6,0,0,4,3,1,7,1,1,0,0,1,0,1,0.264,0.329,0.433,0.762,10,10,R,I.Kennedy(39)
151,156,152,152,Sep 22,,KCR,"W,5-2",33,26,5,5,2,0,2,5,4,0,5,2,1,0,0,1,1,0,0.263,0.329,0.433,0.763,4,11,L,J.Vargas(53)
152,157,153,153,Sep 23,,CHW,"W,10-4",42,37,10,13,3,0,1,10,3,0,4,1,0,1,1,0,1,0,0.264,0.33,0.434,0.764,8,14,R,M.Gonzalez(31)
153,158,154,154,Sep 24,,CHW,"L,1-8",37,33,1,8,3,0,0,1,3,0,6,1,0,0,0,1,2,0,0.264,0.33,0.433,0.763,9,17,L,J.Quintana(55)
154,159,155,155,Sep 25,,CHW,"L,0-3",32,28,0,2,0,0,0,0,3,0,14,0,1,0,0,0,0,0,0.263,0.329,0.431,0.76,5,13,L,C.Rodon(86)
155,160,156,156,Sep 26,@,DET,"W,7-4",42,34,7,8,1,0,2,6,6,0,3,0,1,1,1,0,1,0,0.263,0.329,0.431,0.761,8,11,R,B.Farmer(41)
156,161,157,157,Sep 27,@,DET,"L,0-12",31,30,0,4,0,0,0,0,1,0,13,0,0,0,0,0,0,1,0.262,0.328,0.43,0.758,4,9,R,J.Verlander(82)
157,162,158,158,Sep 28,@,DET,"L,3-6",26,21,3,7,2,0,0,3,5,0,4,0,0,0,0,1,1,0,0.262,0.329,0.43,0.759,8,9,R,M.Fulmer(36)
158,163,159,159,Sep 30,@,KCR,"W,7-2",40,34,7,10,3,1,1,7,4,0,11,1,0,1,0,1,0,0,0.262,0.329,0.43,0.76,6,15,R,Y.Ventura(49)
159,164,160,160,Oct 1,@,KCR,"W,6-3",43,33,6,8,2,2,0,4,8,0,8,1,0,1,1,1,2,1,0.262,0.33,0.43,0.76,10,15,R,E.Volquez(46)
160,165,161,161,Oct 2,@,KCR,"W,3-2",35,30,3,4,2,0,1,3,2,0,6,2,0,1,0,0,0,0,0.262,0.329,0.43,0.759,5,13,R,I.Kennedy(60)
