,Rk,Gtm,Date,Unnamed: 3,Opp,Rslt,PA,AB,R,H,2B,3B,HR,RBI,BB,IBB,SO,HBP,SH,SF,ROE,GDP,SB,CS,BA,OBP,SLG,OPS,LOB,#,Thr,Opp. Starter (GmeSc)
0,1,1,Mar 31,@,ARI,"W,9-8",41,38,9,12,3,0,2,9,2,0,6,0,1,0,0,0,0,0,0.316,0.35,0.553,0.903,5,16,R,B.McCarthy(45)
1,2,2,Apr 1,@,ARI,"L,4-5",36,34,4,7,2,0,1,4,2,0,9,0,0,0,0,0,0,0,0.264,0.303,0.458,0.761,5,15,L,W.Miley(53)
2,3,3,Apr 2,@,ARI,"W,2-0",37,32,2,6,1,0,0,2,4,0,6,0,1,0,0,0,1,0,0.24,0.295,0.385,0.679,8,13,R,T.Cahill(56)
3,4,4,Apr 3,@,ARI,"W,8-5",41,34,8,9,3,0,3,8,5,1,5,0,1,1,0,0,1,0,0.246,0.309,0.442,0.751,6,18,R,B.Arroyo(46)
4,5,5,Apr 4,@,LAD,"W,8-4",39,35,8,8,3,0,0,8,4,1,12,0,0,0,1,0,0,1,0.243,0.309,0.416,0.725,4,15,L,H.Ryu(11)
5,6,6,Apr 5,@,LAD,"W,7-2",42,35,7,11,3,0,3,7,6,0,5,0,1,0,0,2,0,0,0.255,0.328,0.457,0.784,8,14,L,P.Maholm(28)
6,7,7,Apr 6,@,LAD,"L,2-6",35,35,2,8,0,0,2,2,0,0,16,0,0,0,0,0,0,0,0.251,0.315,0.449,0.763,6,13,R,Z.Greinke(60)
7,8,8,Apr 8,,ARI,"W,7-3",36,33,7,10,2,0,1,7,3,1,12,0,0,0,0,1,1,0,0.257,0.32,0.449,0.769,5,12,R,T.Cahill(29)
8,9,9,Apr 9,,ARI,"L,3-7",38,34,3,9,0,0,2,3,2,0,6,1,1,0,0,1,1,0,0.258,0.321,0.448,0.769,8,16,R,B.Arroyo(44)
9,10,10,Apr 10,,ARI,"L,5-6",45,37,5,10,5,0,0,5,7,1,5,0,1,0,0,2,0,0,0.259,0.328,0.444,0.772,10,20,R,R.Delgado(33)
10,11,11,Apr 11,,COL,"W,6-5",35,29,6,6,2,1,1,6,2,0,11,2,1,1,0,0,0,0,0.255,0.325,0.444,0.77,5,15,L,J.De La Rosa(35)
11,12,12,Apr 12,,COL,"L,0-1",33,29,0,3,2,0,0,0,4,0,8,0,0,0,0,1,0,0,0.244,0.317,0.425,0.742,6,12,L,B.Anderson(58)
12,13,13,Apr 13,,COL,"W,5-4",34,31,5,9,0,1,2,5,1,0,9,1,0,1,0,2,0,1,0.248,0.318,0.433,0.751,2,13,R,T.Chatwood(49)
13,14,14,Apr 15,,LAD,"W,3-2",54,41,3,12,1,0,0,3,9,1,9,1,2,1,1,2,1,1,0.252,0.328,0.423,0.751,16,21,R,J.Beckett(62)
14,15,15,Apr 16,,LAD,"W,2-1",34,28,2,7,0,0,0,2,5,1,4,0,1,0,1,3,0,0,0.251,0.33,0.414,0.744,8,15,L,P.Maholm(57)
15,16,16,Apr 17,,LAD,"L,1-2",37,34,1,6,1,0,0,1,3,0,6,0,0,0,0,0,1,0,0.247,0.325,0.401,0.725,9,15,L,H.Ryu(71)
16,17,17,Apr 18,@,SDP,"L,1-2",33,31,1,5,1,0,1,1,2,0,12,0,0,0,0,1,3,0,0.242,0.319,0.395,0.713,5,13,R,T.Ross(82)
17,18,18,Apr 19,@,SDP,"L,1-3",30,30,1,4,0,0,1,1,0,0,7,0,0,0,0,1,0,0,0.237,0.31,0.387,0.697,2,14,L,E.Stults(64)
18,19,19,Apr 20,@,SDP,"W,4-3",34,29,4,3,0,0,1,4,4,0,5,0,1,0,0,0,0,0,0.231,0.306,0.378,0.684,3,14,L,R.Erlin(50)
19,20,20,Apr 21,@,COL,"L,2-8",37,33,2,6,1,0,0,0,4,0,11,0,0,0,2,2,0,0,0.228,0.304,0.37,0.674,8,15,L,J.De La Rosa(55)
20,21,21,Apr 22,@,COL,"L,1-2",37,34,1,8,2,0,1,1,3,0,8,0,0,0,0,1,0,0,0.228,0.304,0.371,0.674,9,13,L,F.Morales(68)
21,22,22,Apr 23,@,COL,"W,12-10",53,44,12,14,2,0,6,12,8,2,9,0,1,0,0,1,0,1,0.234,0.311,0.395,0.706,8,18,R,T.Chatwood(39)
22,23,23,Apr 25,,CLE,"W,5-1",31,29,5,7,0,2,1,5,1,0,8,0,0,1,0,0,1,1,0.234,0.309,0.398,0.707,2,13,R,C.Carrasco(51)
23,24,24,Apr 26,,CLE,"W,5-3",32,29,5,6,1,0,1,5,1,0,10,1,0,1,0,0,1,0,0.233,0.307,0.396,0.703,3,16,R,Z.McAllister(46)
24,25,25,Apr 27,,CLE,"W,4-1",35,32,4,8,3,0,1,4,2,1,10,0,1,0,0,1,0,0,0.234,0.307,0.398,0.704,5,15,R,D.Salazar(70)
25,26,26,Apr 28,,SDP,"L,4-6",36,33,4,9,1,1,1,4,3,0,8,0,0,0,0,3,0,0,0.235,0.308,0.4,0.707,5,17,R,T.Ross(38)
26,27,27,Apr 29,,SDP,"W,6-0",36,32,6,9,1,0,2,6,2,1,3,1,0,1,1,1,0,0,0.237,0.309,0.403,0.712,6,15,L,E.Stults(23)
27,28,28,Apr 30,,SDP,"W,3-2",34,32,3,10,2,1,1,3,1,0,8,0,1,0,0,1,1,0,0.239,0.309,0.408,0.717,7,11,L,R.Erlin(50)
28,29,29,May 2,@,ATL,"W,2-1",36,32,2,8,0,0,2,2,2,0,9,0,2,0,0,1,0,0,0.24,0.309,0.409,0.718,7,15,L,M.Minor(54)
29,30,30,May 3,@,ATL,"W,3-1",32,31,3,4,0,0,3,3,1,0,8,0,0,0,0,0,0,0,0.236,0.304,0.409,0.714,2,14,R,J.Teheran(64)
30,31,31,May 4,@,ATL,"W,4-1",41,36,4,10,1,0,2,4,4,1,10,1,0,0,0,1,1,0,0.238,0.307,0.411,0.718,10,15,L,A.Wood(51)
31,32,32,May 5,@,PIT,"W,11-10",61,54,11,20,3,0,0,10,4,2,11,1,1,1,1,1,2,2,0.244,0.312,0.412,0.724,11,21,L,J.Locke(33)
32,33,33,May 6,@,PIT,"L,1-2",35,30,1,5,0,0,0,1,2,0,4,2,0,1,0,0,2,0,0.242,0.311,0.405,0.716,7,9,R,C.Morton(75)
33,34,34,May 7,@,PIT,"L,3-4",34,33,3,7,2,0,1,3,1,0,7,0,0,0,0,0,0,0,0.241,0.309,0.404,0.713,4,13,R,G.Cole(62)
34,35,35,May 8,@,LAD,"W,3-1",42,34,3,6,3,0,1,3,7,0,8,0,0,1,0,0,0,1,0.24,0.309,0.403,0.711,9,15,R,J.Beckett(61)
35,36,36,May 9,@,LAD,"W,3-1",36,31,3,6,0,0,1,3,4,1,3,1,0,0,0,2,1,0,0.238,0.309,0.4,0.708,6,13,L,P.Maholm(49)
36,37,37,May 10,@,LAD,"L,2-6",41,35,2,9,1,0,0,2,4,0,11,1,0,1,1,1,0,0,0.239,0.31,0.397,0.706,12,13,R,Z.Greinke(60)
37,38,38,May 11,@,LAD,"W,7-4",44,38,7,11,2,0,1,6,4,1,12,1,1,0,0,2,0,0,0.24,0.311,0.397,0.709,7,18,L,C.Kershaw(60)
38,39,39,May 12,,ATL,"W,4-2",33,33,4,9,0,1,1,4,0,0,9,0,0,0,1,0,2,1,0.241,0.311,0.398,0.709,5,13,R,G.Floyd(53)
39,40,40,May 13,,ATL,"L,0-5",35,32,0,5,4,0,0,0,3,0,9,0,0,0,0,0,0,0,0.239,0.309,0.395,0.704,8,14,L,M.Minor(72)
40,41,41,May 14,,ATL,"W,10-4",45,39,10,15,2,0,3,9,6,0,10,0,0,0,0,0,3,0,0.243,0.313,0.403,0.716,11,14,R,J.Teheran(27)
41,42,42,May 15,,MIA,"W,6-4",39,36,6,12,4,0,1,6,3,1,6,0,0,0,0,0,1,0,0.246,0.315,0.406,0.721,9,12,R,N.Eovaldi(21)
42,43,43,May 16,,MIA,"L,5-7",39,35,5,11,6,0,0,5,2,0,5,0,0,2,1,2,0,0,0.247,0.315,0.408,0.723,7,17,R,H.Alvarez(38)
43,44,44,May 17,,MIA,"L,0-5",36,33,0,6,1,1,0,0,3,0,9,0,0,0,0,0,0,0,0.246,0.314,0.405,0.719,9,13,R,T.Koehler(74)
44,45,45,May 18,,MIA,"W,4-1",34,30,4,7,0,0,1,4,2,0,10,1,0,1,0,0,1,0,0.246,0.314,0.404,0.717,6,14,R,J.Turner(50)
45,46,46,May 20,@,COL,"L,4-5",36,34,4,8,2,1,0,4,1,0,6,1,0,0,0,1,0,0,0.245,0.313,0.402,0.715,5,13,L,F.Morales(55)
46,47,47,May 21,@,COL,"W,5-1",36,33,5,7,3,0,3,5,3,0,8,0,0,0,0,1,0,0,0.245,0.312,0.406,0.718,4,15,R,J.Chacin(51)
47,48,48,May 22 susp,@,COL,"W,4-2",35,31,4,9,2,0,1,4,3,0,9,0,1,0,0,3,0,0,0.246,0.313,0.407,0.72,4,18,L,J.De La Rosa(61)
48,49,49,May 23,,MIN,"W,6-2",31,30,6,6,1,2,2,6,0,0,7,0,0,1,1,0,0,0,0.245,0.311,0.41,0.721,1,14,R,K.Gibson(41)
49,50,50,May 24,,MIN,"W,2-1",31,27,2,5,0,0,1,2,3,0,6,0,0,1,0,1,0,0,0.244,0.31,0.408,0.718,5,14,R,S.Deduno(54)
50,51,51,May 25,,MIN,"W,8-1",35,32,8,12,3,0,1,8,1,0,5,0,0,2,0,1,0,1,0.246,0.311,0.411,0.722,3,13,R,R.Nolasco(20)
51,52,52,May 26,,CHC,"L,4-8",35,34,4,6,0,1,1,4,1,0,13,0,0,0,1,0,1,0,0.245,0.309,0.409,0.718,4,14,R,J.Samardzija(61)
52,53,53,May 27,,CHC,"W,4-0",34,31,4,9,2,0,0,4,1,0,6,0,0,2,0,0,3,0,0.246,0.309,0.408,0.717,6,13,R,J.Arrieta(47)
53,54,54,May 28,,CHC,"W,5-0",36,31,5,8,3,0,0,4,4,2,10,0,1,0,1,0,0,0,0.246,0.309,0.407,0.717,7,17,R,E.Jackson(59)
54,55,55,May 29,@,STL,"W,6-5",36,33,6,8,1,0,2,5,2,1,9,0,1,0,0,0,1,0,0.246,0.309,0.408,0.717,3,14,L,J.Garcia(62)
55,56,56,May 30,@,STL,"W,9-4",42,39,9,12,3,0,1,9,3,0,10,0,0,0,0,0,0,0,0.247,0.31,0.409,0.719,6,13,R,A.Wainwright(22)
56,57,57,May 31,@,STL,"L,0-2",31,30,0,3,1,0,0,0,0,0,13,1,0,0,0,0,0,0,0.245,0.307,0.405,0.712,4,13,R,M.Wacha(73)
57,58,58,Jun 1,@,STL,"W,8-0",47,41,8,14,2,1,0,8,6,0,6,0,0,0,1,1,0,0,0.247,0.31,0.406,0.716,12,15,R,L.Lynn(20)
58,59,59,Jun 3,@,CIN,"L,3-8",34,30,3,5,2,0,1,3,1,0,8,1,0,2,0,0,0,0,0.246,0.308,0.405,0.713,4,13,R,H.Bailey(56)
59,60,60,Jun 4,@,CIN,"W,3-2",37,34,3,7,4,0,2,3,3,1,10,0,0,0,0,0,0,0,0.245,0.308,0.406,0.714,7,14,L,T.Cingrani(49)
60,61,61,Jun 5,@,CIN,"W,6-1",41,37,6,11,0,0,2,6,4,0,14,0,0,0,0,1,0,0,0.246,0.309,0.407,0.716,8,11,R,M.Leake(36)
61,62,62,Jun 6,,NYM,"W,4-2",34,30,4,8,2,1,1,4,2,0,4,1,0,1,0,1,0,0,0.246,0.309,0.408,0.717,6,12,L,J.Niese(61)
62,63,63,Jun 7,,NYM,"W,5-4",41,38,5,11,1,0,0,4,3,1,8,0,0,0,2,1,0,0,0.247,0.31,0.407,0.716,11,16,R,B.Colon(47)
63,64,64,Jun 8,,NYM,"W,6-4",36,33,6,11,2,0,0,5,2,0,12,1,0,0,0,1,0,0,0.248,0.311,0.407,0.717,6,16,R,Z.Wheeler(37)
64,65,65,Jun 9,,WSN,"L,2-9",34,33,2,8,2,0,0,2,0,0,9,1,0,0,0,0,0,0,0.248,0.31,0.405,0.715,5,16,R,S.Strasburg(67)
65,66,66,Jun 10,,WSN,"L,1-2",37,35,1,10,1,1,0,1,2,0,4,0,0,0,0,0,0,0,0.249,0.31,0.405,0.715,9,13,R,D.Fister(63)
66,67,67,Jun 11,,WSN,"L,2-6",34,34,2,8,1,1,0,2,0,0,6,0,0,0,0,1,0,0,0.249,0.309,0.403,0.713,5,15,R,T.Roark(54)
67,68,68,Jun 12,,WSN,"W,7-1",39,34,7,13,1,1,0,6,4,0,4,0,0,1,0,2,0,0,0.251,0.311,0.404,0.716,8,14,R,B.Treinen(48)
68,69,69,Jun 13,,COL,"L,4-7",38,35,4,9,3,0,0,3,3,1,11,0,0,0,1,1,0,1,0.251,0.311,0.403,0.715,7,17,L,J.De La Rosa(42)
69,70,70,Jun 14,,COL,"L,4-5",37,36,4,10,1,0,2,4,0,0,8,0,0,1,1,1,0,0,0.251,0.311,0.404,0.715,6,18,R,C.Bergman(47)
70,71,71,Jun 15,,COL,"L,7-8",46,37,7,12,0,0,3,7,7,0,6,1,1,0,1,2,1,0,0.252,0.313,0.407,0.72,12,16,R,J.Nicasio(32)
71,72,72,Jun 17,@,CHW,"L,2-8",38,34,2,7,0,0,1,2,4,0,5,0,0,0,1,1,0,0,0.252,0.313,0.405,0.718,9,9,L,J.Danks(58)
72,73,73,Jun 18,@,CHW,"L,6-7",44,37,6,14,2,0,0,6,2,0,10,2,0,3,0,1,0,0,0.253,0.314,0.406,0.72,11,12,L,C.Sale(50)
73,74,74,Jun 20,@,ARI,"L,1-4",35,31,1,5,1,1,0,1,4,0,7,0,0,0,0,1,1,0,0.252,0.313,0.404,0.717,7,12,R,J.Collmenter(55)
74,75,75,Jun 21,@,ARI,"W,6-4",43,38,6,12,2,1,1,6,3,0,4,1,1,0,0,0,0,0,0.253,0.315,0.405,0.72,10,15,R,B.McCarthy(28)
75,76,76,Jun 22,@,ARI,"W,4-1",35,33,4,9,3,1,0,4,1,0,5,0,1,0,0,0,0,1,0.254,0.314,0.406,0.72,4,10,R,M.Bolsinger(68)
76,77,77,Jun 23,,SDP,"L,0-6",30,30,0,4,2,0,0,0,0,0,2,0,0,0,0,1,0,0,0.252,0.312,0.403,0.716,3,14,R,O.Despaigne(70)
77,78,78,Jun 24,,SDP,"L,2-7",33,32,2,5,1,0,0,2,1,0,11,0,0,0,0,0,0,0,0.251,0.311,0.401,0.711,4,13,R,J.Hahn(63)
78,79,79,Jun 25,,SDP,"W,4-0",38,34,4,11,3,1,0,4,3,1,11,0,0,1,0,0,1,0,0.252,0.312,0.402,0.713,10,10,R,I.Kennedy(46)
79,80,80,Jun 26,,CIN,"L,1-3",33,32,1,5,2,1,1,1,1,0,13,0,0,0,0,0,0,0,0.251,0.31,0.401,0.711,5,15,R,M.Leake(81)
80,81,81,Jun 27,,CIN,"L,2-6",32,30,2,4,0,1,0,2,2,0,4,0,0,0,0,1,0,0,0.249,0.309,0.399,0.708,3,12,R,J.Cueto(68)
81,82,82,Jun 28,,CIN,"L,3-7",43,39,3,9,2,0,0,3,3,0,7,0,1,0,1,2,0,1,0.249,0.309,0.397,0.706,7,20,R,A.Simon(70)
82,83,83,Jun 29,,CIN,"L,0-4",30,29,0,3,0,0,0,0,1,0,7,0,0,0,0,0,0,1,0.248,0.307,0.394,0.701,3,12,R,H.Bailey(87)
83,84,84,Jul 1,,STL,"W,5-0",35,29,5,8,3,0,1,5,6,1,2,0,0,0,0,3,0,0,0.248,0.308,0.395,0.703,6,11,L,M.Gonzales(27)
84,85,85,Jul 2,,STL,"L,0-2",32,29,0,5,0,0,0,0,2,0,2,0,1,0,0,2,0,0,0.247,0.307,0.393,0.7,5,14,R,A.Wainwright(70)
85,86,86,Jul 3,,STL,"L,2-7",36,34,2,7,1,0,0,1,2,0,10,0,0,0,0,0,0,0,0.247,0.306,0.391,0.697,7,15,R,C.Martinez(58)
86,87,87,Jul 4,@,SDP,"L,0-2",32,30,0,4,2,0,0,0,2,0,7,0,0,0,0,1,0,0,0.246,0.305,0.389,0.694,5,12,L,E.Stults(73)
87,88,88,Jul 5,@,SDP,"W,5-3",42,34,5,7,2,0,3,5,6,0,6,0,1,1,1,0,0,1,0.245,0.305,0.391,0.696,7,17,R,O.Despaigne(62)
88,89,89,Jul 6,@,SDP,"W,5-3",36,33,5,7,3,0,0,5,2,0,5,0,0,1,1,1,0,0,0.245,0.305,0.39,0.695,4,14,R,J.Hahn(58)
89,90,90,Jul 7,@,OAK,"L,0-5",34,32,0,5,0,0,0,0,2,1,10,0,0,0,0,0,1,0,0.244,0.304,0.387,0.691,7,9,R,J.Chavez(71)
90,91,91,Jul 8,@,OAK,"L,1-6",37,35,1,8,1,0,1,1,2,0,9,0,0,0,0,0,0,0,0.244,0.303,0.387,0.69,9,9,R,S.Gray(68)
91,92,92,Jul 9,,OAK,"W,5-2",37,34,5,10,1,0,1,3,3,0,6,0,0,0,0,0,1,0,0.244,0.304,0.387,0.691,8,14,R,J.Hammel(45)
92,93,93,Jul 10,,OAK,"L,1-6",35,34,1,6,1,0,0,1,1,0,10,0,0,0,1,0,0,0,0.243,0.303,0.385,0.688,7,15,L,S.Kazmir(79)
93,94,94,Jul 11,,ARI,"W,5-0",37,33,5,10,2,0,1,5,3,0,8,0,1,0,1,0,0,1,0.244,0.303,0.386,0.689,8,12,R,M.Bolsinger(34)
94,95,95,Jul 12,,ARI,"L,0-2",33,30,0,4,0,0,0,0,3,0,5,0,0,0,0,0,0,0,0.243,0.303,0.383,0.686,6,14,L,W.Miley(70)
95,96,96,Jul 13,,ARI,"W,8-4",40,34,8,9,2,0,2,8,5,0,7,1,0,0,1,0,0,0,0.243,0.303,0.385,0.688,8,15,L,V.Nuno(42)
96,97,97,Jul 18,@,MIA,"W,9-1",42,39,9,13,3,0,2,9,2,0,11,0,0,1,0,0,0,0,0.244,0.304,0.387,0.691,6,17,R,N.Eovaldi(16)
97,98,98,Jul 19,@,MIA,"W,5-3",39,32,5,8,3,0,0,4,5,1,4,1,1,0,0,2,0,0,0.244,0.305,0.386,0.691,7,14,R,H.Alvarez(48)
98,99,99,Jul 20,@,MIA,"L,2-3",33,32,2,6,2,0,0,2,1,0,6,0,0,0,0,1,0,0,0.244,0.304,0.385,0.689,4,11,L,B.Hand(60)
99,100,100,Jul 21,@,PHI,"W,7-4",42,38,7,15,1,1,1,7,3,0,5,0,1,0,0,0,1,1,0.246,0.305,0.387,0.692,8,18,L,C.Lee(23)
100,101,101,Jul 22,@,PHI,"W,9-6",65,59,9,18,6,0,2,8,5,2,11,0,1,0,0,0,1,0,0.247,0.306,0.389,0.695,14,22,R,R.Hernandez(45)
101,102,102,Jul 23,@,PHI,"W,3-1",38,30,3,5,1,0,0,3,6,1,8,2,0,0,0,0,2,2,0.246,0.307,0.387,0.694,8,12,R,A.Burnett(76)
102,103,103,Jul 24,@,PHI,"L,1-2",35,32,1,6,0,0,0,1,1,0,11,1,1,0,0,0,0,0,0.245,0.306,0.386,0.692,7,13,L,C.Hamels(75)
103,104,104,Jul 25,,LAD,"L,1-8",36,34,1,7,0,0,0,1,2,0,11,0,0,0,0,1,0,0,0.245,0.306,0.384,0.689,8,16,R,Z.Greinke(78)
104,105,105,Jul 26,,LAD,"L,0-5",30,29,0,3,0,0,0,0,1,0,7,0,0,0,0,1,0,0,0.244,0.304,0.382,0.686,3,15,L,C.Kershaw(87)
105,106,106,Jul 27,,LAD,"L,3-4",35,33,3,7,0,0,1,3,2,0,11,0,0,0,0,1,0,0,0.243,0.304,0.381,0.685,5,14,L,H.Ryu(54)
106,107,107,Jul 28,,PIT,"L,0-5",29,28,0,4,0,1,0,0,1,0,3,0,0,0,0,2,0,1,0.243,0.303,0.379,0.682,2,14,R,V.Worley(81)
107,108,108,Jul 29,,PIT,"L,1-3",33,32,1,6,1,0,1,1,1,0,13,0,0,0,0,1,0,0,0.242,0.302,0.379,0.681,5,13,L,F.Liriano(75)
108,109,109,Jul 30,,PIT,"W,7-5",42,36,7,12,0,0,0,6,5,0,4,1,0,0,1,1,1,0,0.243,0.303,0.378,0.682,11,17,R,C.Morton(32)
109,110,110,Aug 1,@,NYM,"W,5-1",38,34,5,9,1,2,0,5,1,0,4,2,1,0,0,2,0,0,0.243,0.304,0.379,0.682,6,10,L,J.Niese(52)
110,111,111,Aug 2,@,NYM,"L,2-4",34,33,2,6,2,0,0,2,1,0,9,0,0,0,0,0,0,0,0.243,0.303,0.378,0.68,5,11,R,J.deGrom(68)
111,112,112,Aug 3,@,NYM,"W,9-0",40,37,9,11,2,0,4,9,1,0,8,1,1,0,0,0,0,0,0.243,0.303,0.38,0.684,4,13,R,B.Colon(29)
112,113,113,Aug 4,@,NYM,"W,4-3",41,34,4,9,4,1,0,3,7,0,8,0,0,0,0,1,1,0,0.243,0.304,0.381,0.685,10,15,R,D.Gee(54)
113,114,114,Aug 5,@,MIL,"L,3-4",38,34,3,6,1,0,1,3,4,0,7,0,0,0,1,0,0,0,0.243,0.304,0.38,0.684,8,14,R,J.Nelson(57)
114,115,115,Aug 6,@,MIL,"W,7-4",46,40,7,14,0,0,1,7,6,1,9,0,0,0,0,0,0,1,0.244,0.305,0.381,0.686,12,16,R,Y.Gallardo(28)
115,116,116,Aug 7,@,MIL,"L,1-3",37,34,1,8,0,0,0,1,2,0,12,1,0,0,0,2,0,0,0.244,0.305,0.379,0.684,9,14,R,W.Peralta(66)
116,117,117,Aug 8,@,KCR,"L,2-4",37,37,2,12,2,0,0,2,0,0,11,0,0,0,1,1,0,0,0.245,0.305,0.379,0.684,8,12,L,J.Vargas(46)
117,118,118,Aug 9,@,KCR,"L,0-5",31,30,0,4,1,0,0,0,1,0,5,0,0,0,0,1,0,0,0.244,0.304,0.378,0.682,4,9,R,J.Shields(83)
118,119,119,Aug 10,@,KCR,"L,4-7",40,35,4,8,1,0,0,4,4,0,7,1,0,0,0,0,2,0,0.244,0.304,0.377,0.681,9,11,L,D.Duffy(53)
119,120,120,Aug 12,,CHW,"L,2-3",40,38,2,9,0,1,0,1,2,0,13,0,0,0,0,1,0,0,0.244,0.304,0.376,0.68,8,16,L,C.Sale(84)
120,121,121,Aug 13,,CHW,"W,7-1",35,33,7,7,0,1,0,5,2,0,9,0,0,0,1,0,0,0,0.243,0.304,0.375,0.679,4,14,L,J.Quintana(55)
121,122,122,Aug 15,,PHI,"L,3-5",40,37,3,11,2,0,1,3,2,0,6,0,1,0,0,1,1,1,0.244,0.304,0.376,0.679,7,16,L,C.Hamels(50)
122,123,123,Aug 16,,PHI,"W,6-5",39,35,6,11,2,2,1,6,3,0,7,0,0,1,1,0,0,0,0.244,0.304,0.377,0.682,9,19,R,K.Kendrick(42)
123,124,124,Aug 17,,PHI,"W,5-2",37,33,5,11,1,0,0,4,2,0,5,0,0,2,0,0,0,0,0.245,0.305,0.377,0.682,8,16,R,D.Buchanan(49)
124,125,125,Aug 19 susp,@,CHC,"L,1-2",37,37,1,11,4,0,0,1,0,0,5,0,0,0,0,1,0,0,0.246,0.305,0.377,0.682,9,15,L,T.Wada(58)
125,126,126,Aug 20,@,CHC,"W,8-3",43,40,8,14,5,0,2,8,2,1,10,0,0,1,0,0,1,0,0.247,0.305,0.38,0.685,8,14,R,E.Jackson(14)
126,127,127,Aug 21,@,CHC,"W,5-3",40,37,5,12,5,0,1,5,1,0,9,1,0,1,0,0,0,1,0.247,0.306,0.381,0.687,8,16,L,T.Wood(45)
127,128,128,Aug 22,@,WSN,"W,10-3",43,40,10,14,2,0,2,10,2,0,6,0,0,1,1,1,0,0,0.248,0.306,0.383,0.689,6,17,R,D.Fister(44)
128,129,129,Aug 23,@,WSN,"L,2-6",34,34,2,9,1,0,1,2,0,0,8,0,0,0,0,2,0,0,0.248,0.306,0.383,0.689,5,12,R,J.Zimmermann(68)
129,130,130,Aug 24,@,WSN,"L,6-14",41,37,6,12,1,1,2,6,2,0,7,0,0,2,0,0,0,0,0.249,0.306,0.384,0.69,8,14,R,S.Strasburg(28)
130,131,131,Aug 25,,COL,"L,2-3",35,32,2,9,1,1,1,2,3,0,10,0,0,0,0,4,0,0,0.249,0.307,0.385,0.691,6,14,L,T.Matzek(58)
131,132,132,Aug 26,,COL,"W,3-0",32,29,3,5,0,0,2,3,2,0,9,0,1,0,2,0,0,1,0.249,0.306,0.385,0.691,5,10,L,J.De La Rosa(54)
132,133,133,Aug 27,,COL,"W,4-2",39,35,4,10,2,0,1,4,3,0,10,0,1,0,0,0,0,0,0.249,0.306,0.385,0.691,9,12,L,F.Morales(59)
133,134,134,Aug 28,,COL,"W,4-1",36,31,4,8,0,0,1,4,4,0,6,0,0,1,0,0,1,0,0.249,0.306,0.385,0.691,8,14,R,J.Lyles(54)
134,135,135,Aug 29,,MIL,"W,13-2",49,42,13,19,2,2,1,12,6,0,4,1,0,0,1,2,1,0,0.251,0.309,0.388,0.696,12,13,R,W.Peralta(16)
135,136,136,Aug 30,,MIL,"W,3-1",36,34,3,10,1,0,0,3,2,1,10,0,0,0,0,0,1,0,0.251,0.309,0.387,0.696,9,14,R,M.Fiers(58)
136,137,137,Aug 31,,MIL,"W,15-5",45,38,15,16,6,3,1,14,5,0,5,0,1,1,0,0,1,0,0.253,0.31,0.391,0.701,6,15,R,K.Lohse(24)
137,138,138,Sep 1,@,COL,"L,9-10",43,39,9,14,3,0,1,9,4,1,4,0,0,0,0,0,0,0,0.254,0.311,0.392,0.703,7,17,L,F.Morales(16)
138,139,139,Sep 2,@,COL,"W,12-7",46,43,12,16,5,1,2,11,2,0,9,1,0,0,1,1,1,0,0.255,0.312,0.394,0.706,7,19,R,J.Lyles(36)
139,140,140,Sep 3,@,COL,"L,2-9",35,34,2,10,1,1,0,2,0,0,1,0,0,1,1,3,0,0,0.255,0.312,0.394,0.706,6,14,R,C.Bergman(46)
140,141,141,Sep 5,@,DET,"W,8-2",44,40,8,15,1,1,1,7,3,1,6,0,1,0,1,1,0,0,0.256,0.313,0.395,0.708,9,12,R,R.Porcello(17)
141,142,142,Sep 6,@,DET,"W,5-4",38,37,5,9,2,0,1,5,1,0,11,0,0,0,1,0,0,0,0.256,0.312,0.395,0.707,6,10,L,D.Price(56)
142,143,143,Sep 7,@,DET,"L,1-6",38,32,1,6,1,0,0,1,6,0,3,0,0,0,0,1,1,0,0.255,0.312,0.394,0.706,10,12,L,K.Lobstein(58)
143,144,144,Sep 9,,ARI,"W,5-1",39,33,5,11,0,0,0,4,4,0,5,0,1,1,1,1,0,0,0.256,0.313,0.393,0.706,10,11,L,W.Miley(31)
144,145,145,Sep 10,,ARI,"W,5-0",35,30,5,9,3,0,0,4,3,0,5,1,0,1,0,1,1,1,0.256,0.313,0.393,0.707,6,13,R,J.Collmenter(67)
145,146,146,Sep 11,,ARI,"W,6-2",40,34,6,12,3,0,0,6,6,0,5,0,0,0,0,0,0,0,0.257,0.314,0.394,0.708,10,17,R,R.Delgado(37)
146,147,147,Sep 12,,LAD,"W,9-0",41,36,9,12,3,0,2,9,5,0,6,0,0,0,1,1,1,1,0.257,0.315,0.395,0.71,8,14,L,H.Ryu(27)
147,148,148,Sep 13,,LAD,"L,0-17",31,31,0,5,2,0,0,0,0,0,7,0,0,0,1,1,0,0,0.257,0.314,0.394,0.708,4,20,R,Z.Greinke(69)
148,149,149,Sep 14,,LAD,"L,2-4",34,33,2,7,1,0,0,2,1,0,11,0,0,0,0,0,0,0,0.256,0.314,0.393,0.707,5,13,L,C.Kershaw(68)
149,150,150,Sep 15,@,ARI,"L,2-6",38,38,2,11,3,0,0,2,0,0,6,0,0,0,0,0,1,0,0.257,0.314,0.393,0.707,9,15,L,W.Miley(63)
150,151,151,Sep 16,@,ARI,"W,2-1",35,32,2,8,1,0,1,2,0,0,1,1,1,1,0,1,0,0,0.257,0.313,0.393,0.706,6,11,R,J.Collmenter(61)
151,152,152,Sep 17,@,ARI,"W,4-2",38,29,4,6,1,0,0,4,7,0,5,0,2,0,0,1,0,0,0.256,0.314,0.392,0.706,7,17,L,A.Chafin(56)
152,153,153,Sep 19,@,SDP,"L,0-5",32,30,0,3,1,0,0,0,1,0,9,1,0,0,0,0,1,0,0.255,0.313,0.391,0.703,5,15,R,O.Despaigne(78)
153,154,154,Sep 20,@,SDP,"L,2-3",34,33,2,6,0,0,1,2,1,0,8,0,0,0,0,0,0,0,0.255,0.312,0.39,0.702,5,16,R,A.Cashner(72)
154,155,155,Sep 21,@,SDP,"L,2-8",34,33,2,6,2,0,1,2,1,1,7,0,0,0,0,0,0,0,0.255,0.312,0.389,0.701,5,16,R,I.Kennedy(60)
155,156,156,Sep 22,@,LAD,"W,5-2",55,50,5,12,1,0,1,4,3,1,12,1,1,0,3,1,1,0,0.254,0.311,0.389,0.7,11,18,R,D.Haren(76)
156,157,157,Sep 23,@,LAD,"L,2-4",32,32,2,7,0,0,1,2,0,0,5,0,0,0,0,1,0,1,0.254,0.311,0.388,0.699,3,10,R,Z.Greinke(67)
157,158,158,Sep 24,@,LAD,"L,1-9",35,35,1,8,1,0,0,1,0,0,11,0,0,0,1,1,0,0,0.254,0.31,0.387,0.698,7,17,L,C.Kershaw(75)
158,159,159,Sep 25,,SDP,"W,9-8",39,35,9,12,2,0,2,9,2,0,6,0,1,1,0,0,0,0,0.255,0.311,0.389,0.699,6,20,R,A.Cashner(30)
159,160,160,Sep 26,,SDP,"L,1-4",35,32,1,5,0,0,0,1,2,0,7,0,0,1,0,0,0,0,0.254,0.31,0.387,0.697,7,14,R,I.Kennedy(71)
160,161,161,Sep 27,,SDP,"W,3-1",34,32,3,8,1,0,0,3,2,1,7,0,0,0,0,0,0,0,0.254,0.31,0.387,0.697,7,15,L,E.Stults(66)
161,162,162,Sep 28,,SDP,"W,9-3",39,35,9,13,3,0,2,9,3,0,10,0,0,1,0,0,0,0,0.255,0.311,0.388,0.699,6,19,L,R.Erlin(30)
