,Rk,Gtm,Date,Unnamed: 3,Opp,Rslt,PA,AB,R,H,2B,3B,HR,RBI,BB,IBB,SO,HBP,SH,SF,ROE,GDP,SB,CS,BA,OBP,SLG,OPS,LOB,#,Thr,Opp. Starter (GmeSc)
0,1,1,Apr 5,@,HOU,"W,5-2",37,32,5,10,1,0,1,5,2,0,6,0,2,1,0,2,0,0,0.313,0.343,0.438,0.78,5,14,R,R.Oswalt(47)
1,2,2,Apr 6,@,HOU,"W,3-0",37,31,3,8,0,0,0,3,4,0,6,0,1,1,1,3,0,0,0.286,0.338,0.349,0.687,7,15,L,W.Rodriguez(46)
2,3,3,Apr 7,@,HOU,"W,10-4",49,43,10,19,3,1,2,8,4,0,3,0,2,0,0,2,0,0,0.349,0.398,0.491,0.889,12,14,R,B.Myers(34)
3,4,4,Apr 9,,ATL,"W,5-4",46,43,5,9,3,0,1,5,1,0,9,0,2,0,1,3,1,0,0.309,0.352,0.45,0.802,3,21,R,T.Hudson(65)
4,5,5,Apr 10,,ATL,"L,2-7",38,29,2,6,1,0,0,2,9,2,6,0,0,0,0,2,1,2,0.292,0.36,0.416,0.776,9,16,R,D.Lowe(57)
5,6,6,Apr 11,,ATL,"W,6-3",34,33,6,8,0,1,1,5,1,0,4,0,0,0,1,0,0,0,0.284,0.346,0.412,0.758,4,12,R,K.Kawakami(52)
6,7,7,Apr 12,,PIT,"W,9-3",43,34,9,12,4,1,1,8,6,1,8,3,0,0,0,1,0,0,0.294,0.368,0.441,0.809,10,15,L,B.Burres(22)
7,8,8,Apr 13,,PIT,"L,5-6",39,36,5,11,4,0,1,5,3,0,8,0,0,0,0,1,0,0,0.295,0.367,0.448,0.815,7,15,L,P.Maholm(39)
8,9,9,Apr 14,,PIT,"W,6-0",33,32,6,10,2,0,3,6,0,0,6,0,1,0,0,1,0,0,0.297,0.362,0.47,0.832,3,11,R,C.Morton(35)
9,10,10,Apr 16,@,LAD,"L,8-10",38,34,8,8,1,0,2,8,3,0,10,1,0,0,0,0,0,0,0.291,0.358,0.467,0.824,3,16,R,V.Padilla(62)
10,11,11,Apr 17,@,LAD,"W,9-0",46,36,9,12,2,0,0,7,6,0,7,1,1,2,1,0,2,0,0.295,0.364,0.46,0.824,10,15,R,C.Haeger(19)
11,12,12,Apr 18,@,LAD,"L,1-2",36,28,1,4,1,0,1,1,5,1,10,1,2,0,0,0,0,1,0.285,0.359,0.448,0.807,8,12,L,C.Kershaw(70)
12,13,13,Apr 19,@,SDP,"L,2-3",40,38,2,10,2,0,1,2,1,0,9,0,1,0,0,1,1,0,0.283,0.353,0.443,0.796,8,14,L,C.Richard(59)
13,14,14,Apr 20,@,SDP,"L,0-1",33,31,0,6,1,1,0,0,2,0,4,0,0,0,0,2,0,0,0.277,0.346,0.433,0.78,6,12,R,M.Latos(70)
14,15,15,Apr 21,@,SDP,"L,2-5",33,31,2,7,2,0,1,2,2,0,1,0,0,0,0,2,0,0,0.274,0.342,0.431,0.773,4,14,R,J.Garland(60)
15,16,16,Apr 23,,STL,"W,4-1",34,30,4,7,1,0,0,1,3,0,4,1,0,0,1,2,0,0,0.272,0.341,0.421,0.763,6,12,L,J.Garcia(45)
16,17,17,Apr 24,,STL,"W,2-0",33,28,2,7,1,0,0,2,1,0,4,2,1,1,0,2,0,0,0.271,0.34,0.415,0.754,7,13,R,A.Wainwright(63)
17,18,18,Apr 25,,STL,"L,0-2",35,34,0,9,3,0,0,0,0,0,2,0,1,0,0,1,0,0,0.27,0.336,0.411,0.747,8,15,R,B.Penny(65)
18,19,19,Apr 26,,PHI,"W,5-1",34,33,5,10,3,0,1,5,1,0,7,0,0,0,0,0,0,0,0.272,0.335,0.415,0.75,5,15,R,R.Halladay(42)
19,20,20,Apr 27,,PHI,"W,6-2",36,33,6,12,2,0,2,6,2,0,3,1,0,0,1,2,1,1,0.277,0.339,0.425,0.764,6,13,L,J.Moyer(37)
20,21,21,Apr 28,,PHI,"L,6-7",55,47,6,17,5,0,0,6,6,3,12,0,2,0,0,0,2,1,0.282,0.346,0.427,0.773,16,16,L,C.Hamels(44)
21,22,22,Apr 30,,COL,"W,5-2",36,30,5,7,2,0,0,5,6,0,2,0,0,0,0,1,0,0,0.28,0.346,0.422,0.768,7,13,R,A.Cook(34)
22,23,23,May 1,,COL,"W,6-1",36,30,6,10,0,0,3,6,4,0,6,0,1,1,1,2,1,0,0.282,0.348,0.43,0.779,6,11,R,E.Rogers(32)
23,24,24,May 2,,COL,"L,1-4",34,30,1,4,2,0,1,1,3,0,9,0,1,0,1,1,0,0,0.277,0.343,0.426,0.769,6,15,R,J.Chacin(79)
24,25,25,May 4,@,FLA,"W,9-6",54,49,9,15,5,0,1,8,3,2,9,1,1,0,1,1,1,1,0.278,0.344,0.428,0.772,9,17,R,A.Sanchez(54)
25,26,26,May 5,@,FLA,"W,3-2",39,32,3,7,2,0,1,3,4,0,5,1,2,0,1,0,0,1,0.276,0.343,0.426,0.77,9,12,L,N.Robertson(48)
26,27,27,May 6,@,FLA,"W,6-3",36,33,6,9,3,1,1,6,2,1,7,0,0,1,0,0,1,1,0.276,0.342,0.429,0.771,3,15,R,R.Nolasco(53)
27,28,28,May 7,@,NYM,"L,4-6",39,37,4,11,2,0,1,4,0,0,6,0,1,0,1,1,0,0,0.277,0.341,0.429,0.77,8,13,R,M.Pelfrey(54)
28,29,29,May 8,@,NYM,"L,4-5",44,40,4,10,0,0,0,4,2,0,10,0,0,2,0,1,0,0,0.276,0.338,0.422,0.76,7,15,L,J.Santana(53)
29,30,30,May 9,@,NYM,"W,6-5",45,32,6,6,0,0,1,5,11,0,6,2,0,0,0,1,1,0,0.273,0.341,0.418,0.759,12,15,L,O.Perez(37)
30,31,31,May 11,,SDP,"L,2-3",40,33,2,8,2,2,0,2,5,0,6,0,2,0,0,0,1,0,0.272,0.341,0.418,0.759,11,16,L,W.LeBlanc(43)
31,32,32,May 12,,SDP,"L,2-5",35,32,2,8,0,0,0,1,2,0,3,0,1,0,0,2,0,0,0.271,0.34,0.413,0.753,6,13,L,C.Richard(55)
32,33,33,May 13,,SDP,"L,0-1",28,28,0,1,0,0,0,0,0,0,6,0,0,0,0,0,0,0,0.266,0.333,0.404,0.737,1,11,R,M.Latos(91)
33,34,34,May 14,,HOU,"W,8-2",41,34,8,12,3,1,0,6,5,0,9,1,1,0,0,1,1,0,0.268,0.337,0.407,0.743,9,13,R,F.Paulino(23)
34,35,35,May 15,,HOU,"W,2-1",31,30,2,7,1,0,1,2,0,0,8,1,0,0,0,0,0,0,0.267,0.335,0.406,0.74,5,10,R,R.Oswalt(64)
35,36,36,May 16,,HOU,"W,4-3",31,28,4,5,1,0,2,3,3,0,7,0,0,0,0,1,1,0,0.265,0.333,0.406,0.739,3,12,R,B.Myers(60)
36,37,37,May 17,@,SDP,"L,1-3",35,30,1,4,1,0,0,1,5,0,9,0,0,0,0,1,0,0,0.262,0.331,0.4,0.731,7,14,L,C.Richard(69)
37,38,38,May 18,@,SDP,"W,7-6",55,52,7,18,2,0,1,7,1,0,12,1,1,0,0,0,0,0,0.265,0.333,0.402,0.735,12,18,R,M.Latos(56)
38,39,39,May 19,@,ARI,"L,1-13",33,30,1,4,3,0,0,1,3,0,11,0,0,0,0,0,0,1,0.262,0.33,0.398,0.728,5,15,R,I.Kennedy(78)
39,40,40,May 20,@,ARI,"L,7-8",42,35,7,11,5,0,2,7,4,1,5,0,1,2,1,0,0,0,0.264,0.331,0.404,0.735,8,16,R,R.Lopez(22)
40,41,41,May 21,@,OAK,"L,1-6",35,34,1,8,3,0,0,1,1,0,4,0,0,0,0,1,0,0,0.263,0.329,0.402,0.731,7,10,R,T.Cahill(61)
41,42,42,May 22,@,OAK,"L,0-1",32,30,0,3,0,0,0,0,2,0,7,0,0,0,0,0,1,0,0.26,0.326,0.396,0.722,5,11,L,G.Gonzalez(82)
42,43,43,May 23,@,OAK,"L,0-3",32,29,0,3,0,0,0,0,3,0,10,0,0,0,0,0,2,1,0.257,0.323,0.39,0.713,5,12,R,B.Sheets(74)
43,44,44,May 25,,WSN,"W,4-2",35,31,4,9,3,0,0,4,2,1,6,0,2,0,0,0,0,0,0.257,0.323,0.39,0.713,7,14,R,L.Hernández(40)
44,45,45,May 26,,WSN,"L,3-7",34,32,3,7,3,1,1,2,1,0,4,0,1,0,0,1,0,0,0.256,0.322,0.392,0.713,4,16,R,L.Atilano(52)
45,46,46,May 27,,WSN,"W,5-4",35,31,5,9,1,0,1,5,4,0,1,0,0,0,1,2,0,1,0.257,0.323,0.392,0.715,6,15,R,C.Stammen(50)
46,47,47,May 28,,ARI,"W,5-0",36,28,5,7,3,0,1,5,6,1,8,0,0,2,0,1,1,0,0.257,0.323,0.393,0.717,7,9,R,E.Jackson(59)
47,48,48,May 29,,ARI,"W,12-1",44,38,12,16,2,0,2,12,5,0,8,0,0,1,0,1,1,0,0.261,0.327,0.399,0.726,8,16,R,B.Buckner(18)
48,49,49,May 30,,ARI,"W,6-5",46,40,6,15,3,0,1,6,4,0,9,0,1,1,0,1,0,0,0.264,0.33,0.402,0.732,11,17,R,I.Kennedy(57)
49,50,50,May 31,,COL,"L,0-4",32,30,0,4,1,0,0,0,2,0,9,0,0,0,0,0,0,1,0.261,0.327,0.398,0.725,5,13,R,U.Jimenez(86)
50,51,51,Jun 1,,COL,"L,1-2",39,39,1,8,1,0,1,1,0,0,11,0,0,0,1,3,0,0,0.26,0.325,0.396,0.72,5,15,R,J.Hammel(61)
51,52,52,Jun 2,,COL,"W,4-1",31,29,4,8,2,0,0,4,2,0,6,0,0,0,0,2,0,1,0.26,0.325,0.395,0.72,3,11,L,J.Francis(39)
52,53,53,Jun 4,@,PIT,"W,6-4",34,34,6,10,2,0,3,5,0,0,8,0,0,0,0,3,0,0,0.261,0.324,0.399,0.723,1,14,L,Z.Duke(33)
53,54,54,Jun 5,@,PIT,"L,3-6",38,36,3,9,4,0,0,3,2,0,4,0,0,0,1,1,1,0,0.261,0.323,0.398,0.722,8,16,L,P.Maholm(54)
54,55,55,Jun 6,@,PIT,"W,6-5",50,38,6,12,4,0,0,6,7,2,4,1,0,4,1,0,5,0,0.262,0.325,0.399,0.724,14,16,R,R.Ohlendorf(43)
55,56,56,Jun 7,@,CIN,"W,6-5",41,37,6,13,1,0,0,6,2,0,7,1,1,0,0,0,0,0,0.264,0.327,0.399,0.725,8,15,R,J.Cueto(40)
56,57,57,Jun 8,@,CIN,"W,3-0",42,35,3,10,2,0,1,3,7,0,6,0,0,0,0,2,0,0,0.264,0.328,0.399,0.727,12,11,R,S.LeCure(57)
57,58,58,Jun 9,@,CIN,"L,3-6",38,35,3,9,2,0,1,3,3,0,5,0,0,0,0,1,0,0,0.264,0.328,0.399,0.727,8,13,R,A.Harang(59)
58,59,59,Jun 10,@,CIN,"L,6-7",46,36,6,13,2,0,2,6,8,0,4,1,1,0,1,3,0,1,0.266,0.331,0.402,0.734,13,17,R,M.Leake(19)
59,60,60,Jun 11,,OAK,"W,6-2",35,30,6,8,1,1,2,5,5,0,6,0,0,0,0,2,0,0,0.266,0.332,0.405,0.737,5,12,L,G.Gonzalez(40)
60,61,61,Jun 12,,OAK,"W,5-4",36,33,5,10,2,1,1,5,3,0,2,0,0,0,1,1,0,1,0.266,0.332,0.407,0.739,7,14,R,B.Sheets(39)
61,62,62,Jun 13,,OAK,"W,6-2",33,31,6,8,1,0,3,6,2,0,2,0,0,0,0,1,0,0,0.266,0.332,0.409,0.741,3,15,R,V.Mazzaro(46)
62,63,63,Jun 14,,BAL,"W,10-2",38,27,10,9,3,1,1,10,8,1,6,0,1,2,0,2,0,0,0.267,0.334,0.412,0.746,4,13,R,C.Tillman(20)
63,64,64,Jun 15,,BAL,"L,1-4",34,30,1,3,0,0,1,1,3,0,5,1,0,0,0,0,0,0,0.265,0.332,0.409,0.741,6,15,R,J.Arrieta(68)
64,65,65,Jun 16,,BAL,"W,6-3",35,31,6,11,4,0,2,6,3,1,2,0,0,1,0,1,0,0,0.266,0.333,0.413,0.746,5,14,R,J.Guthrie(40)
65,66,66,Jun 18,@,TOR,"L,2-3",34,30,2,5,1,0,0,2,3,0,7,1,0,0,0,1,0,0,0.265,0.332,0.41,0.742,5,9,R,B.Morrow(55)
66,67,67,Jun 19,@,TOR,"L,0-3",32,30,0,4,2,0,0,0,1,1,3,1,0,0,0,1,0,0,0.263,0.33,0.407,0.737,5,10,R,J.Litsch(74)
67,68,68,Jun 20,@,TOR,"W,9-6",46,40,9,12,3,1,3,8,6,1,11,0,0,0,2,1,0,0,0.263,0.331,0.411,0.743,10,11,R,S.Marcum(56)
68,69,69,Jun 22,@,HOU,"W,3-1",32,31,3,7,0,0,0,3,1,0,5,0,0,0,1,1,0,2,0.263,0.33,0.409,0.739,2,12,R,R.Oswalt(61)
69,70,70,Jun 23,@,HOU,"L,3-6",40,37,3,8,3,1,0,3,3,1,7,0,0,0,2,1,0,0,0.262,0.33,0.408,0.738,10,17,R,B.Myers(58)
70,71,71,Jun 24,@,HOU,"L,5-7",40,36,5,10,1,0,1,5,1,0,5,3,0,0,3,4,0,0,0.262,0.33,0.408,0.738,8,17,L,W.Rodriguez(62)
71,72,72,Jun 25,,BOS,"W,5-4",39,35,5,12,0,0,1,4,2,0,5,0,1,1,0,0,0,0,0.264,0.33,0.408,0.738,10,14,R,T.Wakefield(42)
72,73,73,Jun 26,,BOS,"L,2-4",36,32,2,6,2,0,0,2,3,0,8,0,0,1,0,0,0,0,0.263,0.329,0.406,0.735,7,13,R,C.Buchholz(52)
73,74,74,Jun 27,,BOS,"L,1-5",33,32,1,5,0,0,0,1,1,0,9,0,0,0,0,0,2,0,0.261,0.328,0.403,0.73,5,17,L,J.Lester(81)
74,75,75,Jun 28,,LAD,"L,2-4",34,31,2,9,1,0,0,2,3,0,4,0,0,0,0,3,1,1,0.262,0.328,0.402,0.73,5,16,R,C.Billingsley(55)
75,76,76,Jun 29,,LAD,"L,2-4",36,32,2,8,1,0,1,2,3,0,6,0,0,1,1,2,0,0,0.261,0.328,0.401,0.729,7,18,R,J.Ely(65)
76,77,77,Jun 30,,LAD,"L,2-8",35,32,2,7,0,0,1,2,1,0,6,0,1,1,1,1,0,0,0.261,0.326,0.4,0.727,6,15,R,V.Padilla(71)
77,78,78,Jul 1,@,COL,"L,3-7",36,35,3,7,1,0,1,3,1,0,8,0,0,0,0,0,1,0,0.26,0.325,0.399,0.724,6,13,R,A.Cook(50)
78,79,79,Jul 2,@,COL,"L,3-6",33,31,3,5,1,0,2,3,2,0,7,0,0,0,0,1,0,0,0.259,0.324,0.399,0.723,3,13,R,J.Chacin(53)
79,80,80,Jul 3,@,COL,"W,11-8",40,34,11,10,1,1,2,10,4,0,8,0,1,1,0,1,1,0,0.259,0.324,0.401,0.725,2,16,R,U.Jimenez(35)
80,81,81,Jul 4,@,COL,"L,3-4",59,55,3,12,0,1,2,3,3,1,14,0,1,0,1,1,1,1,0.259,0.323,0.4,0.723,11,21,R,J.Hammel(62)
81,82,82,Jul 5,@,MIL,"W,6-1",40,37,6,10,2,0,1,5,3,0,5,0,0,0,1,1,0,0,0.259,0.323,0.4,0.724,7,15,R,D.Bush(61)
82,83,83,Jul 6,@,MIL,"W,6-1",40,34,6,6,0,0,0,5,4,2,11,1,0,1,2,0,2,0,0.258,0.323,0.398,0.72,7,12,L,R.Wolf(61)
83,84,84,Jul 7,@,MIL,"W,15-2",50,45,15,18,1,1,4,15,4,0,6,0,1,0,1,0,0,0,0.26,0.324,0.403,0.727,8,14,L,C.Narveson(5)
84,85,85,Jul 8,@,MIL,"W,9-3",47,38,9,16,1,0,3,9,5,0,8,0,3,1,1,1,0,1,0.262,0.327,0.407,0.733,11,17,L,M.Parra(30)
85,86,86,Jul 9,@,WSN,"L,1-8",32,31,1,4,1,0,1,1,1,0,11,0,0,0,0,0,0,0,0.261,0.325,0.405,0.73,4,13,R,S.Strasburg(69)
86,87,87,Jul 10,@,WSN,"W,10-5",43,34,10,11,3,0,2,10,7,1,8,1,0,1,0,3,0,0,0.261,0.326,0.407,0.734,6,16,R,C.Stammen(40)
87,88,88,Jul 11,@,WSN,"W,6-2",37,32,6,7,0,1,0,6,3,0,7,0,1,1,0,0,0,0,0.261,0.326,0.406,0.732,4,14,R,L.Hernández(39)
88,89,89,Jul 15,,NYM,"W,2-0",32,30,2,7,1,0,0,2,2,1,3,0,0,0,0,1,0,0,0.261,0.325,0.404,0.73,6,10,R,R.Dickey(65)
89,90,90,Jul 16,,NYM,"W,1-0",31,27,1,7,2,0,0,1,3,0,4,0,1,0,0,3,0,0,0.261,0.326,0.404,0.729,6,12,L,J.Niese(62)
90,91,91,Jul 17,,NYM,"W,8-4",39,34,8,12,4,0,2,8,3,1,9,1,1,0,0,0,0,0,0.262,0.327,0.406,0.733,7,15,L,H.Takahashi(21)
91,92,92,Jul 18,,NYM,"L,3-4",44,39,3,12,4,0,0,3,3,1,6,0,1,1,0,1,1,0,0.262,0.327,0.407,0.733,11,16,L,J.Santana(66)
92,93,93,Jul 19,@,LAD,"W,5-2",41,36,5,11,2,0,1,5,4,0,7,0,0,1,0,0,0,0,0.263,0.327,0.407,0.734,9,14,R,J.McDonald(36)
93,94,94,Jul 20,@,LAD,"W,7-5",41,31,7,7,3,0,0,7,5,2,7,2,2,1,1,1,0,0,0.262,0.328,0.406,0.734,7,16,L,C.Kershaw(56)
94,95,95,Jul 21,@,LAD,"L,0-2",34,31,0,5,2,0,0,0,2,0,3,0,1,0,0,0,0,0,0.261,0.327,0.404,0.731,7,10,R,C.Billingsley(78)
95,96,96,Jul 22,@,ARI,"W,3-0",35,33,3,7,1,0,1,3,1,0,8,0,1,0,1,1,2,0,0.261,0.326,0.404,0.729,5,11,R,R.Lopez(61)
96,97,97,Jul 23,@,ARI,"W,7-4",43,37,7,11,2,1,2,6,4,0,8,0,2,0,2,1,0,0,0.261,0.326,0.406,0.732,9,14,R,E.Jackson(38)
97,98,98,Jul 24,@,ARI,"W,10-4",44,37,10,11,2,0,1,10,6,0,8,0,1,0,0,0,0,0,0.262,0.327,0.406,0.733,7,13,R,I.Kennedy(49)
98,99,99,Jul 25,@,ARI,"W,3-2",44,37,3,11,4,0,0,3,6,2,7,0,1,0,0,2,1,1,0.262,0.328,0.406,0.734,11,13,R,B.Enright(47)
99,100,100,Jul 26,,FLA,"L,3-4",38,35,3,9,0,0,1,3,2,0,11,0,1,0,1,0,0,1,0.262,0.328,0.405,0.733,8,15,R,R.Nolasco(67)
100,101,101,Jul 27,,FLA,"W,6-4",37,34,6,11,3,0,2,6,3,0,6,0,0,0,1,0,1,0,0.263,0.328,0.407,0.735,7,13,R,J.Johnson(51)
101,102,102,Jul 28,,FLA,"W,10-9",46,44,10,17,0,1,1,9,2,1,5,0,0,0,0,0,0,0,0.264,0.329,0.408,0.737,8,15,R,A.Sanabia(10)
102,103,103,Jul 29,,FLA,"L,0-5",29,28,0,1,0,0,0,0,1,0,8,0,0,0,1,1,0,0,0.262,0.327,0.405,0.732,2,13,R,A.Sanchez(92)
103,104,104,Jul 30,,LAD,"W,6-5",34,33,6,10,3,0,2,6,1,1,4,0,0,0,0,1,1,0,0.263,0.327,0.407,0.734,4,15,R,C.Monasterios(40)
104,105,105,Jul 31,,LAD,"W,2-1",33,27,2,5,2,0,1,2,2,1,6,3,1,0,1,1,0,0,0.262,0.327,0.407,0.733,7,13,R,C.Billingsley(73)
105,106,106,Aug 1,,LAD,"W,2-0",36,31,2,6,2,1,0,2,5,3,6,0,0,0,2,0,1,1,0.262,0.327,0.406,0.733,10,13,L,C.Kershaw(59)
106,107,107,Aug 3,@,COL,"W,10-0",49,43,10,19,4,0,3,10,5,1,5,0,1,0,0,0,0,1,0.264,0.329,0.41,0.739,12,16,R,A.Cook(23)
107,108,108,Aug 4,@,COL,"L,1-6",33,31,1,5,2,0,0,1,2,0,14,0,0,0,0,0,0,1,0.263,0.328,0.408,0.736,5,15,R,U.Jimenez(72)
108,109,109,Aug 5,@,ATL,"L,2-3",38,35,2,8,5,0,0,2,3,0,6,0,0,0,0,0,0,0,0.263,0.327,0.408,0.735,9,11,R,J.Jurrjens(50)
109,110,110,Aug 6,@,ATL,"W,3-2",44,33,3,4,1,0,0,3,8,3,4,1,1,1,2,3,2,1,0.261,0.327,0.406,0.733,8,15,R,T.Hanson(68)
110,111,111,Aug 7,@,ATL,"L,0-3",30,28,0,3,1,0,0,0,1,0,9,1,0,0,0,2,0,0,0.26,0.326,0.404,0.73,3,14,R,T.Hudson(81)
111,112,112,Aug 8,@,ATL,"L,3-6",35,33,3,8,3,0,1,2,1,0,7,1,0,0,1,2,0,0,0.26,0.326,0.404,0.73,5,17,R,D.Lowe(51)
112,113,113,Aug 9,,CHC,"W,4-3",50,37,4,11,4,0,0,3,11,1,8,0,1,1,0,1,0,0,0.26,0.327,0.404,0.731,15,19,R,C.Zambrano(47)
113,114,114,Aug 10,,CHC,"L,6-8",44,40,6,13,2,0,0,4,3,0,6,0,1,0,3,2,0,0,0.261,0.328,0.404,0.731,11,16,R,R.Dempster(49)
114,115,115,Aug 11,,CHC,"W,5-4",36,33,5,10,2,1,2,5,2,0,7,0,1,0,0,0,2,0,0.261,0.328,0.405,0.733,7,12,L,T.Gorzelanny(44)
115,116,116,Aug 12,,CHC,"W,8-7",41,34,8,11,1,1,3,8,5,1,6,0,2,0,1,1,1,0,0.262,0.328,0.408,0.736,8,17,R,R.Wells(24)
116,117,117,Aug 13,,SDP,"L,2-3",35,32,2,7,1,0,0,2,3,0,4,0,0,0,0,1,0,1,0.262,0.328,0.406,0.734,6,15,L,C.Richard(51)
117,118,118,Aug 14,,SDP,"W,3-2",43,39,3,9,4,0,1,3,3,2,11,0,1,0,1,0,0,0,0.261,0.328,0.406,0.734,10,16,R,M.Latos(67)
118,119,119,Aug 15,,SDP,"L,2-8",31,29,2,4,1,0,1,2,2,0,10,0,0,0,0,1,0,0,0.26,0.327,0.405,0.732,2,13,L,W.LeBlanc(66)
119,120,120,Aug 17,@,PHI,"L,3-9",34,34,3,7,1,0,2,2,0,0,10,0,0,0,0,1,0,0,0.26,0.326,0.405,0.731,4,13,R,R.Oswalt(60)
120,121,121,Aug 18,@,PHI,"L,2-8",34,34,2,8,0,0,2,2,0,0,8,0,0,0,0,1,0,0,0.26,0.325,0.406,0.731,5,12,R,J.Blanton(56)
121,122,122,Aug 19,@,PHI,"W,5-2",34,33,5,8,2,0,1,5,1,0,9,0,0,0,0,2,0,0,0.26,0.325,0.405,0.73,2,13,L,C.Hamels(37)
122,123,123,Aug 20,@,STL,"W,6-3",45,40,6,13,3,0,2,6,5,0,10,0,0,0,0,0,0,0,0.26,0.326,0.407,0.732,12,14,R,J.Westbrook(51)
123,124,124,Aug 21,@,STL,"L,1-5",37,35,1,8,1,0,0,1,2,0,6,0,0,0,0,0,0,0,0.26,0.325,0.406,0.731,9,14,R,C.Carpenter(66)
124,125,125,Aug 22,@,STL,"L,0-9",28,28,0,3,0,0,0,0,0,0,6,0,0,0,0,2,0,0,0.259,0.324,0.404,0.727,1,15,L,J.Garcia(87)
125,126,126,Aug 23,,CIN,"W,11-2",45,40,11,17,5,0,2,11,4,0,6,0,1,0,1,1,0,0,0.261,0.325,0.406,0.732,10,13,R,E.Volquez(20)
126,127,127,Aug 24,,CIN,"W,16-5",45,41,16,18,3,0,4,16,3,0,7,1,0,0,1,2,0,0,0.262,0.327,0.41,0.737,5,17,L,T.Wood(21)
127,128,128,Aug 25,,CIN,"L,11-12",55,52,11,18,2,0,1,10,2,0,10,0,0,1,0,1,1,0,0.263,0.327,0.411,0.738,8,20,R,H.Bailey(32)
128,129,129,Aug 27,,ARI,"L,0-6",36,32,0,7,0,0,0,0,3,0,7,0,1,0,0,1,0,0,0.263,0.327,0.409,0.736,9,16,R,B.Enright(67)
129,130,130,Aug 28,,ARI,"L,3-11",36,31,3,4,1,1,1,3,3,0,7,2,0,0,1,1,0,0,0.262,0.326,0.409,0.735,6,15,R,D.Hudson(65)
130,131,131,Aug 29,,ARI,"W,9-7",40,36,9,13,5,0,0,9,3,1,6,0,0,1,0,0,0,0,0.263,0.327,0.409,0.736,7,15,R,R.Lopez(28)
131,132,132,Aug 30,,COL,"L,1-2",32,28,1,4,1,0,0,1,4,0,11,0,0,0,0,3,0,0,0.262,0.326,0.408,0.734,4,11,L,J.De La Rosa(70)
132,133,133,Aug 31,,COL,"W,5-2",36,30,5,7,3,0,1,4,5,2,7,1,0,0,0,1,0,0,0.262,0.327,0.408,0.735,7,16,R,E.Rogers(57)
133,134,134,Sep 1,,COL,"W,2-1",30,26,2,4,0,0,0,1,3,0,10,0,1,0,1,1,0,1,0.261,0.326,0.407,0.733,4,13,R,U.Jimenez(73)
134,135,135,Sep 3,@,LAD,"L,2-4",32,30,2,2,0,0,0,2,2,0,7,0,0,0,1,0,0,0,0.26,0.325,0.404,0.729,3,14,R,C.Billingsley(79)
135,136,136,Sep 4,@,LAD,"W,5-4",37,33,5,7,1,0,4,5,3,0,9,0,1,0,0,0,1,0,0.26,0.325,0.406,0.73,5,16,L,T.Lilly(68)
136,137,137,Sep 5,@,LAD,"W,3-0",35,31,3,6,2,0,1,3,3,2,8,0,0,1,0,1,0,0,0.259,0.324,0.405,0.73,5,15,R,H.Kuroda(63)
137,138,138,Sep 6,@,ARI,"W,2-0",42,38,2,8,0,1,0,2,2,0,8,1,1,0,0,1,0,0,0.259,0.324,0.404,0.728,7,18,R,I.Kennedy(82)
138,139,139,Sep 7,@,ARI,"W,6-3",37,36,6,9,4,0,3,6,1,0,2,0,0,0,0,0,0,0,0.259,0.323,0.406,0.729,4,16,R,B.Enright(31)
139,140,140,Sep 8,@,ARI,"L,1-3",35,33,1,7,1,0,1,1,2,0,4,0,0,0,0,1,1,0,0.258,0.323,0.405,0.728,7,15,R,D.Hudson(64)
140,141,141,Sep 9,@,SDP,"W,7-3",41,37,7,13,1,1,4,7,4,0,6,0,0,0,0,3,1,0,0.259,0.324,0.408,0.732,7,14,R,J.Garland(26)
141,142,142,Sep 10,@,SDP,"W,1-0",36,34,1,7,1,0,0,1,1,0,7,1,0,0,1,1,1,0,0.259,0.323,0.407,0.73,8,18,L,C.Richard(66)
142,143,143,Sep 11,@,SDP,"L,0-1",31,28,0,3,1,0,0,0,2,0,10,1,0,0,0,1,0,1,0.258,0.322,0.405,0.728,4,13,R,T.Stauffer(69)
143,144,144,Sep 12,@,SDP,"W,6-1",41,37,6,11,2,0,1,5,3,0,10,0,0,1,1,0,0,0,0.258,0.322,0.406,0.728,8,16,R,M.Latos(30)
144,145,145,Sep 14,,LAD,"L,0-1",30,30,0,4,1,0,0,0,0,0,4,0,0,0,0,1,0,0,0.257,0.321,0.404,0.726,3,16,L,C.Kershaw(83)
145,146,146,Sep 15,,LAD,"W,2-1",35,31,2,7,2,0,0,2,3,1,8,0,1,0,1,0,0,1,0.257,0.321,0.403,0.725,9,13,R,C.Billingsley(66)
146,147,147,Sep 16,,LAD,"W,10-2",41,38,10,15,3,2,3,10,1,0,8,2,0,0,0,1,0,0,0.258,0.322,0.407,0.729,7,16,L,T.Lilly(25)
147,148,148,Sep 17,,MIL,"L,0-3",30,28,0,3,0,0,0,0,2,0,6,0,0,0,0,2,0,0,0.257,0.321,0.405,0.726,3,16,L,R.Wolf(85)
148,149,149,Sep 18,,MIL,"L,1-2",32,30,1,5,0,0,0,1,1,0,9,0,1,0,0,0,0,1,0.257,0.321,0.403,0.724,4,15,R,Y.Gallardo(68)
149,150,150,Sep 19,,MIL,"W,9-2",41,34,9,10,2,0,2,9,7,0,5,0,0,0,0,0,0,0,0.257,0.321,0.404,0.726,8,18,L,C.Narveson(29)
150,151,151,Sep 21,@,CHC,"W,1-0",36,29,1,5,0,0,1,1,5,0,9,1,1,0,0,1,0,1,0.257,0.321,0.404,0.725,8,15,R,C.Zambrano(69)
151,152,152,Sep 22,@,CHC,"L,0-2",33,31,0,6,3,0,0,0,2,0,10,0,0,0,0,1,0,0,0.256,0.321,0.403,0.724,6,14,R,R.Wells(72)
152,153,153,Sep 23,@,CHC,"W,13-0",48,43,13,19,2,0,4,11,3,0,5,2,0,0,0,3,0,0,0.258,0.322,0.406,0.728,8,18,R,R.Dempster(5)
153,154,154,Sep 24,@,COL,"W,2-1",32,28,2,3,0,0,1,2,3,0,10,0,1,0,0,0,0,0,0.257,0.322,0.405,0.726,3,13,R,J.Chacin(68)
154,155,155,Sep 25,@,COL,"L,9-10",46,44,9,15,2,0,4,8,1,0,4,0,1,0,0,0,0,0,0.258,0.322,0.407,0.729,7,21,R,J.Hammel(37)
155,156,156,Sep 26,@,COL,"W,4-2",37,31,4,6,2,0,2,4,5,1,10,0,0,1,0,2,0,0,0.257,0.322,0.407,0.729,6,12,L,J.De La Rosa(51)
156,157,157,Sep 28,,ARI,"W,4-2",37,33,4,10,2,1,1,4,3,1,6,0,1,0,0,0,0,0,0.258,0.322,0.408,0.73,9,17,R,R.Lopez(41)
157,158,158,Sep 29,,ARI,"W,3-1",31,29,3,5,0,0,1,3,2,0,7,0,0,0,0,0,1,0,0.257,0.321,0.407,0.729,4,14,R,I.Kennedy(47)
158,159,159,Sep 30,,ARI,"W,4-1",32,30,4,6,0,0,3,4,2,0,3,0,0,0,0,0,2,0,0.257,0.321,0.408,0.729,4,17,R,B.Enright(42)
159,160,160,Oct 1,,SDP,"L,4-6",40,36,4,11,3,0,1,4,4,0,3,0,0,0,0,1,1,0,0.257,0.321,0.408,0.73,9,17,L,C.Richard(41)
160,161,161,Oct 2,,SDP,"L,2-4",35,32,2,6,2,0,1,2,2,0,6,1,0,0,1,2,0,0,0.257,0.321,0.408,0.729,6,17,R,T.Stauffer(65)
161,162,162,Oct 3,,SDP,"W,3-0",35,34,3,11,1,1,1,3,1,0,4,0,0,0,0,1,0,0,0.257,0.321,0.408,0.729,8,18,R,M.Latos(52)
