,Rk,Gtm,Date,Unnamed: 3,Opp,Rslt,PA,AB,R,H,2B,3B,HR,RBI,BB,IBB,SO,HBP,SH,SF,ROE,GDP,SB,CS,BA,OBP,SLG,OPS,LOB,#,Thr,Opp. Starter (GmeSc)
0,1,1,Apr 3,@,ANA,"W,3-2",35,32,3,6,0,0,2,3,3,0,3,0,0,0,1,0,0,2,0.188,0.257,0.375,0.632,5,10,R,K.Hill(51)
1,2,2,Apr 4,@,ANA,"W,5-3",41,35,5,9,2,1,1,5,6,2,7,0,0,0,1,2,1,0,0.224,0.316,0.418,0.734,9,10,R,K.Bottenfield(52)
2,3,3,Apr 5,@,ANA,"L,6-12",40,40,6,13,3,0,2,6,0,0,5,0,0,0,2,2,1,0,0.262,0.319,0.467,0.786,7,11,L,S.Schoeneweis(36)
3,4,4,Apr 7,@,SEA,"L,5-7",35,35,5,9,4,0,2,4,0,0,8,0,0,0,0,1,0,0,0.261,0.305,0.486,0.791,3,12,L,J.Halama(52)
4,5,5,Apr 8,@,SEA,"W,3-2",40,34,3,10,2,0,2,3,5,1,7,0,1,0,0,1,1,0,0.267,0.321,0.494,0.815,10,10,R,G.Meche(52)
5,6,6,Apr 9,@,SEA,"L,3-9",30,29,3,3,2,0,1,3,0,0,5,0,0,1,0,0,0,0,0.244,0.291,0.463,0.754,0,9,L,J.Moyer(68)
6,7,7,Apr 12,,TEX,"W,8-6",40,38,8,13,2,1,1,7,2,0,7,0,0,0,1,0,1,0,0.259,0.304,0.473,0.777,8,12,L,D.Oliver(38)
7,8,8,Apr 13,,TEX,"W,5-1",34,31,5,8,0,1,0,5,3,0,4,0,0,0,1,1,1,0,0.259,0.306,0.456,0.762,5,11,L,K.Rogers(47)
8,9,9,Apr 14,,KCR,"W,7-5",43,32,7,10,3,0,1,7,11,1,8,0,0,0,0,0,3,1,0.265,0.329,0.461,0.79,12,11,R,J.Witasick(30)
9,10,10,Apr 15,,KCR,"W,7-1",38,34,7,11,0,0,3,6,0,0,8,4,0,0,1,1,0,1,0.271,0.336,0.474,0.81,7,9,L,J.Rosado(43)
10,11,11,Apr 16,,KCR,"W,8-4",40,33,8,10,2,0,1,7,6,1,7,1,0,0,1,1,2,0,0.273,0.345,0.472,0.816,8,10,R,C.Durbin(52)
11,12,12,Apr 17,@,TEX,"W,5-4",42,40,5,8,0,0,2,5,2,0,9,0,0,0,1,1,1,1,0.266,0.335,0.46,0.795,4,10,L,D.Oliver(75)
12,13,13,Apr 18,@,TEX,"W,6-3",41,36,6,11,3,0,2,5,4,0,1,1,0,0,0,1,0,1,0.269,0.339,0.468,0.807,8,10,L,K.Rogers(30)
13,14,14,Apr 19,@,TEX,"W,5-4",47,42,5,12,3,0,2,5,4,0,11,0,0,1,2,0,3,0,0.271,0.339,0.47,0.81,12,11,R,R.Helling(56)
14,15,15,Apr 21,@,TOR,"L,3-8",32,30,3,5,1,0,0,3,0,0,3,2,0,0,0,1,0,1,0.265,0.333,0.455,0.788,2,9,R,C.Carpenter(68)
15,16,16,Apr 22,@,TOR,"L,2-8",34,34,2,9,0,1,0,2,0,0,4,0,0,0,0,2,0,0,0.265,0.329,0.447,0.776,5,11,R,K.Escobar(65)
16,17,17,Apr 23,@,TOR,"W,10-7",44,41,10,15,2,0,4,10,3,0,8,0,0,0,0,1,2,0,0.272,0.334,0.465,0.799,7,10,R,F.Castillo(39)
17,18,18,Apr 24,,MIN,"L,3-7",37,31,3,5,0,0,0,3,4,0,10,1,0,1,0,0,0,0,0.266,0.331,0.45,0.781,7,11,L,E.Milton(55)
18,19,19,Apr 25,,MIN,"L,1-6",37,30,1,7,0,0,0,1,6,0,8,0,0,1,0,2,1,0,0.265,0.332,0.44,0.772,9,10,R,S.Bergman(58)
19,20,20,Apr 26,,MIN,"W,2-0",33,29,2,6,1,0,2,2,4,0,4,0,0,0,0,1,0,0,0.262,0.331,0.44,0.771,7,12,R,J.Mays(55)
20,21,21,Apr 28,,TOR,"W,6-0",37,31,6,8,1,1,1,6,4,1,5,1,0,1,2,1,1,0,0.262,0.332,0.441,0.772,7,9,R,K.Escobar(44)
21,22,22,Apr 29,,TOR,"L,2-6",36,35,2,11,2,0,0,1,1,0,1,0,0,0,0,2,1,1,0.265,0.332,0.438,0.769,7,10,L,D.Wells(53)
22,23,23,Apr 30,,TOR,"W,7-1",37,33,7,12,3,1,1,7,3,0,7,0,1,0,0,1,0,1,0.269,0.335,0.445,0.78,6,10,R,R.Halladay(29)
23,24,24,May 1,@,CLE,"W,2-1",35,31,2,8,3,0,0,2,4,1,5,0,0,0,0,2,0,2,0.268,0.336,0.441,0.777,6,11,R,J.Wright(64)
24,25,25,May 2,@,CLE,"W,4-2",36,34,4,10,2,0,2,4,2,1,7,0,0,0,0,0,0,1,0.269,0.335,0.445,0.78,5,10,R,B.Witt(35)
25,26,26,May 3,@,CLE,"W,6-5",39,36,6,9,2,2,1,6,3,0,10,0,0,0,0,0,1,0,0.269,0.334,0.447,0.781,6,9,R,D.Burba(69)
26,27,27,May 5,,BAL,"W,12-10",42,38,12,16,2,0,3,12,2,0,2,1,0,1,0,0,0,0,0.275,0.339,0.458,0.797,6,10,R,S.Erickson(36)
27,28,28,May 6,,BAL,"W,3-1",34,29,3,6,5,0,0,3,4,1,5,0,0,1,0,0,0,0,0.273,0.338,0.455,0.793,7,9,R,P.Rapp(56)
28,29,29,May 7,,BAL,"L,6-7",44,35,6,10,3,1,1,6,8,1,5,0,1,0,0,0,0,1,0.273,0.341,0.457,0.798,11,11,R,S.Ponson(53)
29,30,30,May 8,,TBD,"W,6-3",34,29,6,8,0,0,3,6,5,0,5,0,0,0,0,2,1,1,0.273,0.342,0.461,0.803,4,9,R,D.Gooden(27)
30,31,31,May 9,,TBD,"W,4-3",39,33,4,7,2,0,2,4,6,1,4,0,0,0,0,1,0,1,0.271,0.342,0.461,0.803,7,9,R,E.Yan(54)
31,32,32,May 11,,TBD,"L,0-1",33,31,0,4,1,0,0,0,2,0,5,0,0,0,0,0,0,0,0.267,0.337,0.452,0.79,6,12,R,S.Trachsel(74)
32,33,33,May 12,@,DET,"L,7-9",41,38,7,12,2,1,1,7,3,0,3,0,0,0,0,1,0,0,0.269,0.338,0.454,0.792,7,11,L,C.Nitkowski(47)
33,34,34,May 13,@,DET,"L,3-6",36,34,3,8,0,0,0,3,2,0,6,0,0,0,2,2,0,1,0.268,0.337,0.448,0.784,6,10,R,J.Weaver(55)
34,35,35,May 14,@,DET,"L,1-2",35,32,1,5,0,0,0,1,3,0,4,0,0,0,0,0,0,0,0.265,0.334,0.44,0.774,7,11,R,D.Mlicki(73)
35,36,36,May 16,,CHW,"L,0-4",35,29,0,3,0,0,0,0,5,0,6,1,0,0,0,1,1,0,0.261,0.332,0.432,0.763,8,11,R,C.Eldred(66)
36,37,37,May 17,,CHW,"W,9-4",45,39,9,15,4,1,2,7,4,0,2,1,0,1,2,1,0,0,0.265,0.335,0.44,0.775,12,11,L,J.Parque(29)
37,38,38,May 19,@,CLE,"W,11-7",48,40,11,14,3,0,2,11,8,0,8,0,0,0,0,1,1,0,0.268,0.34,0.444,0.783,10,9,R,D.Burba(20)
38,39,39,May 20,@,CLE,"L,2-3",40,34,2,9,3,0,0,2,5,0,10,0,0,1,0,0,2,0,0.268,0.34,0.442,0.781,11,11,L,C.Finley(51)
39,40,40,May 21,@,CLE,"L,1-6",32,28,1,4,1,0,0,0,4,0,3,0,0,0,0,3,0,0,0.265,0.338,0.436,0.774,4,10,R,P.Rigdon(71)
40,41,41,May 23,@,CHW,"L,2-8",38,34,2,9,0,0,0,2,4,0,9,0,0,0,0,2,2,0,0.265,0.338,0.432,0.77,9,9,R,K.Wells(52)
41,42,42,May 24,@,CHW,"W,12-4",48,43,12,18,2,0,1,11,4,0,10,0,0,1,1,1,0,0,0.27,0.342,0.435,0.777,9,13,L,M.Sirotka(51)
42,43,43,May 25,@,CHW,"W,7-0",40,38,7,12,2,0,2,7,2,1,5,0,0,0,0,1,1,0,0.271,0.342,0.437,0.779,6,10,R,J.Baldwin(22)
43,44,44,May 26,,BOS,"L,1-4",35,34,1,8,2,0,1,1,0,0,7,1,0,0,0,0,0,0,0.27,0.34,0.436,0.776,7,12,R,R.Martinez(66)
44,45,45,May 27,,BOS,"W,8-3",37,33,8,11,0,0,4,8,2,0,4,2,0,0,0,1,3,0,0.271,0.341,0.442,0.783,5,10,R,B.Rose(40)
45,46,46,May 28,,BOS,"L,0-2",33,30,0,4,1,0,0,0,1,0,9,2,0,0,0,1,2,0,0.269,0.339,0.437,0.776,6,9,R,P.Martinez(87)
46,47,47,May 29,,OAK,"W,4-1",33,29,4,6,1,1,1,4,2,0,3,2,0,0,1,0,0,0,0.268,0.338,0.436,0.774,5,9,R,O.Olivares(55)
47,48,48,May 30,,OAK,"L,4-7",42,36,4,10,2,0,3,4,6,1,7,0,0,0,0,1,0,0,0.268,0.339,0.439,0.779,11,9,R,K.Appier(32)
48,49,49,May 31,,OAK,"L,7-8",41,36,7,11,3,1,2,7,5,1,6,0,0,0,0,0,0,1,0.269,0.34,0.443,0.784,7,11,R,G.Heredia(31)
49,50,50,Jun 2,@,ATL,"W,5-2",40,36,5,10,3,0,1,5,3,0,8,1,0,0,0,1,0,0,0.269,0.341,0.443,0.784,8,12,R,K.Millwood(54)
50,51,51,Jun 3,@,ATL,"L,7-11",48,40,7,13,2,0,1,6,7,1,7,1,0,0,0,0,4,0,0.27,0.343,0.443,0.786,14,16,R,G.Maddux(17)
51,52,52,Jun 4,@,ATL,"W,7-6",47,43,7,16,3,0,2,7,3,0,6,0,0,1,1,0,1,0,0.273,0.345,0.447,0.791,13,14,L,T.Mulholland(21)
52,53,53,Jun 5,@,MON,"L,4-6",44,37,4,13,2,0,1,4,6,0,7,0,0,1,0,1,0,0,0.274,0.346,0.447,0.794,13,11,R,D.Hermanson(35)
53,54,54,Jun 6,@,MON,"W,8-1",46,36,8,13,2,0,2,8,7,1,9,1,1,1,0,1,2,1,0.276,0.349,0.45,0.799,11,14,R,J.Vazquez(53)
54,55,55,Jun 7,@,MON,"W,7-2",41,36,7,9,0,1,1,7,3,0,5,1,1,0,1,0,5,0,0.275,0.349,0.449,0.797,7,11,R,C.Pavano(28)
55,56,56,Jun 9,,NYM,"L,2-12",37,33,2,8,1,0,0,2,3,0,4,0,0,1,0,1,1,0,0.275,0.348,0.446,0.793,8,12,L,A.Leiter(56)
56,57,57,Jun 10,,NYM,"W,13-5",43,41,13,17,5,0,3,13,2,0,5,0,0,0,0,0,1,0,0.278,0.349,0.452,0.802,6,10,R,B.Jones(20)
57,58,58,Jun 13,,BOS,"L,3-5",39,31,3,6,4,0,0,3,8,1,6,0,0,0,1,1,2,1,0.276,0.35,0.45,0.8,9,10,R,B.Rose(36)
58,59,59,Jun 14,,BOS,"W,2-1",33,30,2,8,4,0,1,2,2,0,10,1,0,0,0,1,0,0,0.276,0.349,0.451,0.8,7,9,R,P.Martinez(61)
59,60,60,Jun 15,,CHW,"L,3-12",39,37,3,12,1,0,0,3,2,0,7,0,0,0,0,1,1,0,0.277,0.35,0.449,0.799,9,13,L,M.Sirotka(39)
60,61,61,Jun 16,,CHW,"L,1-3",34,32,1,6,0,0,1,1,2,0,6,0,0,0,0,1,2,0,0.276,0.348,0.447,0.795,6,10,R,J.Baldwin(65)
61,62,62,Jun 17,,CHW,"L,9-10",45,41,9,15,3,0,1,9,4,0,9,0,0,0,0,1,1,0,0.277,0.349,0.448,0.797,9,9,R,C.Eldred(42)
62,63,63,Jun 18,,CHW,"L,4-17",39,36,4,10,1,0,1,4,3,0,7,0,0,0,0,1,0,0,0.277,0.349,0.447,0.796,8,14,L,J.Parque(39)
63,64,64,Jun 19,@,BOS,"W,22-1",55,47,22,19,4,1,5,21,7,1,4,0,0,1,2,0,1,0,0.28,0.352,0.455,0.807,6,13,R,B.Rose(37)
64,65,65,Jun 20,@,BOS,"W,3-0",36,33,3,5,0,0,3,3,2,0,11,1,0,0,2,0,0,0,0.278,0.35,0.455,0.805,6,11,R,P.Martinez(68)
65,66,66,Jun 21,@,BOS,"L,7-9",41,36,7,10,1,0,1,6,4,1,7,0,0,1,1,0,0,0,0.278,0.35,0.454,0.804,7,11,L,P.Schourek(51)
66,67,67,Jun 22,@,BOS,"L,2-4",34,32,2,5,1,0,1,2,2,0,7,0,0,0,0,0,1,0,0.277,0.348,0.452,0.8,5,9,R,R.Martinez(63)
67,68,68,Jun 23,@,CHW,"L,3-4",41,36,3,11,3,0,1,3,3,1,8,2,0,0,0,1,1,1,0.277,0.349,0.452,0.801,11,9,L,J.Parque(60)
68,69,69,Jun 24,@,CHW,"W,12-8",46,40,12,16,6,0,0,11,3,0,7,1,0,2,1,1,0,0,0.279,0.35,0.454,0.804,7,12,R,K.Wells(24)
69,70,70,Jun 25,@,CHW,"L,7-8",36,35,7,10,0,0,1,6,0,0,7,1,0,0,0,1,1,1,0.279,0.349,0.452,0.802,2,12,L,M.Sirotka(73)
70,71,71,Jun 27,@,DET,"L,6-7",51,43,6,15,1,0,0,5,7,0,8,0,0,1,0,3,0,1,0.28,0.351,0.451,0.802,12,10,R,H.Nomo(36)
71,72,72,Jun 28,@,DET,"L,6-13",39,38,6,11,3,0,1,6,1,0,3,0,0,0,1,1,0,0,0.28,0.35,0.451,0.801,6,10,R,W.Blair(45)
72,73,73,Jun 29,@,DET,"W,8-0",42,38,8,14,3,1,0,8,1,1,3,0,0,3,1,1,0,0,0.282,0.35,0.452,0.802,7,9,R,D.Mlicki(16)
73,74,74,Jun 30,@,TBD,"L,4-6",36,32,4,7,2,0,1,4,2,0,4,0,0,1,0,1,0,0,0.281,0.349,0.451,0.8,5,9,R,B.Rekar(62)
74,75,75,Jul 1,@,TBD,"W,6-1",44,39,6,12,5,1,0,6,5,2,9,0,0,0,0,0,1,0,0.281,0.35,0.451,0.801,11,10,R,A.Lopez(44)
75,76,76,Jul 2,@,TBD,"W,5-2",39,34,5,10,0,0,1,5,4,0,4,0,1,0,0,0,0,1,0.282,0.35,0.45,0.801,7,9,R,S.Trachsel(30)
76,77,77,Jul 4,,BAL,"L,6-7",39,35,6,10,3,0,1,5,3,0,4,1,0,0,0,1,0,0,0.282,0.35,0.45,0.801,6,10,R,S.Erickson(54)
77,78,78,Jul 5,,BAL,"W,12-6",41,35,12,13,4,0,2,12,5,1,2,1,0,0,0,2,1,0,0.283,0.352,0.453,0.805,5,10,R,P.Rapp(25)
78,79,79,Jul 6,,BAL,"W,13-9",43,34,13,10,2,0,4,13,9,0,6,0,0,0,1,0,1,0,0.283,0.353,0.456,0.809,6,10,R,S.Ponson(20)
79,80,80,Jul 7,@,NYM,"W,2-1",32,31,2,6,0,0,0,2,1,0,8,0,0,0,0,0,0,2,0.282,0.352,0.453,0.805,3,11,L,A.Leiter(69)
80,81,81,Jul 8 (1),@,NYM,"W,4-2",39,33,4,6,2,0,1,4,6,1,6,0,0,0,0,0,0,0,0.281,0.351,0.452,0.803,8,14,R,B.Jones(57)
81,82,82,Jul 8 (2),,NYM,"W,4-2",30,28,4,5,0,0,1,4,0,0,10,1,1,0,0,0,0,0,0.28,0.35,0.45,0.8,2,10,L,G.Rusch(66)
82,83,83,Jul 9,@,NYM,"L,0-2",34,30,0,7,1,0,0,0,4,0,11,0,0,0,0,1,0,3,0.279,0.35,0.448,0.798,7,15,L,M.Hampton(71)
83,84,84,Jul 13,,FLA,"L,9-11",47,38,9,12,3,0,1,9,8,0,8,0,0,1,0,0,0,0,0.28,0.351,0.449,0.799,11,10,R,B.Penny(44)
84,85,85,Jul 14,,FLA,"W,6-2",36,32,6,9,1,0,3,6,4,0,6,0,0,0,0,1,1,0,0.28,0.351,0.45,0.801,6,9,R,R.Dempster(33)
85,86,86,Jul 16,,PHI,"W,9-8",50,40,9,13,1,0,1,9,8,0,7,1,0,1,2,1,0,0,0.28,0.352,0.45,0.802,14,11,R,P.Byrd(60)
86,87,87,Jul 17,,PHI,"L,8-10",46,38,8,12,3,0,2,7,8,0,5,0,0,0,0,1,0,0,0.281,0.353,0.451,0.804,11,10,R,D.Coggin(38)
87,88,88,Jul 18,,PHI,"W,3-1",30,27,3,4,0,1,1,3,3,0,5,0,0,0,0,1,0,0,0.28,0.352,0.45,0.802,3,9,R,C.Schilling(64)
88,89,89,Jul 19,,DET,"W,9-1",39,34,9,11,2,1,2,8,4,0,9,1,0,0,1,2,1,0,0.28,0.353,0.452,0.805,6,13,R,H.Nomo(25)
89,90,90,Jul 20,,DET,"L,3-5",39,32,3,8,1,0,2,3,7,0,2,0,0,0,1,3,0,1,0.28,0.353,0.452,0.805,9,9,R,W.Blair(44)
90,91,91,Jul 21,,TBD,"W,11-1",44,39,11,17,3,0,1,11,4,0,7,1,0,0,0,2,1,0,0.282,0.355,0.454,0.809,9,13,R,E.Yan(17)
91,92,92,Jul 22,,TBD,"L,4-12",39,38,4,12,0,0,1,4,1,0,5,0,0,0,0,1,0,0,0.282,0.355,0.453,0.808,8,11,R,R.Rupe(52)
92,93,93,Jul 23,,TBD,"W,5-1",32,27,5,7,2,0,0,4,2,0,5,0,1,2,1,1,0,1,0.282,0.354,0.452,0.806,3,10,R,B.Rekar(50)
93,94,94,Jul 24,@,BAL,"W,4-3",36,32,4,5,1,0,1,3,3,0,10,0,0,1,1,0,0,0,0.281,0.353,0.451,0.803,5,12,L,J.Parrish(62)
94,95,95,Jul 25,@,BAL,"W,19-1",52,43,19,20,1,0,5,19,7,0,5,0,1,1,0,0,0,1,0.283,0.355,0.456,0.811,6,12,R,S.Erickson(9)
95,96,96,Jul 26,@,BAL,"W,4-1",37,34,4,8,3,1,0,4,3,0,6,0,0,0,0,0,0,0,0.283,0.355,0.455,0.81,6,9,R,S.Ponson(46)
96,97,97,Jul 27,@,MIN,"L,3-9",36,34,3,9,3,0,1,3,2,0,7,0,0,0,0,1,0,0,0.282,0.354,0.455,0.809,6,9,L,M.Redman(50)
97,98,98,Jul 28,@,MIN,"W,9-5",47,44,9,17,7,0,2,9,3,2,7,0,0,0,0,0,0,0,0.284,0.355,0.458,0.813,11,13,R,B.Radke(40)
98,99,99,Jul 29,@,MIN,"L,2-6",31,28,2,2,0,0,0,2,2,0,11,0,0,1,0,0,0,0,0.282,0.353,0.454,0.808,2,9,L,E.Milton(78)
99,100,100,Jul 30,@,MIN,"W,7-4",42,37,7,12,1,0,0,6,5,0,6,0,0,0,0,2,0,0,0.283,0.354,0.453,0.807,8,10,R,J.Mays(33)
100,101,101,Aug 1,,KCR,"W,5-4",41,31,5,9,2,0,1,5,10,1,6,0,0,0,0,1,6,1,0.283,0.355,0.453,0.808,12,10,R,D.Reichert(45)
101,102,102,Aug 2,,KCR,"L,1-4",35,26,1,2,0,0,0,1,7,0,5,1,0,1,0,1,0,1,0.281,0.354,0.451,0.805,7,9,R,B.Stein(73)
102,103,103,Aug 3,,KCR,"W,3-2",39,31,3,6,1,0,1,2,8,0,4,0,0,0,1,0,1,0,0.28,0.354,0.449,0.804,11,11,R,M.Suzuki(60)
103,104,104,Aug 4,,SEA,"W,13-6",43,39,13,16,5,0,2,13,3,0,6,1,0,0,1,1,2,0,0.282,0.356,0.452,0.808,6,11,L,J.Moyer(31)
104,105,105,Aug 5,,SEA,"L,5-6",37,37,5,10,3,0,2,5,0,0,5,0,0,0,0,0,0,0,0.282,0.355,0.453,0.808,5,10,R,A.Sele(52)
105,106,106,Aug 6,,SEA,"L,1-11",37,32,1,8,2,0,1,1,4,0,2,1,0,0,0,3,0,0,0.281,0.355,0.452,0.807,9,11,R,P.Abbott(62)
106,107,107,Aug 7,,SEA,"L,5-8",39,37,5,11,2,0,4,5,1,0,4,0,0,1,0,0,1,0,0.281,0.354,0.455,0.809,7,10,L,J.Halama(41)
107,108,108,Aug 8,,OAK,"W,4-3",32,29,4,6,1,0,2,3,3,1,5,0,0,0,1,2,0,0,0.281,0.354,0.454,0.808,4,12,L,B.Zito(63)
108,109,109,Aug 9,,OAK,"W,12-1",45,36,12,12,4,0,3,11,8,1,7,1,0,0,1,1,1,0,0.281,0.355,0.457,0.812,9,11,R,K.Appier(3)
109,110,110,Aug 10,,OAK,"W,12-6",44,36,12,15,5,0,2,11,6,1,3,0,0,2,0,1,0,0,0.283,0.356,0.459,0.816,8,12,L,M.Mulder(-4)
110,111,111,Aug 11,@,ANA,"L,3-8",40,37,3,11,2,0,1,3,3,0,10,0,0,0,0,1,1,0,0.283,0.356,0.459,0.815,10,10,L,S.Schoeneweis(53)
111,112,112,Aug 12,@,ANA,"L,6-9",39,35,6,10,3,0,3,6,4,0,7,0,0,0,0,1,0,0,0.283,0.356,0.461,0.817,6,11,L,K.Mercker(37)
112,113,113,Aug 13,@,ANA,"W,4-1",39,29,4,5,0,0,0,3,9,0,6,1,0,0,0,3,0,0,0.282,0.356,0.458,0.815,8,11,R,R.Ortiz(62)
113,114,114,Aug 14,@,TEX,"W,7-3",42,36,7,9,4,0,2,7,5,0,9,1,0,0,0,0,0,0,0.282,0.356,0.459,0.815,8,10,L,M.Perisho(37)
114,115,115,Aug 15,@,TEX,"W,10-2",47,41,10,17,3,0,3,10,5,0,5,0,1,0,0,2,0,0,0.283,0.358,0.462,0.819,10,12,L,D.Davis(9)
115,116,116,Aug 16,@,TEX,"L,0-5",34,30,0,4,2,0,0,0,4,0,7,0,0,0,0,1,1,0,0.282,0.357,0.46,0.816,7,11,R,B.Sikorski(70)
116,117,117,Aug 17,,ANA,"W,6-1",38,28,6,6,1,0,3,6,8,0,7,0,0,2,0,0,0,0,0.282,0.357,0.46,0.817,8,11,L,K.Mercker(54)
117,118,118,Aug 18,,ANA,"L,8-9",50,44,8,13,1,0,2,7,5,2,8,0,1,0,1,0,0,1,0.282,0.357,0.46,0.817,9,12,R,R.Ortiz(17)
118,119,119,Aug 19,,ANA,"W,9-1",43,32,9,11,1,0,3,9,6,0,1,2,0,3,2,1,0,0,0.282,0.358,0.462,0.82,10,11,R,B.Cooper(15)
119,120,120,Aug 20,,ANA,"L,4-5",39,35,4,9,3,0,1,4,4,0,8,0,0,0,1,0,1,1,0.282,0.358,0.462,0.819,8,12,R,M.Wise(49)
120,121,121,Aug 21,,TEX,"W,12-3",43,36,12,13,2,0,3,12,7,0,7,0,0,0,1,2,0,0,0.283,0.359,0.463,0.822,7,9,R,B.Sikorski(23)
121,122,122,Aug 22,,TEX,"L,4-5",35,32,4,6,3,0,2,4,3,0,9,0,0,0,0,0,0,1,0.282,0.358,0.463,0.821,4,10,R,R.Helling(50)
122,123,123,Aug 23,,TEX,"W,10-9",51,41,10,17,2,0,1,10,9,0,8,0,0,1,0,0,2,0,0.283,0.359,0.464,0.823,16,11,L,K.Rogers(21)
123,124,124,Aug 24,,TEX,"W,8-7",43,36,8,12,0,0,1,8,4,0,8,1,1,1,1,1,0,0,0.284,0.36,0.464,0.823,11,11,L,M.Perisho(12)
124,125,125,Aug 25,@,OAK,"L,1-8",34,30,1,5,0,0,0,1,4,0,9,0,0,0,0,1,0,1,0.283,0.359,0.462,0.821,6,9,R,K.Appier(76)
125,126,126,Aug 26,@,OAK,"W,10-6",44,39,10,14,2,2,1,10,4,0,5,0,0,1,0,0,1,0,0.283,0.36,0.463,0.822,7,10,L,M.Mulder(12)
126,127,127,Aug 27,@,OAK,"W,7-5",42,37,7,10,4,0,0,6,4,1,6,0,1,0,2,1,2,0,0.283,0.359,0.462,0.822,8,14,R,G.Heredia(49)
127,128,128,Aug 28,@,SEA,"W,9-1",42,33,9,10,1,0,1,8,7,1,3,1,0,1,0,1,2,1,0.283,0.36,0.462,0.822,6,10,R,P.Abbott(28)
128,129,129,Aug 29,@,SEA,"L,3-5",41,32,3,8,2,0,0,2,8,1,5,0,1,0,0,2,0,0,0.283,0.36,0.461,0.821,11,11,L,J.Moyer(45)
129,130,130,Aug 30,@,SEA,"W,5-4",43,34,5,10,4,0,0,4,6,1,6,2,0,1,0,1,0,0,0.283,0.361,0.46,0.821,11,11,R,A.Sele(32)
130,131,131,Sep 1,,MIN,"W,4-2",38,35,4,10,2,0,3,4,3,0,3,0,0,0,1,0,0,0,0.283,0.361,0.461,0.822,10,11,R,B.Radke(35)
131,132,132,Sep 2,,MIN,"W,13-4",39,29,13,11,1,0,3,11,8,0,5,1,0,1,0,2,3,0,0.284,0.362,0.463,0.825,5,12,L,E.Milton(22)
132,133,133,Sep 3,,MIN,"L,1-2",40,33,1,5,0,0,1,1,7,0,8,0,0,0,0,1,0,1,0.283,0.361,0.462,0.823,9,11,R,M.Kinney(63)
133,134,134,Sep 4,@,KCR,"W,4-3",36,32,4,8,3,0,0,4,3,1,7,0,0,1,0,1,0,0,0.283,0.361,0.461,0.822,5,10,R,M.Suzuki(45)
134,135,135,Sep 5,@,KCR,"W,10-5",48,40,10,17,2,0,3,9,6,1,5,0,0,2,0,1,2,1,0.284,0.362,0.463,0.825,11,10,R,J.Suppan(27)
135,136,136,Sep 6,@,KCR,"L,2-3",35,34,2,9,2,0,2,2,1,0,4,0,0,0,0,1,0,0,0.284,0.362,0.463,0.825,6,12,R,B.Meadows(64)
136,137,137,Sep 7,@,KCR,"W,7-3",43,33,7,7,1,0,1,6,10,0,6,0,0,0,1,2,0,0,0.283,0.362,0.462,0.824,9,12,R,D.Reichert(74)
137,138,138,Sep 8,@,BOS,"W,4-0",39,32,4,8,1,0,1,4,5,0,5,1,1,0,1,3,2,0,0.283,0.362,0.462,0.823,8,12,R,T.Ohka(59)
138,139,139,Sep 9,@,BOS,"W,5-3",37,34,5,7,1,0,2,5,3,0,10,0,0,0,2,1,0,1,0.283,0.361,0.461,0.822,5,11,R,P.Martinez(64)
139,140,140,Sep 10,@,BOS,"W,6-2",43,38,6,11,1,1,1,6,4,0,8,1,0,0,0,1,2,0,0.283,0.361,0.461,0.822,10,11,L,P.Schourek(39)
140,141,141,Sep 11,,BOS,"L,0-4",33,31,0,5,1,0,0,0,2,0,8,0,0,0,0,1,0,0,0.282,0.36,0.459,0.82,6,10,R,R.Arrojo(73)
141,142,142,Sep 12,,TOR,"W,10-2",39,32,10,11,2,1,1,10,7,1,2,0,0,0,0,1,1,1,0.282,0.361,0.46,0.821,5,11,R,J.Hamilton(25)
142,143,143,Sep 13,,TOR,"W,3-2",32,30,3,7,1,0,1,3,1,0,2,1,0,0,0,0,0,0,0.282,0.361,0.459,0.82,5,10,R,E.Loaiza(52)
143,144,144,Sep 14,,TOR,"L,2-3",43,42,2,11,1,0,2,2,1,1,6,0,0,0,0,0,0,1,0.282,0.36,0.459,0.819,8,12,L,D.Wells(66)
144,145,145,Sep 15,,CLE,"L,1-11",34,31,1,4,1,0,1,1,3,0,7,0,0,0,0,0,0,0,0.281,0.359,0.458,0.817,6,12,R,D.Burba(80)
145,146,146,Sep 16,,CLE,"W,6-3",42,35,6,12,3,1,2,6,6,0,7,1,0,0,0,0,0,1,0.281,0.36,0.459,0.819,12,11,R,J.Bere(27)
146,147,147,Sep 17,,CLE,"L,4-15",37,31,4,5,2,0,0,4,6,0,5,0,0,0,0,0,0,0,0.281,0.359,0.458,0.817,6,13,L,C.Finley(69)
147,148,148,Sep 18,,CLE,"L,0-2",29,28,0,1,0,0,0,0,1,0,13,0,0,0,1,1,0,0,0.279,0.358,0.456,0.814,2,10,R,B.Colon(97)
148,149,149,Sep 19,@,TOR,"L,3-16",32,30,3,4,2,0,2,3,2,0,8,0,0,0,0,0,0,0,0.278,0.357,0.455,0.812,2,11,R,S.Trachsel(60)
149,150,150,Sep 20,@,TOR,"L,2-7",37,34,2,9,2,0,0,1,3,0,7,0,0,0,2,3,0,1,0.278,0.357,0.454,0.811,8,9,R,E.Loaiza(65)
150,151,151,Sep 21,@,TOR,"L,1-3",31,31,1,5,0,0,1,1,0,0,8,0,0,0,0,1,0,0,0.278,0.356,0.453,0.809,3,9,L,D.Wells(81)
151,152,152,Sep 22,,DET,"L,6-9",42,35,6,9,2,0,0,6,5,0,12,1,0,1,0,0,1,0,0.277,0.356,0.452,0.808,9,9,R,H.Nomo(56)
152,153,153,Sep 23,,DET,"W,13-8",43,42,13,18,0,0,4,13,1,0,7,0,0,0,0,0,0,0,0.279,0.356,0.454,0.811,6,10,R,D.Mlicki(25)
153,154,154,Sep 24,,DET,"W,6-3",35,32,6,10,1,0,3,5,2,1,2,1,0,0,1,1,1,1,0.279,0.357,0.455,0.812,5,10,R,J.Weaver(45)
154,155,155,Sep 25,,DET,"L,4-15",40,38,4,11,3,0,1,4,2,0,7,0,0,0,0,0,0,0,0.279,0.356,0.455,0.812,9,16,R,S.Sparks(50)
155,156,156,Sep 26,@,TBD,"L,1-2",37,35,1,8,1,0,1,1,2,0,7,0,0,0,1,0,0,0,0.279,0.356,0.455,0.81,9,11,R,A.Lopez(72)
156,157,157,Sep 27,@,TBD,"L,1-11",35,33,1,7,1,0,0,1,2,0,5,0,0,0,0,0,1,0,0.278,0.355,0.453,0.809,7,9,R,C.Lidle(65)
157,158,158,Sep 28,@,TBD,"L,3-11",36,34,3,10,3,0,1,3,2,0,6,0,0,0,0,0,1,1,0.278,0.355,0.453,0.809,6,11,R,B.Rekar(60)
158,159,159,Sep 29,@,BAL,"L,2-13",36,31,2,6,1,0,0,2,2,0,4,2,0,1,1,1,0,0,0.278,0.355,0.452,0.807,7,13,L,C.McElroy(63)
159,160,160,Sep 30,@,BAL,"L,1-9",35,34,1,7,0,0,0,1,1,0,7,0,0,0,1,1,1,0,0.277,0.354,0.451,0.805,7,12,R,M.Mussina(63)
160,161,161,Oct 1,@,BAL,"L,3-7",40,33,3,9,2,0,0,3,6,0,9,0,1,0,0,1,0,1,0.277,0.354,0.45,0.804,10,13,R,J.Mercedes(48)
