,index,Rk,Gtm,Date,Unnamed: 3,Opp,Rslt,PA,AB,R,H,2B,3B,HR,RBI,BB,IBB,SO,HBP,SH,SF,ROE,GDP,SB,CS,BA,OBP,SLG,OPS,LOB,#,Thr,Opp. Starter (GmeSc)
0,0,1,1,Mar 31,,TEX,"W,8-2",35,32,8,9,0,2,1,7,3,0,13,0,0,0,0,0,0,0,0.281,0.343,0.5,0.843,3,10,L,M.Harrison(41)
1,1,2,2,Apr 2,,TEX,"L,0-7",29,29,0,2,0,0,0,0,0,0,15,0,0,0,0,0,0,0,0.18,0.219,0.295,0.514,2,10,R,Y.Darvish(96)
2,2,3,3,Apr 3,,TEX,"L,0-4",33,32,0,5,1,0,0,0,1,0,15,0,0,0,0,0,0,0,0.172,0.206,0.258,0.464,6,10,R,A.Ogando(74)
3,3,4,4,Apr 5,,OAK,"L,3-8",37,36,3,9,4,0,0,3,1,0,13,0,0,0,0,0,0,0,0.194,0.224,0.287,0.511,7,10,R,D.Straily(67)
4,4,5,5,Apr 6,,OAK,"L,3-6",34,34,3,8,0,0,1,3,0,0,4,0,0,0,0,1,0,0,0.202,0.226,0.294,0.521,4,9,R,B.Colon(46)
5,5,6,6,Apr 7,,OAK,"L,3-9",37,33,3,6,0,1,0,1,4,0,14,0,0,0,1,0,0,0,0.199,0.234,0.286,0.52,7,12,L,B.Anderson(66)
6,6,7,7,Apr 8,@,SEA,"L,0-3",34,33,0,7,0,0,0,0,1,0,8,0,0,0,0,1,0,0,0.201,0.234,0.275,0.509,7,10,L,J.Saunders(65)
7,7,8,8,Apr 9,@,SEA,"W,16-9",53,47,16,22,3,0,5,15,6,0,10,0,0,0,0,2,1,0,0.246,0.288,0.373,0.661,10,12,R,B.Maurer(15)
8,8,9,9,Apr 10,@,SEA,"W,8-3",42,40,8,16,6,0,3,8,1,0,9,0,0,1,0,0,0,1,0.266,0.302,0.424,0.726,7,10,R,B.Beavan(32)
9,9,10,10,Apr 12,@,LAA,"W,5-0",41,35,5,10,3,0,1,5,6,0,7,0,0,0,0,0,0,1,0.268,0.312,0.427,0.739,9,10,R,T.Hanson(31)
10,10,11,11,Apr 13,@,LAA,"L,4-5",34,30,4,4,1,0,1,4,3,0,5,0,1,0,0,0,0,0,0.257,0.304,0.415,0.719,3,11,R,G.Richards(49)
11,11,12,12,Apr 14,@,LAA,"L,1-4",38,33,1,7,2,0,0,1,5,0,8,0,0,0,0,0,0,0,0.254,0.305,0.403,0.708,10,12,L,C.Wilson(57)
12,12,13,13,Apr 15,@,OAK,"L,2-11",36,35,2,8,1,0,0,2,1,0,8,0,0,0,0,0,0,0,0.252,0.301,0.392,0.693,7,9,L,T.Milone(56)
13,13,14,14,Apr 16,@,OAK,"L,3-4",36,32,3,6,2,0,1,3,4,0,11,0,0,0,0,0,0,1,0.247,0.299,0.389,0.688,6,9,R,A.Griffin(60)
14,14,15,15,Apr 17,@,OAK,"L,5-7",37,36,5,11,2,0,2,5,1,0,7,0,0,0,0,1,3,0,0.251,0.301,0.398,0.699,5,10,R,B.Colon(63)
15,15,16,16,Apr 19,,CLE,"W,3-2",33,29,3,6,0,0,2,3,3,0,9,0,1,0,0,0,3,0,0.249,0.3,0.399,0.699,6,10,R,B.Myers(47)
16,16,17,17,Apr 20,,CLE,"L,6-19",41,37,6,11,3,0,2,6,3,0,10,1,0,0,0,0,0,0,0.252,0.304,0.408,0.712,8,10,L,S.Kazmir(21)
17,17,18,18,Apr 21,,CLE,"L,4-5",39,32,4,8,1,1,1,4,4,1,7,1,1,1,0,0,0,0,0.252,0.306,0.41,0.716,8,11,R,U.Jimenez(46)
18,18,19,19,Apr 22,,SEA,"L,1-7",34,33,1,7,3,0,1,1,1,0,12,0,0,0,0,0,0,0,0.25,0.303,0.409,0.712,6,9,R,F.Hernandez(70)
19,19,20,20,Apr 23,,SEA,"W,3-2",38,32,3,9,1,0,1,2,4,1,15,1,1,0,0,0,1,0,0.251,0.307,0.409,0.715,11,11,R,H.Iwakuma(53)
20,20,21,21,Apr 24,,SEA,"W,10-3",38,35,10,14,5,0,3,10,2,0,7,1,0,0,0,2,1,1,0.259,0.314,0.428,0.742,4,9,L,J.Saunders(13)
21,21,22,22,Apr 25,@,BOS,"L,2-7",34,32,2,7,2,0,0,1,2,0,11,0,0,0,0,2,1,0,0.257,0.311,0.422,0.733,5,9,R,C.Buchholz(67)
22,22,23,23,Apr 26,@,BOS,"L,3-7",38,32,3,7,5,0,0,3,3,0,14,1,0,2,0,0,0,0,0.255,0.311,0.42,0.73,8,9,R,R.Dempster(63)
23,23,24,24,Apr 27,@,BOS,"L,4-8",41,32,4,5,1,0,0,4,7,0,12,1,0,1,1,0,1,0,0.252,0.311,0.411,0.721,10,12,L,F.Doubront(58)
24,24,25,25,Apr 28,@,BOS,"L,1-6",37,35,1,7,1,0,0,1,2,0,4,0,0,0,1,0,0,0,0.249,0.308,0.403,0.711,9,9,R,J.Lackey(60)
25,25,26,26,Apr 29,@,NYY,"W,9-1",46,43,9,17,5,1,1,8,2,0,7,1,0,0,1,1,1,0,0.256,0.314,0.414,0.728,10,10,L,A.Pettitte(17)
26,26,27,27,Apr 30,@,NYY,"L,4-7",39,35,4,9,3,0,1,4,4,0,12,0,0,0,0,0,0,1,0.256,0.315,0.415,0.729,8,9,R,H.Kuroda(73)
27,28,28,28,May 1,@,NYY,"L,4-5",36,32,4,10,2,0,0,4,1,1,9,2,1,0,0,2,0,0,0.258,0.317,0.413,0.73,5,9,R,D.Phelps(41)
28,29,29,29,May 2,,DET,"L,3-7",49,47,3,6,1,0,2,3,2,0,18,0,0,0,1,0,0,1,0.252,0.31,0.407,0.717,4,11,R,R.Porcello(62)
29,30,30,30,May 3,,DET,"L,3-4",39,36,3,9,1,0,0,3,2,0,6,1,0,0,1,1,0,0,0.252,0.31,0.402,0.712,9,10,R,D.Fister(47)
30,31,31,31,May 4,,DET,"L,2-17",33,31,2,6,1,0,1,2,2,0,10,0,0,0,0,1,0,1,0.25,0.308,0.4,0.708,4,11,R,M.Scherzer(78)
31,32,32,32,May 5,,DET,"L,0-9",33,30,0,4,0,0,0,0,2,0,13,1,0,0,1,1,0,0,0.247,0.305,0.393,0.698,6,11,R,J.Verlander(80)
32,33,33,33,May 7,,LAA,"W,7-6",34,30,7,7,2,0,2,6,3,1,13,0,1,0,1,1,3,0,0.247,0.305,0.396,0.701,3,9,L,C.Wilson(51)
33,34,34,34,May 8,,LAA,"W,3-1",33,32,3,9,4,0,1,3,1,0,7,0,0,0,0,1,0,0,0.248,0.305,0.398,0.704,6,11,R,J.Blanton(52)
34,35,35,35,May 9,,LAA,"L,5-6",39,34,5,13,2,0,0,5,3,0,10,0,2,0,0,1,3,0,0.252,0.309,0.4,0.708,7,11,L,J.Vargas(34)
35,36,36,36,May 10,,TEX,"L,2-4",37,33,2,5,1,0,1,1,4,0,7,0,0,0,1,0,0,0,0.249,0.307,0.396,0.703,8,9,R,A.Ogando(50)
36,37,37,37,May 11,,TEX,"L,7-8",38,32,7,7,2,0,2,6,4,0,9,0,0,2,1,0,1,1,0.248,0.306,0.398,0.705,4,10,R,Y.Darvish(64)
37,38,38,38,May 12,,TEX,"L,7-12",39,37,7,9,0,0,3,7,2,0,12,0,0,0,1,0,0,0,0.248,0.306,0.401,0.706,5,11,R,N.Tepesch(67)
38,39,39,39,May 13,@,DET,"L,2-7",35,33,2,7,1,0,0,2,1,0,8,1,0,0,0,1,2,0,0.247,0.305,0.397,0.701,6,10,R,A.Sanchez(64)
39,40,40,40,May 14,@,DET,"L,2-6",32,31,2,5,2,0,0,2,0,0,11,0,0,1,0,0,0,0,0.245,0.301,0.393,0.694,3,9,R,D.Fister(66)
40,41,41,41,May 15,@,DET,"W,7-5",36,30,7,8,3,0,2,7,4,0,10,0,1,1,0,0,0,3,0.246,0.302,0.397,0.699,2,12,R,M.Scherzer(51)
41,42,42,42,May 17,@,PIT,"L,4-5",37,29,4,7,1,0,1,3,5,0,7,0,2,1,0,0,0,2,0.246,0.303,0.396,0.699,6,16,R,J.Gomez(39)
42,43,43,43,May 18,@,PIT,"W,4-2",45,38,4,10,1,0,0,4,6,1,9,0,1,0,0,4,0,0,0.246,0.305,0.393,0.698,8,16,R,A.Burnett(66)
43,44,44,44,May 19,@,PIT,"L,0-1",30,27,0,3,0,0,0,0,2,0,6,0,1,0,0,1,0,1,0.244,0.303,0.388,0.691,3,12,L,J.Locke(73)
44,45,45,45,May 20,,KCR,"W,6-5",37,30,6,9,1,0,2,6,5,1,3,0,1,1,0,0,0,0,0.245,0.304,0.391,0.696,7,11,R,J.Guthrie(26)
45,46,46,46,May 21,,KCR,"L,3-7",40,34,3,10,1,0,1,3,6,0,10,0,0,0,0,2,0,1,0.246,0.307,0.392,0.698,10,11,R,W.Davis(41)
46,47,47,47,May 22,,KCR,"W,3-1",32,31,3,8,2,0,1,3,1,0,8,0,0,0,1,1,1,0,0.246,0.306,0.392,0.698,5,10,R,J.Shields(62)
47,48,48,48,May 24,,OAK,"L,5-6",38,36,5,9,2,0,2,5,2,0,9,0,0,0,0,0,0,0,0.246,0.306,0.394,0.7,6,12,L,T.Milone(47)
48,49,49,49,May 25,,OAK,"L,5-11",38,37,5,9,1,0,4,5,1,0,9,0,0,0,1,0,0,0,0.246,0.305,0.398,0.703,6,9,R,A.Griffin(49)
49,50,50,50,May 26,,OAK,"L,2-6",38,36,2,12,1,0,0,2,1,0,9,0,0,1,0,2,0,0,0.248,0.306,0.398,0.703,9,9,R,B.Colon(68)
50,51,51,51,May 27,,COL,"W,3-2",48,42,3,9,4,0,0,3,5,1,14,0,1,0,1,1,2,0,0.247,0.306,0.395,0.701,10,12,R,J.Chacin(67)
51,52,52,52,May 28,,COL,"L,1-2",33,29,1,5,1,0,0,1,2,0,6,2,0,0,0,2,0,2,0.246,0.305,0.392,0.697,5,9,L,J.De La Rosa(65)
52,53,53,53,May 29,@,COL,"W,6-3",38,32,6,10,1,0,1,6,2,1,12,0,2,2,0,0,1,1,0.247,0.305,0.393,0.699,5,16,R,T.Chatwood(65)
53,54,54,54,May 30,@,COL,"W,7-5",41,35,7,11,2,0,2,6,4,0,7,1,1,0,0,1,0,0,0.248,0.307,0.396,0.703,7,13,R,J.Nicasio(33)
54,55,55,55,May 31,@,LAA,"W,6-3",41,37,6,11,1,1,1,5,2,0,4,0,0,2,1,0,2,0,0.249,0.308,0.397,0.705,8,10,R,T.Hanson(40)
55,57,56,56,Jun 1,@,LAA,"W,2-0",35,31,2,5,1,0,1,2,4,0,8,0,0,0,0,0,1,1,0.248,0.307,0.396,0.702,6,10,R,J.Williams(66)
56,58,57,57,Jun 2,@,LAA,"W,5-4",38,36,5,9,2,0,2,5,0,0,12,1,1,0,2,1,1,0,0.248,0.306,0.397,0.703,6,10,L,C.Wilson(63)
57,59,58,58,Jun 3,@,LAA,"W,2-1",30,28,2,3,1,0,1,2,0,0,12,0,1,1,1,0,0,0,0.246,0.303,0.395,0.698,1,10,R,J.Blanton(79)
58,60,59,59,Jun 4,,BAL,"L,1-4",33,30,1,5,0,0,1,1,2,0,11,1,0,0,0,2,1,0,0.245,0.302,0.393,0.695,5,9,R,C.Tillman(71)
59,61,60,60,Jun 5,,BAL,"W,11-7",40,36,11,14,2,0,6,11,4,0,9,0,0,0,0,0,0,1,0.247,0.305,0.403,0.708,5,9,R,F.Garcia(21)
60,62,61,61,Jun 6,,BAL,"L,1-3",34,30,1,6,1,0,0,1,1,1,10,1,1,1,1,2,1,0,0.247,0.304,0.4,0.704,6,11,R,M.Gonzalez(64)
61,63,62,62,Jun 7,@,KCR,"L,2-4",37,33,2,9,1,1,0,2,3,0,8,0,1,0,0,2,0,0,0.247,0.305,0.4,0.704,8,9,R,J.Shields(54)
62,64,63,63,Jun 8,@,KCR,"L,2-7",32,31,2,6,1,0,1,2,0,0,6,1,0,0,0,1,0,0,0.246,0.303,0.399,0.702,3,10,R,E.Santana(65)
63,65,64,64,Jun 9,@,KCR,"L,0-2",33,31,0,5,1,0,0,0,2,0,5,0,0,0,1,1,0,0,0.245,0.302,0.396,0.698,6,9,R,L.Mendoza(71)
64,66,65,65,Jun 10,@,SEA,"L,2-3",35,33,2,7,2,0,0,2,1,0,9,0,0,1,0,1,0,0,0.245,0.301,0.394,0.695,6,10,R,H.Iwakuma(74)
65,67,66,66,Jun 11,@,SEA,"L,0-4",30,30,0,2,0,0,0,0,0,0,10,0,0,0,1,0,0,0,0.242,0.298,0.389,0.688,3,9,R,A.Harang(93)
66,68,67,67,Jun 12,@,SEA,"W,6-1",40,33,6,8,3,0,0,6,6,2,7,0,1,0,0,0,1,1,0.242,0.299,0.389,0.688,7,11,R,J.Bonderman(79)
67,69,68,68,Jun 14,,CHW,"W,2-1",32,31,2,6,0,0,0,1,1,0,14,0,0,0,1,0,3,0,0.241,0.298,0.386,0.684,6,9,L,C.Sale(79)
68,70,69,69,Jun 15,,CHW,"W,4-3",30,28,4,6,3,0,2,4,1,0,7,1,0,0,0,1,0,1,0.241,0.298,0.388,0.685,2,9,L,J.Danks(50)
69,71,70,70,Jun 16,,CHW,"W,5-4",35,31,5,7,2,0,1,5,4,0,10,0,0,0,1,0,1,1,0.241,0.298,0.388,0.686,6,10,L,H.Santiago(50)
70,72,71,71,Jun 17,,CHW,"L,2-4",38,35,2,8,2,0,0,2,3,1,12,0,0,0,0,0,4,0,0.241,0.298,0.386,0.684,9,9,L,J.Quintana(48)
71,73,72,72,Jun 18,,MIL,"W,10-1",41,34,10,8,1,0,2,10,3,0,8,1,1,1,2,0,0,0,0.241,0.298,0.387,0.685,7,10,R,A.Figaro(36)
72,74,73,73,Jun 19,,MIL,"L,1-3",36,33,1,10,0,0,0,1,2,0,10,0,0,1,0,0,3,1,0.241,0.298,0.386,0.684,8,9,R,K.Lohse(59)
73,75,74,74,Jun 20,,MIL,"W,7-4",42,39,7,9,4,0,2,7,2,0,10,1,0,0,1,0,0,0,0.241,0.298,0.387,0.686,7,11,R,Y.Gallardo(65)
74,76,75,75,Jun 21,@,CHC,"L,1-3",32,30,1,4,1,0,1,1,2,0,9,0,0,0,1,2,0,0,0.24,0.297,0.386,0.683,4,14,R,M.Garza(76)
75,77,76,76,Jun 22,@,CHC,"W,4-3",36,30,4,6,2,0,1,4,2,0,7,1,3,0,1,1,1,0,0.24,0.297,0.386,0.682,5,13,L,T.Wood(54)
76,78,77,77,Jun 23,@,CHC,"L,6-14",41,40,6,13,5,0,0,4,1,0,6,0,0,0,1,1,0,0,0.241,0.297,0.387,0.684,8,14,R,J.Samardzija(50)
77,79,78,78,Jun 25,,STL,"L,5-13",36,31,5,6,2,1,1,5,3,0,5,0,1,1,0,0,0,0,0.24,0.297,0.387,0.684,4,11,R,J.Westbrook(49)
78,80,79,79,Jun 26,,STL,"W,4-3",34,30,4,5,1,0,0,4,4,0,5,0,0,0,0,0,0,0,0.239,0.296,0.385,0.681,6,10,R,L.Lynn(53)
79,81,80,80,Jun 28,,LAA,"L,2-4",36,29,2,7,1,0,1,2,5,0,6,1,0,1,0,1,1,2,0.24,0.297,0.385,0.682,7,12,R,J.Williams(59)
80,82,81,81,Jun 29,,LAA,"L,2-7",33,31,2,4,1,0,1,2,2,0,10,0,0,0,0,0,0,0,0.238,0.296,0.383,0.679,4,9,R,J.Blanton(67)
81,83,82,82,Jun 30,,LAA,"L,1-3",35,31,1,5,0,0,0,0,4,0,12,0,0,0,0,1,1,0,0.237,0.296,0.381,0.676,7,10,L,C.Wilson(76)
82,85,83,83,Jul 1,,TBR,"L,0-12",30,27,0,2,0,0,0,0,3,0,11,0,0,0,0,2,0,0,0.236,0.294,0.378,0.672,3,12,L,M.Moore(79)
83,86,84,84,Jul 2,,TBR,"L,0-8",30,29,0,4,0,0,0,0,0,0,12,1,0,0,0,1,0,1,0.235,0.293,0.375,0.668,3,10,L,D.Price(81)
84,87,85,85,Jul 3,,TBR,"W,4-1",30,29,4,7,2,0,2,4,0,0,3,0,1,0,0,0,0,1,0.235,0.292,0.377,0.669,2,10,R,R.Hernandez(53)
85,88,86,86,Jul 4,,TBR,"L,5-7",45,35,5,5,0,0,2,5,8,0,11,1,0,1,0,2,3,0,0.234,0.293,0.376,0.669,7,11,R,C.Archer(62)
86,89,87,87,Jul 5,@,TEX,"L,5-10",37,35,5,10,3,0,0,4,2,0,10,0,0,0,1,2,1,0,0.234,0.293,0.376,0.669,5,10,R,N.Tepesch(45)
87,90,88,88,Jul 6,@,TEX,"W,9-5",44,38,9,11,2,0,3,9,5,1,10,1,0,0,0,0,1,0,0.235,0.294,0.379,0.673,8,10,R,Y.Darvish(42)
88,91,89,89,Jul 7,@,TEX,"L,4-5",34,32,4,8,0,0,1,3,2,0,9,0,0,0,0,0,2,2,0.235,0.294,0.378,0.673,3,11,R,J.Grimm(36)
89,92,90,90,Jul 9,@,STL,"L,5-9",40,35,5,8,1,0,0,5,4,0,12,1,0,0,0,0,0,0,0.235,0.295,0.377,0.672,8,14,R,A.Wainwright(71)
90,93,91,91,Jul 10,@,STL,"L,4-5",43,37,4,10,1,0,1,4,6,0,11,0,0,0,2,2,0,0,0.236,0.296,0.377,0.673,12,15,R,S.Miller(45)
91,94,92,92,Jul 12,@,TBR,"W,2-1",32,32,2,8,1,0,0,2,0,0,3,0,0,0,0,2,0,1,0.236,0.295,0.376,0.671,3,9,L,D.Price(66)
92,95,93,93,Jul 13,@,TBR,"L,3-4",32,31,3,6,2,0,1,3,1,0,10,0,0,0,0,1,0,0,0.235,0.295,0.376,0.67,2,9,R,R.Hernandez(53)
93,96,94,94,Jul 14,@,TBR,"L,0-5",30,30,0,5,1,0,0,0,0,0,8,0,0,0,0,1,0,0,0.235,0.293,0.374,0.668,3,9,R,C.Archer(85)
94,97,95,95,Jul 19,,SEA,"L,7-10",45,41,7,16,2,2,2,7,4,0,8,0,0,0,0,1,0,0,0.237,0.295,0.378,0.674,11,10,L,J.Saunders(41)
95,98,96,96,Jul 20,,SEA,"L,2-4",36,32,2,7,3,0,0,2,3,0,9,0,0,1,0,1,0,0,0.236,0.295,0.377,0.673,7,10,R,H.Iwakuma(60)
96,99,97,97,Jul 21,,SEA,"L,5-12",41,36,5,9,1,0,0,3,3,0,12,1,0,1,1,1,0,0,0.237,0.296,0.376,0.672,9,11,R,F.Hernandez(70)
97,100,98,98,Jul 22,,OAK,"L,3-4",34,32,3,6,2,0,0,3,2,0,11,0,0,0,1,1,3,1,0.236,0.295,0.375,0.67,4,10,L,T.Milone(52)
98,101,99,99,Jul 23,,OAK,"W,5-4",38,32,5,8,2,0,1,4,3,0,5,1,1,1,1,0,1,0,0.236,0.295,0.375,0.671,8,11,R,J.Parker(63)
99,102,100,100,Jul 24,,OAK,"L,3-4",36,34,3,7,1,0,2,3,1,0,11,1,0,0,0,0,1,0,0.236,0.295,0.376,0.671,6,10,R,A.Griffin(57)
100,103,101,101,Jul 25,@,TOR,"L,0-4",31,27,0,2,1,0,0,0,2,0,9,1,1,0,0,0,0,1,0.235,0.294,0.374,0.667,4,9,L,M.Buehrle(90)
101,104,102,102,Jul 26,@,TOR,"L,6-12",42,36,6,11,4,0,1,5,4,0,11,1,1,0,0,1,1,0,0.235,0.295,0.375,0.67,9,11,R,R.Dickey(44)
102,105,103,103,Jul 27,@,TOR,"W,8-6",39,34,8,8,0,0,3,8,4,0,14,1,0,0,0,0,3,1,0.235,0.295,0.376,0.671,4,10,R,J.Johnson(33)
103,106,104,104,Jul 28,@,TOR,"L,1-2",33,31,1,5,0,0,1,1,2,0,14,0,0,0,0,1,4,0,0.235,0.295,0.375,0.67,5,9,R,T.Redmond(70)
104,107,105,105,Jul 30,@,BAL,"L,3-4",35,33,3,7,1,0,0,2,1,0,10,0,1,0,0,0,2,0,0.235,0.294,0.374,0.668,5,11,L,W.Chen(60)
105,108,106,106,Jul 31,@,BAL,"W,11-0",46,42,11,15,3,0,3,10,3,0,10,0,1,0,1,0,0,0,0.236,0.295,0.377,0.672,8,10,R,M.Gonzalez(20)
106,110,107,107,Aug 1,@,BAL,"L,3-6",35,31,3,6,1,0,2,3,3,0,8,1,0,0,0,1,0,0,0.236,0.295,0.377,0.673,5,9,R,B.Norris(62)
107,111,108,108,Aug 2,@,MIN,"L,3-4",48,41,3,7,2,0,0,3,5,0,11,1,1,0,0,1,1,1,0.235,0.295,0.376,0.671,6,10,R,S.Deduno(56)
108,112,109,109,Aug 3,@,MIN,"L,4-6",39,37,4,10,2,0,1,4,2,0,12,0,0,0,0,0,2,0,0.235,0.295,0.376,0.671,8,9,R,K.Gibson(26)
109,113,110,110,Aug 4,@,MIN,"L,2-3",40,35,2,9,0,0,0,2,5,0,8,0,0,0,0,0,2,0,0.235,0.296,0.375,0.67,11,11,R,M.Pelfrey(46)
110,114,111,111,Aug 5,,BOS,"W,2-0",33,29,2,8,2,0,0,2,3,0,12,0,1,0,0,0,6,2,0.236,0.296,0.375,0.671,7,9,R,J.Lackey(56)
111,115,112,112,Aug 6,,BOS,"L,10-15",41,35,10,11,0,1,3,8,4,0,8,1,1,0,0,1,2,1,0.236,0.297,0.377,0.674,4,11,R,S.Wright(38)
112,116,113,113,Aug 7,,BOS,"L,5-7",34,33,5,8,3,0,1,5,0,0,12,0,0,1,0,1,0,0,0.237,0.296,0.377,0.674,2,9,R,R.Dempster(45)
113,117,114,114,Aug 9,,TEX,"L,5-9",40,36,5,9,3,0,2,5,3,0,12,1,0,0,0,0,0,0,0.237,0.297,0.379,0.675,8,10,R,M.Garza(54)
114,118,115,115,Aug 10,,TEX,"L,4-5",39,32,4,8,1,0,1,3,5,0,8,0,1,1,1,1,2,0,0.237,0.297,0.378,0.676,8,10,L,D.Holland(52)
115,119,116,116,Aug 11,,TEX,"L,1-6",32,29,1,4,1,0,1,1,2,0,8,1,0,0,0,1,0,0,0.236,0.297,0.378,0.674,4,9,L,M.Perez(81)
116,120,117,117,Aug 12,,TEX,"L,1-2",29,28,1,1,0,0,1,1,1,0,16,0,0,0,0,0,1,0,0.235,0.295,0.376,0.671,1,9,R,Y.Darvish(90)
117,121,118,118,Aug 13,@,OAK,"W,5-4",40,37,5,11,5,0,0,4,2,0,8,0,0,1,1,1,2,0,0.235,0.295,0.377,0.672,8,9,R,B.Colon(30)
118,122,119,119,Aug 14,@,OAK,"W,2-1",41,40,2,11,1,0,1,2,1,0,10,0,0,0,0,1,0,2,0.236,0.295,0.377,0.672,6,12,R,J.Parker(68)
119,123,120,120,Aug 15,@,OAK,"L,0-5",34,32,0,5,2,0,0,0,2,0,10,0,0,0,0,0,0,0,0.235,0.295,0.375,0.67,7,9,R,S.Gray(82)
120,124,121,121,Aug 16,@,LAA,"W,8-2",45,38,8,13,2,1,2,8,6,1,8,0,0,1,0,1,1,0,0.236,0.296,0.377,0.673,10,9,R,J.Williams(42)
121,125,122,122,Aug 17,@,LAA,"L,5-6",40,40,5,14,1,0,1,4,0,0,13,0,0,0,0,2,0,1,0.237,0.296,0.378,0.675,5,9,R,G.Richards(35)
122,126,123,123,Aug 18,@,LAA,"W,7-5",44,37,7,12,1,0,2,6,4,1,8,1,1,1,0,1,1,0,0.238,0.297,0.379,0.677,10,9,L,J.Vargas(42)
123,127,124,124,Aug 19,@,TEX,"L,5-16",37,35,5,9,5,0,0,5,2,0,10,0,0,0,0,1,0,0,0.238,0.297,0.38,0.677,5,11,R,M.Garza(45)
124,128,125,125,Aug 20,@,TEX,"L,2-4",33,32,2,6,0,0,1,2,1,0,10,0,0,0,1,1,0,0,0.238,0.297,0.379,0.675,4,9,L,T.Blackley(49)
125,129,126,126,Aug 21,@,TEX,"L,4-5",39,32,4,8,1,0,1,3,5,0,8,2,0,0,0,2,0,1,0.238,0.297,0.379,0.676,8,11,L,D.Holland(58)
126,130,127,127,Aug 23,,TOR,"W,12-4",42,36,12,15,3,3,2,10,5,0,12,0,0,1,0,1,1,0,0.239,0.299,0.383,0.682,6,12,R,T.Redmond(17)
127,131,128,128,Aug 24,,TOR,"W,8-5",36,34,8,8,4,0,2,7,2,0,6,0,0,0,2,0,1,0,0.239,0.299,0.384,0.683,4,9,R,C.Wang(35)
128,132,129,129,Aug 25,,TOR,"L,1-2",36,32,1,8,0,0,0,0,4,0,7,0,0,0,0,1,1,2,0.239,0.299,0.383,0.682,8,12,L,M.Buehrle(69)
129,133,130,130,Aug 26,@,CHW,"W,10-8",43,37,10,13,2,0,5,7,4,0,9,0,2,0,0,0,0,0,0.24,0.3,0.386,0.687,6,9,R,A.Rienzo(31)
130,134,131,131,Aug 27,@,CHW,"L,3-4",38,35,3,10,2,0,0,3,3,0,10,0,0,0,0,2,1,0,0.241,0.3,0.386,0.687,8,9,L,J.Quintana(56)
131,135,132,132,Aug 28,@,CHW,"L,1-6",32,30,1,5,1,0,1,1,2,0,13,0,0,0,0,1,0,1,0.24,0.3,0.385,0.685,4,9,L,C.Sale(80)
132,136,133,133,Aug 29,,SEA,"L,2-3",34,31,2,5,2,0,1,2,3,0,11,0,0,0,0,1,0,0,0.24,0.299,0.385,0.685,5,10,R,E.Ramirez(56)
133,137,134,134,Aug 30,,SEA,"L,1-7",32,31,1,4,1,0,0,0,1,0,4,0,0,0,1,1,0,0,0.239,0.299,0.384,0.682,4,9,R,T.Walker(62)
134,138,135,135,Aug 31,,SEA,"L,1-3",38,33,1,8,0,0,0,0,5,0,6,0,0,0,0,1,1,2,0.239,0.299,0.382,0.681,10,11,L,J.Saunders(53)
135,140,136,136,Sep 1,,SEA,"W,2-0",34,33,2,9,3,0,0,2,1,0,7,0,0,0,0,0,0,0,0.239,0.299,0.382,0.681,8,11,R,H.Iwakuma(71)
136,141,137,137,Sep 2,,MIN,"L,6-10",40,37,6,13,3,0,0,6,3,0,10,0,0,0,0,0,2,2,0.24,0.3,0.383,0.682,7,10,L,A.Albers(19)
137,142,138,138,Sep 3,,MIN,"L,6-9",46,41,6,10,0,0,2,6,4,0,7,1,0,0,0,3,0,1,0.24,0.3,0.383,0.683,4,12,L,P.Hernandez(55)
138,143,139,139,Sep 4,,MIN,"W,6-5",39,35,6,12,3,0,0,6,2,0,5,0,1,1,0,0,1,1,0.241,0.3,0.383,0.684,8,9,R,L.Hendriks(32)
139,144,140,140,Sep 5,@,OAK,"W,3-2",35,34,3,8,1,0,0,2,1,0,9,0,0,0,0,0,1,0,0.241,0.3,0.382,0.682,5,10,R,S.Gray(64)
140,145,141,141,Sep 6,@,OAK,"L,5-7",41,38,5,11,3,0,0,5,1,0,15,1,1,0,1,0,1,0,0.241,0.3,0.382,0.682,9,12,R,A.Griffin(50)
141,146,142,142,Sep 7,@,OAK,"L,1-2",31,30,1,5,2,0,0,1,1,0,7,0,0,0,0,0,1,1,0.241,0.3,0.381,0.681,3,12,R,D.Straily(79)
142,147,143,143,Sep 8,@,OAK,"L,2-7",37,34,2,8,2,0,0,2,3,0,10,0,0,0,1,2,1,0,0.241,0.3,0.381,0.68,8,11,R,B.Colon(64)
143,148,144,144,Sep 9,@,SEA,"W,6-4",40,35,6,8,3,0,0,5,4,0,12,0,0,1,0,0,2,0,0.241,0.3,0.38,0.68,7,14,R,T.Walker(56)
144,149,145,145,Sep 10,@,SEA,"W,13-2",51,44,13,17,8,0,2,13,6,0,12,1,0,0,0,0,5,0,0.242,0.301,0.383,0.684,11,10,L,J.Saunders(25)
145,150,146,146,Sep 11,@,SEA,"W,6-1",38,37,6,11,3,0,0,6,1,0,10,0,0,0,0,0,1,1,0.242,0.301,0.383,0.684,5,11,R,B.Maurer(28)
146,151,147,147,Sep 13,,LAA,"W,9-7",37,33,9,14,0,0,2,9,2,0,7,2,0,0,0,1,0,3,0.243,0.303,0.385,0.687,4,10,L,J.Vargas(17)
147,152,148,148,Sep 14,,LAA,"L,2-6",37,36,2,9,0,0,1,2,1,0,9,0,0,0,0,0,0,0,0.244,0.302,0.384,0.687,8,9,R,J.Weaver(56)
148,153,149,149,Sep 15,,LAA,"L,1-2",35,32,1,7,0,0,1,1,1,0,7,1,1,0,1,2,0,0,0.243,0.302,0.384,0.686,7,11,R,J.Williams(66)
149,154,150,150,Sep 16,,CIN,"L,1-6",34,33,1,7,2,0,0,1,1,0,8,0,0,0,0,1,0,0,0.243,0.302,0.383,0.685,6,9,R,J.Cueto(61)
150,155,151,151,Sep 17,,CIN,"L,0-10",33,30,0,5,1,0,0,0,2,0,8,1,0,0,1,2,0,0,0.243,0.301,0.382,0.683,6,14,R,M.Leake(76)
151,156,152,152,Sep 18,,CIN,"L,5-6",60,46,5,13,5,0,1,5,9,2,8,2,2,1,0,1,0,1,0.243,0.303,0.383,0.685,16,16,R,G.Reynolds(44)
152,157,153,153,Sep 19,@,CLE,"L,1-2",41,38,1,9,3,0,0,1,1,0,13,1,0,1,0,0,0,1,0.243,0.302,0.382,0.684,7,13,R,U.Jimenez(70)
153,158,154,154,Sep 20,@,CLE,"L,1-2",25,23,1,4,0,1,1,1,2,0,7,0,0,0,0,1,0,1,0.243,0.302,0.382,0.684,3,9,R,Z.McAllister(56)
154,159,155,155,Sep 21,@,CLE,"L,1-4",33,31,1,5,1,0,1,1,2,0,12,0,0,0,0,1,0,0,0.242,0.302,0.382,0.683,5,12,L,S.Kazmir(78)
155,160,156,156,Sep 22,@,CLE,"L,2-9",35,33,2,9,2,0,1,1,2,0,12,0,0,0,0,1,0,1,0.242,0.302,0.382,0.683,6,9,R,C.Kluber(53)
156,161,157,157,Sep 23,@,TEX,"L,0-12",33,32,0,6,0,0,0,0,1,0,9,0,0,0,0,0,0,0,0.242,0.301,0.381,0.682,6,14,L,D.Holland(83)
157,162,158,158,Sep 24,@,TEX,"L,2-3",38,32,2,6,0,0,1,2,5,0,15,0,0,1,0,0,1,0,0.242,0.301,0.38,0.681,9,11,R,Y.Darvish(57)
158,163,159,159,Sep 25,@,TEX,"L,3-7",37,35,3,8,1,0,1,3,2,0,12,0,0,0,0,0,0,0,0.242,0.301,0.38,0.681,7,12,L,M.Perez(60)
159,164,160,160,Sep 27,,NYY,"L,2-3",36,31,2,5,1,0,0,2,5,0,7,0,0,0,0,0,1,1,0.241,0.301,0.379,0.679,7,11,R,A.Warren(66)
160,165,161,161,Sep 28,,NYY,"L,1-2",32,30,1,5,1,0,0,1,2,0,5,0,0,0,0,2,0,0,0.241,0.3,0.378,0.678,4,10,L,A.Pettitte(76)
161,166,162,162,Sep 29,,NYY,"L,1-5",48,46,1,4,1,0,0,1,2,0,19,0,0,0,0,0,0,0,0.24,0.299,0.375,0.674,5,11,L,D.Huff(64)
